Id,Target,Predicted
00070df0-bbc3-11e8-b2bc-ac1f6b6435d0,16 0,16
000a6c98-bb9b-11e8-b2b9-ac1f6b6435d0,7 1 2 0,0 1 2 7
000a9596-bbc4-11e8-b2bc-ac1f6b6435d0,5,5
000c99ba-bba4-11e8-b2b9-ac1f6b6435d0,1,1
001838f8-bbca-11e8-b2bc-ac1f6b6435d0,18,18
001bcdd2-bbb2-11e8-b2ba-ac1f6b6435d0,0,0 20
0020af02-bbba-11e8-b2ba-ac1f6b6435d0,25 2,2 25
002679c2-bbb6-11e8-b2ba-ac1f6b6435d0,0,0
00285ce4-bba0-11e8-b2b9-ac1f6b6435d0,2 0,0 2
002daad6-bbc9-11e8-b2bc-ac1f6b6435d0,7,7
002ff91e-bbb8-11e8-b2ba-ac1f6b6435d0,23,5 23
00301238-bbb2-11e8-b2ba-ac1f6b6435d0,21,13 21
0032a07e-bba9-11e8-b2ba-ac1f6b6435d0,24 0,0 24
00344514-bbc2-11e8-b2bb-ac1f6b6435d0,23,6 23
00357b1e-bba9-11e8-b2ba-ac1f6b6435d0,6 2,2 6
00383b44-bbbb-11e8-b2ba-ac1f6b6435d0,25,25
0038d6a6-bb9a-11e8-b2b9-ac1f6b6435d0,25 0,5 25
003957a8-bbb7-11e8-b2ba-ac1f6b6435d0,25,25
003feb6e-bbca-11e8-b2bc-ac1f6b6435d0,0,0
0042017c-bba4-11e8-b2b9-ac1f6b6435d0,25 11,11 25
00456fd2-bb9b-11e8-b2b9-ac1f6b6435d0,7 1 2 0,0 1 2 7
0047c984-bba6-11e8-b2ba-ac1f6b6435d0,11,11
00481c70-bba3-11e8-b2b9-ac1f6b6435d0,25 2,2 6 25
004a2b84-bbc4-11e8-b2bc-ac1f6b6435d0,25 0,25
004b47de-bbca-11e8-b2bc-ac1f6b6435d0,25 3,3
004bf4c6-bbc6-11e8-b2bc-ac1f6b6435d0,16 6,6
004d8a0e-bbc4-11e8-b2bc-ac1f6b6435d0,25 2,2 21 25
004efaa2-bba5-11e8-b2ba-ac1f6b6435d0,23,23
004f7c66-bb9b-11e8-b2b9-ac1f6b6435d0,25,25
004f8abc-bbb9-11e8-b2ba-ac1f6b6435d0,12 0,0
00508c34-bbb7-11e8-b2ba-ac1f6b6435d0,3 0,0 3
0051ccbc-bbbb-11e8-b2ba-ac1f6b6435d0,13,13
00520f22-bb9a-11e8-b2b9-ac1f6b6435d0,14 2 0,2 14
0058c62c-bbbe-11e8-b2ba-ac1f6b6435d0,12,12
005a103a-bbc4-11e8-b2bc-ac1f6b6435d0,25 13 21,13 21 25
005a78ec-bbae-11e8-b2ba-ac1f6b6435d0,7,7
005ccb94-bbca-11e8-b2bc-ac1f6b6435d0,2,2
0060269e-bbbc-11e8-b2ba-ac1f6b6435d0,25 4,4 25
00626a32-bbab-11e8-b2ba-ac1f6b6435d0,23,23
0062719a-bbbe-11e8-b2ba-ac1f6b6435d0,25 23,23
00638dd0-bbac-11e8-b2ba-ac1f6b6435d0,20,20
0065e36c-bba4-11e8-b2b9-ac1f6b6435d0,2 0,0 2
0067a7c0-bbb7-11e8-b2ba-ac1f6b6435d0,1 0,0 1
0067c712-bba0-11e8-b2b9-ac1f6b6435d0,25 0,0 16 17 25
0067cae4-bb9d-11e8-b2b9-ac1f6b6435d0,0,0
0067f542-bba1-11e8-b2b9-ac1f6b6435d0,23 0,0 23
006a8c72-bbc8-11e8-b2bc-ac1f6b6435d0,5,0 5
006cde8a-bbbb-11e8-b2ba-ac1f6b6435d0,21,21
006f3dde-bbc9-11e8-b2bc-ac1f6b6435d0,22 0 21,22
006f5b04-bbb3-11e8-b2ba-ac1f6b6435d0,3,3
00716b36-bba6-11e8-b2ba-ac1f6b6435d0,14,14
0072d080-bbaf-11e8-b2ba-ac1f6b6435d0,18 0,0 18
0074cfce-bbab-11e8-b2ba-ac1f6b6435d0,25 18,18 19 25
00751f10-bbab-11e8-b2ba-ac1f6b6435d0,0,0
007811e6-bbbc-11e8-b2ba-ac1f6b6435d0,2,2
007c0304-bbbd-11e8-b2ba-ac1f6b6435d0,11 5,25
007d009a-bb9c-11e8-b2b9-ac1f6b6435d0,23 0,0 23
00822d20-bbc1-11e8-b2bb-ac1f6b6435d0,12 25 21,25
00855996-bbad-11e8-b2ba-ac1f6b6435d0,0,0
008761b4-bbad-11e8-b2ba-ac1f6b6435d0,16 14 17,14
00884f46-bbc3-11e8-b2bc-ac1f6b6435d0,0 21,0 19 25
0088a1b6-bbb5-11e8-b2ba-ac1f6b6435d0,11,11
0089bdfe-bbc8-11e8-b2bc-ac1f6b6435d0,0 21,0 25
008a780e-bb9e-11e8-b2b9-ac1f6b6435d0,21,25
008a8630-bb9b-11e8-b2b9-ac1f6b6435d0,23,23
008b8e7c-bbb4-11e8-b2ba-ac1f6b6435d0,1 0,0 1
0092d59c-bba5-11e8-b2ba-ac1f6b6435d0,18,18
00934176-bbaf-11e8-b2ba-ac1f6b6435d0,25 21,21 25
0093f39a-bbc9-11e8-b2bc-ac1f6b6435d0,25,25
0097150a-bbc1-11e8-b2bb-ac1f6b6435d0,23 0,7
00984a2c-bbaa-11e8-b2ba-ac1f6b6435d0,25 3,3 25
00986cb0-bbae-11e8-b2ba-ac1f6b6435d0,5 0,5
009b8c20-bbc6-11e8-b2bc-ac1f6b6435d0,7,7
009c104e-bbc8-11e8-b2bc-ac1f6b6435d0,25 0,0
009d30e6-bbb4-11e8-b2ba-ac1f6b6435d0,0 21,0 21
009e88e0-bbc5-11e8-b2bc-ac1f6b6435d0,2,2
00a71d92-bbb2-11e8-b2ba-ac1f6b6435d0,21,21 25
00ab10d6-bba4-11e8-b2b9-ac1f6b6435d0,22 6,21 22
00ab56c8-bbad-11e8-b2ba-ac1f6b6435d0,7 14 0,0 7
00ad4b4c-bbc4-11e8-b2bc-ac1f6b6435d0,21,21
00ae0ea6-bb9c-11e8-b2b9-ac1f6b6435d0,25,25
00b1b8b8-bba5-11e8-b2ba-ac1f6b6435d0,2,2
00b3659a-bbb0-11e8-b2ba-ac1f6b6435d0,5 0,0 2 5
00b580c6-bbb2-11e8-b2ba-ac1f6b6435d0,0,0 25
00b5ec5e-bbb8-11e8-b2ba-ac1f6b6435d0,19,19
00b6c386-bba9-11e8-b2ba-ac1f6b6435d0,7,7
00b8087a-bbc4-11e8-b2bc-ac1f6b6435d0,0 21,0 25
00b9bdcc-bbca-11e8-b2bc-ac1f6b6435d0,6,25
00bd4376-bbbf-11e8-b2ba-ac1f6b6435d0,7,0 19
00c15ef6-bba7-11e8-b2ba-ac1f6b6435d0,25 0,0 23
00c3f3fc-bbbe-11e8-b2ba-ac1f6b6435d0,12 25,12
00c58890-bbbc-11e8-b2ba-ac1f6b6435d0,25,25
00c76b88-bbb2-11e8-b2ba-ac1f6b6435d0,0,0
00c9616e-bba7-11e8-b2ba-ac1f6b6435d0,3,3
00c96be4-bbb8-11e8-b2ba-ac1f6b6435d0,5,5
00ca1a3a-bbc7-11e8-b2bc-ac1f6b6435d0,23,23
00cb9586-bbc2-11e8-b2bb-ac1f6b6435d0,3,3
00d315a6-bbac-11e8-b2ba-ac1f6b6435d0,7 0,0 7
00d4f904-bbb4-11e8-b2ba-ac1f6b6435d0,1 4 2 0,0 1 2
00d693c0-bbbb-11e8-b2ba-ac1f6b6435d0,23,23
00d7d192-bbb9-11e8-b2ba-ac1f6b6435d0,7 0,0 7
00db5f9e-bbc1-11e8-b2bb-ac1f6b6435d0,25 2 0 21,0 2 21 25
00dd1766-bbae-11e8-b2ba-ac1f6b6435d0,25 1 2 21,1 25
00df1310-bbca-11e8-b2bc-ac1f6b6435d0,6,6
00e77c9c-bbc2-11e8-b2bb-ac1f6b6435d0,4,4 25
00e96ea4-bbc1-11e8-b2bb-ac1f6b6435d0,5,25
00eabc0c-bbb5-11e8-b2ba-ac1f6b6435d0,19 0,0 19
00ed296c-bbb3-11e8-b2ba-ac1f6b6435d0,2,0 2
00ed4394-bbb2-11e8-b2ba-ac1f6b6435d0,19,19
00f42960-bbb3-11e8-b2ba-ac1f6b6435d0,2,2
00f8ac7e-bbbd-11e8-b2ba-ac1f6b6435d0,23,23
00fe597e-bbc9-11e8-b2bc-ac1f6b6435d0,5,5
00ff41c4-bba9-11e8-b2ba-ac1f6b6435d0,0 8,4 25
0101c0be-bba6-11e8-b2ba-ac1f6b6435d0,21,21
0102707a-bba3-11e8-b2b9-ac1f6b6435d0,23,0
01028112-bbb4-11e8-b2ba-ac1f6b6435d0,6,6
01037b76-bbaa-11e8-b2ba-ac1f6b6435d0,23 4,4 23
01043ee4-bba5-11e8-b2ba-ac1f6b6435d0,25 0,0 5
0104c4e0-bbb9-11e8-b2ba-ac1f6b6435d0,0 21,0 25
01058b36-bbbf-11e8-b2ba-ac1f6b6435d0,3 0,0 3
01095156-bbb7-11e8-b2ba-ac1f6b6435d0,0,0 25
010edd48-bbac-11e8-b2ba-ac1f6b6435d0,23 2 0,0 2 23
01106f56-bbc9-11e8-b2bc-ac1f6b6435d0,18,5 25
011186c4-bba2-11e8-b2b9-ac1f6b6435d0,25 2,2 25
011361ce-bba7-11e8-b2ba-ac1f6b6435d0,21,21
011364f4-bba1-11e8-b2b9-ac1f6b6435d0,0,0
0115f496-bbb8-11e8-b2ba-ac1f6b6435d0,2,4 7
0118f7e4-bbaf-11e8-b2ba-ac1f6b6435d0,20 0,0 20
011945ae-bbb5-11e8-b2ba-ac1f6b6435d0,3,2
011a3b06-bb9e-11e8-b2b9-ac1f6b6435d0,18,18
011acdc6-bba0-11e8-b2b9-ac1f6b6435d0,7 0,0 7
011def6e-bbb5-11e8-b2ba-ac1f6b6435d0,1 0,0 1
012c02f2-bbab-11e8-b2ba-ac1f6b6435d0,11,11
012c2c02-bba4-11e8-b2b9-ac1f6b6435d0,2 0,0 2
012ed836-bbc1-11e8-b2bb-ac1f6b6435d0,23,23
01314a58-bba3-11e8-b2b9-ac1f6b6435d0,6 9 10,9 10 20
0136e24a-bba0-11e8-b2b9-ac1f6b6435d0,19,19
0139e754-bbbb-11e8-b2ba-ac1f6b6435d0,18 0,0 18
013ba5ec-bbb8-11e8-b2ba-ac1f6b6435d0,25 21,25
013f0f3a-bbad-11e8-b2ba-ac1f6b6435d0,7 0,7
0141b838-bb9f-11e8-b2b9-ac1f6b6435d0,25 0,0 25
0142ac38-bbb9-11e8-b2ba-ac1f6b6435d0,0,0
0142f5bc-bbc8-11e8-b2bc-ac1f6b6435d0,1 0,0 1
01437db2-bbc2-11e8-b2bb-ac1f6b6435d0,25 4,25
01453738-bbb8-11e8-b2ba-ac1f6b6435d0,0,0
0148ee6a-bba3-11e8-b2b9-ac1f6b6435d0,4,4
01491e4c-bbaf-11e8-b2ba-ac1f6b6435d0,23 0,0 23
014927fe-bb9e-11e8-b2b9-ac1f6b6435d0,7,7
014a8bae-bba2-11e8-b2b9-ac1f6b6435d0,25 4,4
014d20d2-bbaf-11e8-b2ba-ac1f6b6435d0,26,4
014dfb1e-bbba-11e8-b2ba-ac1f6b6435d0,25 6 2 0,0 25
01508fd4-bb9a-11e8-b2b9-ac1f6b6435d0,25,6
0155043e-bbb7-11e8-b2ba-ac1f6b6435d0,0 21,0 25
015652d0-bbb7-11e8-b2ba-ac1f6b6435d0,21,25
0158f3d6-bb9f-11e8-b2b9-ac1f6b6435d0,7 0,0 7
015b7388-bbac-11e8-b2ba-ac1f6b6435d0,25,25
015ed0d8-bbbf-11e8-b2ba-ac1f6b6435d0,5,5
015f63c8-bba5-11e8-b2ba-ac1f6b6435d0,0,23
0163454c-bba0-11e8-b2b9-ac1f6b6435d0,25 21,0 25
0167f530-bbc1-11e8-b2bb-ac1f6b6435d0,19,19
016a3738-bba7-11e8-b2ba-ac1f6b6435d0,0 21,0 22
016b3df6-bba5-11e8-b2ba-ac1f6b6435d0,25 1 21,21
016bc38a-bba9-11e8-b2ba-ac1f6b6435d0,25 0,0 25
01747a40-bbc0-11e8-b2bb-ac1f6b6435d0,18,18
017badb4-bbc6-11e8-b2bc-ac1f6b6435d0,16 18 17,0 21
017c17c6-bbb8-11e8-b2ba-ac1f6b6435d0,11,11
017e605a-bba7-11e8-b2ba-ac1f6b6435d0,25 17 0,0 25
017f7748-bba6-11e8-b2ba-ac1f6b6435d0,19,26
018004a0-bbb1-11e8-b2ba-ac1f6b6435d0,3,3
01853df0-bbc3-11e8-b2bc-ac1f6b6435d0,25,25
0189cff8-bbc0-11e8-b2bb-ac1f6b6435d0,4,4
018bc484-bba7-11e8-b2ba-ac1f6b6435d0,7,14
018dd9a2-bbc2-11e8-b2bb-ac1f6b6435d0,6,6
018e30a8-bbc9-11e8-b2bc-ac1f6b6435d0,6 21,21
0190855a-bbca-11e8-b2bc-ac1f6b6435d0,23,4 23
01939a1a-bbc5-11e8-b2bc-ac1f6b6435d0,5,5
019687da-bbb0-11e8-b2ba-ac1f6b6435d0,5,5
01977230-bbb5-11e8-b2ba-ac1f6b6435d0,22 2 0,0 2 22
01a0f8a0-bbb0-11e8-b2ba-ac1f6b6435d0,25 0,0 25
01a2514a-bba7-11e8-b2ba-ac1f6b6435d0,25,12
01a2fd5e-bbb4-11e8-b2ba-ac1f6b6435d0,16 25 17 0,16 17 25
01a9e5da-bb9e-11e8-b2b9-ac1f6b6435d0,16 11,14 16 17 25
01b0b65a-bbba-11e8-b2ba-ac1f6b6435d0,25 0,25
01b500a4-bb9a-11e8-b2b9-ac1f6b6435d0,1 4 2 0,0 16
01b54382-bb9c-11e8-b2b9-ac1f6b6435d0,2,2
01b79b30-bbb2-11e8-b2ba-ac1f6b6435d0,25 0,0 2
01b79bd0-bba3-11e8-b2b9-ac1f6b6435d0,4,4
01b7c7b8-bba8-11e8-b2ba-ac1f6b6435d0,19 0,18
01b9584c-bbbe-11e8-b2ba-ac1f6b6435d0,25 0,5 11
01b99e6c-bbb2-11e8-b2ba-ac1f6b6435d0,25,17 25
01ba30e4-bbb6-11e8-b2ba-ac1f6b6435d0,16 0,0 25
01bb65f4-bba2-11e8-b2b9-ac1f6b6435d0,18 14,18
01bc1aa2-bbad-11e8-b2ba-ac1f6b6435d0,5 0 21,5 21
01bc4dc6-bbbf-11e8-b2ba-ac1f6b6435d0,2,2
01bc5bf4-bbc4-11e8-b2bc-ac1f6b6435d0,7,7 25
01c36810-bb9a-11e8-b2b9-ac1f6b6435d0,5 21,5 21
01c7157c-bba5-11e8-b2ba-ac1f6b6435d0,21,21
01c87288-bbc2-11e8-b2bb-ac1f6b6435d0,11,11
01cccde8-bba8-11e8-b2ba-ac1f6b6435d0,25 2,2 25
01cd718c-bbc9-11e8-b2bc-ac1f6b6435d0,0,4
01d05f48-bbb8-11e8-b2ba-ac1f6b6435d0,16 25 0,0 16 25
01d1ae74-bbb9-11e8-b2ba-ac1f6b6435d0,23 0,0 23
01d1e5fc-bbb3-11e8-b2ba-ac1f6b6435d0,23,23
01d2a326-bba8-11e8-b2ba-ac1f6b6435d0,25 2,0 19 25
01d2d5c4-bbb9-11e8-b2ba-ac1f6b6435d0,1 0,0 1 2
01d619aa-bbaf-11e8-b2ba-ac1f6b6435d0,2 0 21,2 22
01d6e4b8-bba8-11e8-b2ba-ac1f6b6435d0,19 25,18 19 25
01d7fd92-bb9b-11e8-b2b9-ac1f6b6435d0,7,7 25
01da7d44-bbad-11e8-b2ba-ac1f6b6435d0,7,7
01ddc40c-bbb9-11e8-b2ba-ac1f6b6435d0,22 0,22
01dfa77a-bba2-11e8-b2b9-ac1f6b6435d0,0,0 25
01e7a2b4-bbba-11e8-b2ba-ac1f6b6435d0,22,22
01e8a3e4-bbbf-11e8-b2ba-ac1f6b6435d0,2 0,0 2
01e9c96a-bb9a-11e8-b2b9-ac1f6b6435d0,18 0 21,0 21
01ebc542-bbbf-11e8-b2ba-ac1f6b6435d0,25 0,0 25
01ecc930-bbc7-11e8-b2bc-ac1f6b6435d0,25,7
01edbdd4-bbb0-11e8-b2ba-ac1f6b6435d0,25 21,21
01eea150-bba5-11e8-b2ba-ac1f6b6435d0,3,0 3 25
01f3e0da-bb9f-11e8-b2b9-ac1f6b6435d0,1,1
01f58bec-bba4-11e8-b2b9-ac1f6b6435d0,23,23
01f85a98-bbae-11e8-b2ba-ac1f6b6435d0,23,23
01f870c0-bba7-11e8-b2ba-ac1f6b6435d0,14,14
01f8c228-bbac-11e8-b2ba-ac1f6b6435d0,23,23 25
01f8f48c-bbb1-11e8-b2ba-ac1f6b6435d0,7,7
01fbb7f8-bbc0-11e8-b2bb-ac1f6b6435d0,21,21
0204b9f0-bba4-11e8-b2b9-ac1f6b6435d0,19,18
02056070-bba5-11e8-b2ba-ac1f6b6435d0,7 1 4,4 7
02070102-bbb7-11e8-b2ba-ac1f6b6435d0,25 0,0
0207bdcc-bbb7-11e8-b2ba-ac1f6b6435d0,6 0,6
020c961e-bbb5-11e8-b2ba-ac1f6b6435d0,25 21,21 25
020d4352-bbb5-11e8-b2ba-ac1f6b6435d0,16 25,14 21 25
02101658-bbca-11e8-b2bc-ac1f6b6435d0,23,25
0216d526-bbbe-11e8-b2ba-ac1f6b6435d0,16 14,0 14 16
02178fc0-bbaf-11e8-b2ba-ac1f6b6435d0,7 0,0 7
0217b490-bb9c-11e8-b2b9-ac1f6b6435d0,3,2 3
02199b60-bbc0-11e8-b2bb-ac1f6b6435d0,1 2,2
0219faa8-bba5-11e8-b2ba-ac1f6b6435d0,21,12 21
021a01b6-bba9-11e8-b2ba-ac1f6b6435d0,25 4 0,0 25
021eacc4-bba0-11e8-b2b9-ac1f6b6435d0,2,2
022159ba-bbc8-11e8-b2bc-ac1f6b6435d0,14,14 16
02235ae2-bb9d-11e8-b2b9-ac1f6b6435d0,25,25
02261342-bbb4-11e8-b2ba-ac1f6b6435d0,0,0
02271820-bbad-11e8-b2ba-ac1f6b6435d0,0,0
022810e2-bbb5-11e8-b2ba-ac1f6b6435d0,2,2 25
0228a6e2-bba6-11e8-b2ba-ac1f6b6435d0,5,4
022b36e8-bba4-11e8-b2b9-ac1f6b6435d0,25 0,0
0230e7d0-bba1-11e8-b2b9-ac1f6b6435d0,5 0,5
0230f2c2-bb9f-11e8-b2b9-ac1f6b6435d0,11 16,11
0232898a-bbbc-11e8-b2ba-ac1f6b6435d0,25,25
0232b2ba-bbbd-11e8-b2ba-ac1f6b6435d0,11,11
023324a6-bbaf-11e8-b2ba-ac1f6b6435d0,12,12
02341824-bbba-11e8-b2ba-ac1f6b6435d0,25,25
0235dcc4-bbb8-11e8-b2ba-ac1f6b6435d0,19 25,19 25 26
023bd202-bbb6-11e8-b2ba-ac1f6b6435d0,7 1 0,1 7 25
0240e7f6-bbac-11e8-b2ba-ac1f6b6435d0,6,23
0241af90-bba4-11e8-b2b9-ac1f6b6435d0,7,7
0241b984-bb9c-11e8-b2b9-ac1f6b6435d0,2,2
024476f6-bbb0-11e8-b2ba-ac1f6b6435d0,25 0,0 25
0245b156-bba1-11e8-b2b9-ac1f6b6435d0,23,23
0246331e-bbc0-11e8-b2bb-ac1f6b6435d0,4,0
0249aa98-bbc1-11e8-b2bb-ac1f6b6435d0,19 0,0 19
024bce74-bbc4-11e8-b2bc-ac1f6b6435d0,12,12 21 25
024e7bec-bbc9-11e8-b2bc-ac1f6b6435d0,25 0,0
024f501e-bbc7-11e8-b2bc-ac1f6b6435d0,22,22
024f5654-bbae-11e8-b2ba-ac1f6b6435d0,24 22,24
0250e242-bb9c-11e8-b2b9-ac1f6b6435d0,2,2
0258949a-bb9e-11e8-b2b9-ac1f6b6435d0,7,7
025b645c-bbbe-11e8-b2ba-ac1f6b6435d0,25,6 25
026469ac-bb9c-11e8-b2b9-ac1f6b6435d0,22,22
0264de16-bbae-11e8-b2ba-ac1f6b6435d0,25 2 0,2 25
0264fdd4-bbb7-11e8-b2ba-ac1f6b6435d0,4,0 19
0265b670-bba3-11e8-b2b9-ac1f6b6435d0,18 17 21,21
0266a4f8-bbc7-11e8-b2bc-ac1f6b6435d0,25,0 25
026777cc-bb9d-11e8-b2b9-ac1f6b6435d0,0,0
0271c9e4-bbab-11e8-b2ba-ac1f6b6435d0,6,2 6
02744d42-bbbd-11e8-b2ba-ac1f6b6435d0,21,21
027578fa-bbb5-11e8-b2ba-ac1f6b6435d0,25 0,0 16
02778a56-bbbe-11e8-b2ba-ac1f6b6435d0,23,23
0277fafe-bba5-11e8-b2ba-ac1f6b6435d0,23,23
0278970a-bbb6-11e8-b2ba-ac1f6b6435d0,0,25
02789bb2-bbc8-11e8-b2bc-ac1f6b6435d0,25 21,25
027a702a-bbca-11e8-b2bc-ac1f6b6435d0,22 2,2 13
027c2e8a-bb9b-11e8-b2b9-ac1f6b6435d0,5,5
027c5df4-bbb6-11e8-b2ba-ac1f6b6435d0,14 0,0 14
027c9b12-bbc4-11e8-b2bc-ac1f6b6435d0,3 0,0 3
0286c9da-bbc3-11e8-b2bc-ac1f6b6435d0,25 2 0,0 2 25
0288d6f4-bbc2-11e8-b2bb-ac1f6b6435d0,4,4
0288e29e-bb9e-11e8-b2b9-ac1f6b6435d0,25 5,5 25
028a827a-bba8-11e8-b2ba-ac1f6b6435d0,2,2
028cb8d2-bb9f-11e8-b2b9-ac1f6b6435d0,5,5
028ccf80-bba8-11e8-b2ba-ac1f6b6435d0,2 0,0 2
028cee5c-bbc1-11e8-b2bb-ac1f6b6435d0,23 5,5 23
028e8954-bbbe-11e8-b2ba-ac1f6b6435d0,14,14
0290c330-bb9c-11e8-b2b9-ac1f6b6435d0,26 25,25 26
0294ea40-bbbb-11e8-b2ba-ac1f6b6435d0,21,21
029509ba-bbbd-11e8-b2ba-ac1f6b6435d0,11,11
02961e40-bba4-11e8-b2b9-ac1f6b6435d0,25 0,0 11
0296a1ae-bbbc-11e8-b2ba-ac1f6b6435d0,2 0,2
02976c92-bbbc-11e8-b2ba-ac1f6b6435d0,25 18 3 0,0 18
029df10a-bbaf-11e8-b2ba-ac1f6b6435d0,4,4
029f7ac0-bbb9-11e8-b2ba-ac1f6b6435d0,3,3
02a13382-bbb0-11e8-b2ba-ac1f6b6435d0,0,0
02a52ee6-bbac-11e8-b2ba-ac1f6b6435d0,25 4,0 25
02a64fa0-bbad-11e8-b2ba-ac1f6b6435d0,22 11,11
02a7b5ce-bbc7-11e8-b2bc-ac1f6b6435d0,11 0,0 11
02a9dede-bbaa-11e8-b2ba-ac1f6b6435d0,23,23
02aa71e0-bba1-11e8-b2b9-ac1f6b6435d0,0,0
02ab11c4-bba4-11e8-b2b9-ac1f6b6435d0,25 0,0 25
02adfb1c-bbbf-11e8-b2ba-ac1f6b6435d0,25 0 21,0 7 25
02ae4dca-bbaa-11e8-b2ba-ac1f6b6435d0,26,0 26
02b03bfc-bbc4-11e8-b2bc-ac1f6b6435d0,2,2
02b13740-bbc5-11e8-b2bc-ac1f6b6435d0,25 3 0,0 3 25
02b8f364-bbba-11e8-b2ba-ac1f6b6435d0,2,3
02ba21c6-bbb5-11e8-b2ba-ac1f6b6435d0,16 25 0,0 16 25
02bd4566-bbad-11e8-b2ba-ac1f6b6435d0,7 0,0 7
02c09df8-bbc9-11e8-b2bc-ac1f6b6435d0,25 0,25
02c1d584-bb9b-11e8-b2b9-ac1f6b6435d0,7 0,0 3 7
02c4449a-bbbe-11e8-b2ba-ac1f6b6435d0,21,21
02c5ae5e-bbb2-11e8-b2ba-ac1f6b6435d0,5,5
02cca674-bbb1-11e8-b2ba-ac1f6b6435d0,25 0 21,5 25
02ce0bfa-bbc9-11e8-b2bc-ac1f6b6435d0,19 17,19
02d266c4-bbaa-11e8-b2ba-ac1f6b6435d0,25 7 0,0 7 25
02d2c686-bbb5-11e8-b2ba-ac1f6b6435d0,0,0
02db70a6-bba6-11e8-b2ba-ac1f6b6435d0,25 0,0
02dca032-bba3-11e8-b2b9-ac1f6b6435d0,0,0 2
02ddcc36-bbbd-11e8-b2ba-ac1f6b6435d0,23 3,23
02e27b14-bba9-11e8-b2ba-ac1f6b6435d0,1,1
02e2a5d6-bbad-11e8-b2ba-ac1f6b6435d0,19,18
02e42082-bbad-11e8-b2ba-ac1f6b6435d0,6,25
02e5cb9a-bba7-11e8-b2ba-ac1f6b6435d0,25 4,4
02e685cc-bbc9-11e8-b2bc-ac1f6b6435d0,25 2 0,0 25
02ef9b26-bba1-11e8-b2b9-ac1f6b6435d0,12 0,0 12
02f22e98-bbb2-11e8-b2ba-ac1f6b6435d0,0 21,0 25
02f6fa66-bbb4-11e8-b2ba-ac1f6b6435d0,22 0,0 21 22
02f839b2-bba5-11e8-b2ba-ac1f6b6435d0,24 18,18 24
02fb44fc-bbac-11e8-b2ba-ac1f6b6435d0,6,6
02fefb04-bbc7-11e8-b2bc-ac1f6b6435d0,1 4,1
0302db0a-bbc4-11e8-b2bc-ac1f6b6435d0,19,21
0305a056-bbbf-11e8-b2ba-ac1f6b6435d0,25 4,4 25
030822be-bb9b-11e8-b2b9-ac1f6b6435d0,25,25
030b6ee2-bbbe-11e8-b2ba-ac1f6b6435d0,17 21,25
03114a8a-bbb2-11e8-b2ba-ac1f6b6435d0,23,23
0312336a-bba7-11e8-b2ba-ac1f6b6435d0,1 4,4
0317d17a-bba8-11e8-b2ba-ac1f6b6435d0,7,7
03181d4e-bbb0-11e8-b2ba-ac1f6b6435d0,24 21,21 24
031aeea0-bbad-11e8-b2ba-ac1f6b6435d0,25 0,0 21 25
0324803a-bbaa-11e8-b2ba-ac1f6b6435d0,11,11
0325d998-bb9c-11e8-b2b9-ac1f6b6435d0,1 2 0,0 1 2
03296fa0-bbbe-11e8-b2ba-ac1f6b6435d0,7,7
0329744e-bbac-11e8-b2ba-ac1f6b6435d0,22,25
032a7200-bbab-11e8-b2ba-ac1f6b6435d0,14 0,0 14
032a7b88-bb9c-11e8-b2b9-ac1f6b6435d0,0 21,22
032ae03c-bbc9-11e8-b2bc-ac1f6b6435d0,7 0,0 7
032d1942-bba1-11e8-b2b9-ac1f6b6435d0,23,23
032f0da4-bbc6-11e8-b2bc-ac1f6b6435d0,25 1 0,1 25
03339d62-bba6-11e8-b2ba-ac1f6b6435d0,7 2 0,0 2 7
03371f58-bbc6-11e8-b2bc-ac1f6b6435d0,2 0,0 2
033c214a-bbb4-11e8-b2ba-ac1f6b6435d0,6,6
033f4c8a-bb9b-11e8-b2b9-ac1f6b6435d0,24 11,11
03409c48-bbb9-11e8-b2ba-ac1f6b6435d0,25 0,4
0340decc-bbb1-11e8-b2ba-ac1f6b6435d0,18,25
0342865c-bbaf-11e8-b2ba-ac1f6b6435d0,25,21
03451a40-bbb2-11e8-b2ba-ac1f6b6435d0,4,4
03470776-bbc4-11e8-b2bc-ac1f6b6435d0,25 5,0
03480032-bba5-11e8-b2ba-ac1f6b6435d0,25 21,17 25
0349cea2-bbba-11e8-b2ba-ac1f6b6435d0,25 2 0,0 2
034a37f8-bbc3-11e8-b2bc-ac1f6b6435d0,5,5 25
034a41d2-bba3-11e8-b2b9-ac1f6b6435d0,18 14,14 18
034b0ca0-bbc3-11e8-b2bc-ac1f6b6435d0,25 21,21 25
034f50ae-bbc7-11e8-b2bc-ac1f6b6435d0,23,6 23
03558ade-bb9d-11e8-b2b9-ac1f6b6435d0,19,19
03561dea-bbb2-11e8-b2ba-ac1f6b6435d0,4,4
0357ecb4-bbae-11e8-b2ba-ac1f6b6435d0,7 0,0 7
0358b00a-bba8-11e8-b2ba-ac1f6b6435d0,6 0,0
0359527c-bbbb-11e8-b2ba-ac1f6b6435d0,3,3
03615f36-bbba-11e8-b2ba-ac1f6b6435d0,19 0,0 5
0367d960-bbb0-11e8-b2ba-ac1f6b6435d0,20,20
036bdf66-bbc8-11e8-b2bc-ac1f6b6435d0,2,2
03722b08-bbb6-11e8-b2ba-ac1f6b6435d0,2 0,0 2
0374c84e-bbbc-11e8-b2ba-ac1f6b6435d0,11,11
03763b06-bb9f-11e8-b2b9-ac1f6b6435d0,7,7
037aef70-bbb3-11e8-b2ba-ac1f6b6435d0,12,12
037f4612-bbca-11e8-b2bc-ac1f6b6435d0,1 4,4
03833668-bbb2-11e8-b2ba-ac1f6b6435d0,25 21,21
03834516-bbc8-11e8-b2bc-ac1f6b6435d0,2,2
03846c2e-bbb5-11e8-b2ba-ac1f6b6435d0,25 11 2 0,0 2 25
0384cd60-bbb3-11e8-b2ba-ac1f6b6435d0,22,0 25
03865a92-bbbb-11e8-b2ba-ac1f6b6435d0,26,26
0386c70e-bbc3-11e8-b2bc-ac1f6b6435d0,0,0
03871a6a-bbc8-11e8-b2bc-ac1f6b6435d0,23 5,23
03886f76-bbb6-11e8-b2ba-ac1f6b6435d0,19 25,0 21 25
038f6bd0-bba9-11e8-b2ba-ac1f6b6435d0,3,3
03903282-bbbc-11e8-b2ba-ac1f6b6435d0,25 18 0,0 25
039085dc-bbaa-11e8-b2ba-ac1f6b6435d0,19 2 0,0 2
0390ebb4-bb9e-11e8-b2b9-ac1f6b6435d0,11,11
0391ab0a-bbb5-11e8-b2ba-ac1f6b6435d0,6 1,1 25
0392f4c4-bbba-11e8-b2ba-ac1f6b6435d0,6,6
039399fc-bbaa-11e8-b2ba-ac1f6b6435d0,2,2
0396a062-bbc7-11e8-b2bc-ac1f6b6435d0,7,7
03972192-bbac-11e8-b2ba-ac1f6b6435d0,16 14,14
039858f6-bbab-11e8-b2ba-ac1f6b6435d0,25 6 2,2 6 25
039b6e46-bbb1-11e8-b2ba-ac1f6b6435d0,25 2 0,0 2
039ba28a-bbb6-11e8-b2ba-ac1f6b6435d0,7 0,0 3 7
039d02b2-bbc8-11e8-b2bc-ac1f6b6435d0,25 0,0 25
03a36c00-bba6-11e8-b2ba-ac1f6b6435d0,3 0,0 21
03a7f40c-bbb8-11e8-b2ba-ac1f6b6435d0,7,7
03a96d16-bbbb-11e8-b2ba-ac1f6b6435d0,2 0,0 2
03aaa7cc-bbab-11e8-b2ba-ac1f6b6435d0,5 0,0 5
03add00c-bb9a-11e8-b2b9-ac1f6b6435d0,0,0
03ae7490-bba8-11e8-b2ba-ac1f6b6435d0,4,4 7
03b49288-bba0-11e8-b2b9-ac1f6b6435d0,22,21 22
03b4ea6e-bba3-11e8-b2b9-ac1f6b6435d0,23,6 23
03b53f4a-bbb3-11e8-b2ba-ac1f6b6435d0,0,0
03b65c62-bbc3-11e8-b2bc-ac1f6b6435d0,12 25 0,0 12
03b6b4b4-bb9b-11e8-b2b9-ac1f6b6435d0,25 0,0
03cc65f6-bba1-11e8-b2b9-ac1f6b6435d0,18,7
03ce111c-bbba-11e8-b2ba-ac1f6b6435d0,25 14,14 25
03d00c42-bbba-11e8-b2ba-ac1f6b6435d0,4,4
03d05b86-bba4-11e8-b2b9-ac1f6b6435d0,7,7 23
03d13e56-bb9b-11e8-b2b9-ac1f6b6435d0,25,25
03d25c28-bbaf-11e8-b2ba-ac1f6b6435d0,3,3
03d285d4-bba2-11e8-b2b9-ac1f6b6435d0,25 6 2,2 6 25
03d4613a-bbb4-11e8-b2ba-ac1f6b6435d0,5 0,5
03d56a18-bbb8-11e8-b2ba-ac1f6b6435d0,25 0,0 25
03d77058-bbac-11e8-b2ba-ac1f6b6435d0,4,0
03d9fb0c-bb9d-11e8-b2b9-ac1f6b6435d0,23 0,0 23
03da48a0-bbca-11e8-b2bc-ac1f6b6435d0,2 0,0 3
03dac64e-bbb7-11e8-b2ba-ac1f6b6435d0,23,7
03daec84-bbbf-11e8-b2ba-ac1f6b6435d0,23,23
03db18c8-bb9a-11e8-b2b9-ac1f6b6435d0,25 14,26
03dd0446-bbc5-11e8-b2bc-ac1f6b6435d0,2 0,0 25
03de37e6-bbaf-11e8-b2ba-ac1f6b6435d0,22 7 2,0 22
03dece12-bbab-11e8-b2ba-ac1f6b6435d0,25,25
03e0add8-bbae-11e8-b2ba-ac1f6b6435d0,6,6
03e0b692-bbaf-11e8-b2ba-ac1f6b6435d0,25 18,18 25
03e32798-bb9f-11e8-b2b9-ac1f6b6435d0,11 0,0 11
03e3827a-bba8-11e8-b2ba-ac1f6b6435d0,22,22
03ec3e0c-bbca-11e8-b2bc-ac1f6b6435d0,0,0
03ef3634-bbb1-11e8-b2ba-ac1f6b6435d0,25 1 0,0 1 25
03f02102-bbc0-11e8-b2bb-ac1f6b6435d0,25 3 21,3 25
03f12378-bba1-11e8-b2b9-ac1f6b6435d0,14,14
03f195e6-bb9d-11e8-b2b9-ac1f6b6435d0,25 0,0 25
03f57edc-bbc9-11e8-b2bc-ac1f6b6435d0,22 25,22
03f63d86-bbbf-11e8-b2ba-ac1f6b6435d0,14,14
03f6a278-bbc7-11e8-b2bc-ac1f6b6435d0,2,2
03f92c20-bbc0-11e8-b2bb-ac1f6b6435d0,25 21,21 25
03fcc436-bbc8-11e8-b2bc-ac1f6b6435d0,25 14,23 25
03fdc770-bbad-11e8-b2ba-ac1f6b6435d0,7,7 25
03ff022c-bbc4-11e8-b2bc-ac1f6b6435d0,0,4
03ff65ee-bbc6-11e8-b2bc-ac1f6b6435d0,2,2
040060d2-bba5-11e8-b2ba-ac1f6b6435d0,11,11
0402c00c-bbaf-11e8-b2ba-ac1f6b6435d0,25 5 0,25
040794ce-bbaa-11e8-b2ba-ac1f6b6435d0,21,0
0408547a-bb9d-11e8-b2b9-ac1f6b6435d0,16 21,0 21
04096bea-bb9c-11e8-b2b9-ac1f6b6435d0,25 0,25
040b473c-bbc7-11e8-b2bc-ac1f6b6435d0,7,0 7
040c1496-bbb8-11e8-b2ba-ac1f6b6435d0,16 14,14
040c557c-bbaa-11e8-b2ba-ac1f6b6435d0,19 0 21,21 25
040d3224-bbc5-11e8-b2bc-ac1f6b6435d0,19 0,0 19
040fb954-bba7-11e8-b2ba-ac1f6b6435d0,0,0
04103166-bbb3-11e8-b2ba-ac1f6b6435d0,23 0,0 7
0410407c-bba2-11e8-b2b9-ac1f6b6435d0,25,7 25
0411e646-bbc2-11e8-b2bb-ac1f6b6435d0,0,0
0412456c-bba6-11e8-b2ba-ac1f6b6435d0,0,0
04124d46-bbb5-11e8-b2ba-ac1f6b6435d0,5 2 0,0 3
0419ecaa-bb9b-11e8-b2b9-ac1f6b6435d0,2,0 2
0419f612-bba7-11e8-b2ba-ac1f6b6435d0,12 0,0 12
041a316a-bbc8-11e8-b2bc-ac1f6b6435d0,3,3
041d6c96-bbb8-11e8-b2ba-ac1f6b6435d0,14,14
041e4ca6-bbb3-11e8-b2ba-ac1f6b6435d0,25 21,21
041fa5c4-bba9-11e8-b2ba-ac1f6b6435d0,7,7
042413ee-bbb2-11e8-b2ba-ac1f6b6435d0,7 21,0 7 21
04267eee-bbbd-11e8-b2ba-ac1f6b6435d0,25 1,1 6
0427e718-bbb1-11e8-b2ba-ac1f6b6435d0,24 23,24
0427ebb2-bbb8-11e8-b2ba-ac1f6b6435d0,7 0,0 7
042a6b74-bba6-11e8-b2ba-ac1f6b6435d0,11,11
042a9f8e-bbc6-11e8-b2bc-ac1f6b6435d0,25 0,0 25
042b856a-bb9a-11e8-b2b9-ac1f6b6435d0,0,0
042cfe0e-bb9a-11e8-b2b9-ac1f6b6435d0,12 0,0 12 25
04305cbe-bba1-11e8-b2b9-ac1f6b6435d0,25 3 0,0
043225a2-bbc0-11e8-b2bb-ac1f6b6435d0,13 0,0 13 25
0435386e-bbbb-11e8-b2ba-ac1f6b6435d0,14,14
0436371c-bb9a-11e8-b2b9-ac1f6b6435d0,23 0,0 23
0436ccbc-bba5-11e8-b2ba-ac1f6b6435d0,25 0,0
043798f6-bb9e-11e8-b2b9-ac1f6b6435d0,0,25
04382906-bba3-11e8-b2b9-ac1f6b6435d0,2 0,0 2
04383a3c-bbac-11e8-b2ba-ac1f6b6435d0,25 0,0 25
043866ac-bba6-11e8-b2ba-ac1f6b6435d0,25 3,11 24 25
043e620a-bbb5-11e8-b2ba-ac1f6b6435d0,25 2,4
043ff8ba-bbc2-11e8-b2bb-ac1f6b6435d0,19,19
04494456-bbb3-11e8-b2ba-ac1f6b6435d0,0,0
044b4d9e-bbab-11e8-b2ba-ac1f6b6435d0,22 0,0 22
044bd6e6-bbb1-11e8-b2ba-ac1f6b6435d0,13 18,23
044e4cd2-bba2-11e8-b2b9-ac1f6b6435d0,0,0
04533c26-bbaf-11e8-b2ba-ac1f6b6435d0,25 5,5
0459e68a-bbbd-11e8-b2ba-ac1f6b6435d0,4 21,4
045e2724-bbb1-11e8-b2ba-ac1f6b6435d0,25 0,0 25
045edf1c-bbc9-11e8-b2bc-ac1f6b6435d0,22 0,0
0462f3c6-bba7-11e8-b2ba-ac1f6b6435d0,0,0 25
0463bae6-bbba-11e8-b2ba-ac1f6b6435d0,21,21
0463e512-bbc8-11e8-b2bc-ac1f6b6435d0,25 0,0
0468fef4-bbc7-11e8-b2bc-ac1f6b6435d0,6,6 25
04691b58-bba1-11e8-b2b9-ac1f6b6435d0,23,0 2 23
046ebcba-bbc5-11e8-b2bc-ac1f6b6435d0,11 0,0 11
046eef80-bbc2-11e8-b2bb-ac1f6b6435d0,25 7 0,0 7 25
0470db52-bbad-11e8-b2ba-ac1f6b6435d0,5 0,0 5
04710896-bbc8-11e8-b2bc-ac1f6b6435d0,25 0,0 25
04735e12-bba4-11e8-b2b9-ac1f6b6435d0,3 0,0 2
0479a21a-bba2-11e8-b2b9-ac1f6b6435d0,25 0,0
047f516e-bba8-11e8-b2ba-ac1f6b6435d0,12,21 22
047f68c6-bbbb-11e8-b2ba-ac1f6b6435d0,0,0
048af3d0-bbb6-11e8-b2ba-ac1f6b6435d0,7 2 0,0 2 7
048ef882-bbb0-11e8-b2ba-ac1f6b6435d0,0,4
048fbd34-bb9d-11e8-b2b9-ac1f6b6435d0,5,5
0494ea52-bba2-11e8-b2b9-ac1f6b6435d0,7,7
0497a9cc-bbca-11e8-b2bc-ac1f6b6435d0,0,0
049c257e-bbbb-11e8-b2ba-ac1f6b6435d0,25 3 0,0
049ccac2-bba4-11e8-b2b9-ac1f6b6435d0,21,0 22
04a3d0fe-bbc9-11e8-b2bc-ac1f6b6435d0,23 21,26
04a4cca4-bba4-11e8-b2b9-ac1f6b6435d0,25 20 23,7 25
04a90510-bbba-11e8-b2ba-ac1f6b6435d0,25 0,0 25
04a96654-bbc4-11e8-b2bc-ac1f6b6435d0,5 0,0 5
04aa916a-bbc8-11e8-b2bc-ac1f6b6435d0,1 2,0 1 2
04ad6ce0-bbb0-11e8-b2ba-ac1f6b6435d0,6 0,24
04b25a3a-bbc3-11e8-b2bc-ac1f6b6435d0,25 17,25
04b28774-bbac-11e8-b2ba-ac1f6b6435d0,2 0,0 2
04b385ca-bbbb-11e8-b2ba-ac1f6b6435d0,3,0 3
04b74f22-bbb4-11e8-b2ba-ac1f6b6435d0,2,2
04b951a6-bbb3-11e8-b2ba-ac1f6b6435d0,19,19
04bba5b2-bbc4-11e8-b2bc-ac1f6b6435d0,3,3
04bbd5da-bbad-11e8-b2ba-ac1f6b6435d0,2 0,0 5
04bd2790-bbae-11e8-b2ba-ac1f6b6435d0,25 1 0,0 1
04c22f08-bba2-11e8-b2b9-ac1f6b6435d0,0 21,0 5 21
04c368c4-bba6-11e8-b2ba-ac1f6b6435d0,7,0 7
04c49f8c-bba1-11e8-b2b9-ac1f6b6435d0,5,0
04c88e94-bbbf-11e8-b2ba-ac1f6b6435d0,11,11
04ca1f26-bbc3-11e8-b2bc-ac1f6b6435d0,7 0,7
04cdab5e-bbb5-11e8-b2ba-ac1f6b6435d0,5 0,0 5
04d0ab10-bba6-11e8-b2ba-ac1f6b6435d0,25 0,0
04d1c1b8-bba0-11e8-b2b9-ac1f6b6435d0,5 21,0 5
04da01a0-bbbb-11e8-b2ba-ac1f6b6435d0,25 23 0,0 23 25
04da7ff4-bba2-11e8-b2b9-ac1f6b6435d0,25 6 7,23
04db2e42-bb9b-11e8-b2b9-ac1f6b6435d0,0,0 25
04e022d0-bbb4-11e8-b2ba-ac1f6b6435d0,7,7
04e1059a-bbc5-11e8-b2bc-ac1f6b6435d0,14,14
04e4ae02-bba7-11e8-b2ba-ac1f6b6435d0,6 20,6
04e6f8f8-bb9b-11e8-b2b9-ac1f6b6435d0,0,0
04eb37e0-bba7-11e8-b2ba-ac1f6b6435d0,25 0,21
04ee9860-bbb9-11e8-b2ba-ac1f6b6435d0,21,21
04eec9d0-bb9f-11e8-b2b9-ac1f6b6435d0,16 14,14 16
04f48d64-bbbf-11e8-b2ba-ac1f6b6435d0,19 25,19 25
04f69cd0-bbc4-11e8-b2bc-ac1f6b6435d0,3 0,0
04f76528-bbc1-11e8-b2bb-ac1f6b6435d0,0,0
04fbd60e-bba7-11e8-b2ba-ac1f6b6435d0,0,0
04fd5b44-bbb3-11e8-b2ba-ac1f6b6435d0,0,0
05058e28-bbad-11e8-b2ba-ac1f6b6435d0,19 0,0 19 25
0506004a-bbaa-11e8-b2ba-ac1f6b6435d0,4,4 25
0506b608-bba9-11e8-b2ba-ac1f6b6435d0,25 0 21,0 21
0506cc50-bbc3-11e8-b2bc-ac1f6b6435d0,25 0,0 2 25
0507561a-bbb5-11e8-b2ba-ac1f6b6435d0,25 0,0 12
0508c48a-bbb2-11e8-b2ba-ac1f6b6435d0,25 5,3 25
050a106a-bbc1-11e8-b2bb-ac1f6b6435d0,3 0,0 3
050dc2ee-bbaa-11e8-b2ba-ac1f6b6435d0,4,4
050de920-bba2-11e8-b2b9-ac1f6b6435d0,5,0 5
0510ecd2-bba3-11e8-b2b9-ac1f6b6435d0,21,21
0513da6c-bbc8-11e8-b2bc-ac1f6b6435d0,25 2 0,0 2 25
051a5402-bbbc-11e8-b2ba-ac1f6b6435d0,25 6 2,2 25
051b0d08-bbc5-11e8-b2bc-ac1f6b6435d0,0,0
051c9598-bbab-11e8-b2ba-ac1f6b6435d0,25,25
051f96a8-bbab-11e8-b2ba-ac1f6b6435d0,6 9 10,9 10
0520b376-bbba-11e8-b2ba-ac1f6b6435d0,0,0 4
0522f384-bbbf-11e8-b2ba-ac1f6b6435d0,3 0,3
0527ce90-bbc4-11e8-b2bc-ac1f6b6435d0,25 18 0,18
052ce424-bbb1-11e8-b2ba-ac1f6b6435d0,25 4 2,2 4 25
052ddb64-bbba-11e8-b2ba-ac1f6b6435d0,25 0 21,0 21 25
052e4180-bbb0-11e8-b2ba-ac1f6b6435d0,23 0,23
052efb66-bbc4-11e8-b2bc-ac1f6b6435d0,19,19
05302d60-bbb0-11e8-b2ba-ac1f6b6435d0,4,4
0530d502-bbc0-11e8-b2bb-ac1f6b6435d0,25 18,25
05316fc0-bbb7-11e8-b2ba-ac1f6b6435d0,25 0,0 25
0535d4cc-bbab-11e8-b2ba-ac1f6b6435d0,0,0
05385e4c-bba4-11e8-b2b9-ac1f6b6435d0,25 0,25
053b2418-bbab-11e8-b2ba-ac1f6b6435d0,23 0,0 23
053d6494-bba6-11e8-b2ba-ac1f6b6435d0,25 2,0 2
05418e48-bbbf-11e8-b2ba-ac1f6b6435d0,5,5
0543c3c4-bba7-11e8-b2ba-ac1f6b6435d0,25,21
0544e16a-bba1-11e8-b2b9-ac1f6b6435d0,25,6
0545e3ec-bbc1-11e8-b2bb-ac1f6b6435d0,25 0,0 25
054bea6a-bba0-11e8-b2b9-ac1f6b6435d0,2,0 2
054e7b36-bbbe-11e8-b2ba-ac1f6b6435d0,19,19
054ec024-bba9-11e8-b2ba-ac1f6b6435d0,6,14
054feace-bbc9-11e8-b2bc-ac1f6b6435d0,19,19
0554f8be-bba8-11e8-b2ba-ac1f6b6435d0,7 0 21,21 25
05551280-bba4-11e8-b2b9-ac1f6b6435d0,7 0,0 7
0555dcba-bb9f-11e8-b2b9-ac1f6b6435d0,2 0,0 2
055696f0-bb9f-11e8-b2b9-ac1f6b6435d0,3 0,0
055b1084-bbab-11e8-b2ba-ac1f6b6435d0,4,4
055bd1a4-bbb5-11e8-b2ba-ac1f6b6435d0,11,11
055e91f2-bb9a-11e8-b2b9-ac1f6b6435d0,19 5 0,5
055ecc1c-bbb8-11e8-b2ba-ac1f6b6435d0,2 0 21,0 21
05606922-bbbe-11e8-b2ba-ac1f6b6435d0,25 0,0 25
0560baf4-bba9-11e8-b2ba-ac1f6b6435d0,14,14
0563b9d0-bb9e-11e8-b2b9-ac1f6b6435d0,12 25,12
0565553c-bb9f-11e8-b2b9-ac1f6b6435d0,2 0,0 2 25
056995d8-bbaa-11e8-b2ba-ac1f6b6435d0,7,7
056b2df6-bbbb-11e8-b2ba-ac1f6b6435d0,23 0,0 23
056fe7a6-bb9d-11e8-b2b9-ac1f6b6435d0,25,0
05728bd4-bbc8-11e8-b2bc-ac1f6b6435d0,2 0,2
057337f4-bbb0-11e8-b2ba-ac1f6b6435d0,25 5,5
05784754-bba0-11e8-b2b9-ac1f6b6435d0,2,2
0579bc04-bba7-11e8-b2ba-ac1f6b6435d0,25 5,5 25
057b91b8-bbb2-11e8-b2ba-ac1f6b6435d0,25 2 0,0 2 25
057c5860-bbb6-11e8-b2ba-ac1f6b6435d0,7 0,0 7
057c591e-bbb1-11e8-b2ba-ac1f6b6435d0,25,6
057ccfb0-bbb2-11e8-b2ba-ac1f6b6435d0,23,23
0582062a-bba2-11e8-b2b9-ac1f6b6435d0,25 0,0 25
0582608e-bbc0-11e8-b2bb-ac1f6b6435d0,6,6
058300e0-bbc3-11e8-b2bc-ac1f6b6435d0,0 21,0 21
0586ee64-bbc6-11e8-b2bc-ac1f6b6435d0,23 0,0
058c3250-bbaa-11e8-b2ba-ac1f6b6435d0,25 2,2 25
058db2d2-bbba-11e8-b2ba-ac1f6b6435d0,16 7,7
059108da-bbc7-11e8-b2bc-ac1f6b6435d0,2 0,0 2
05918a74-bba1-11e8-b2b9-ac1f6b6435d0,6,6
0591f00e-bba6-11e8-b2ba-ac1f6b6435d0,7,7
059462b0-bbc1-11e8-b2bb-ac1f6b6435d0,8,6
05952dae-bbc5-11e8-b2bc-ac1f6b6435d0,25,23
0597ac6e-bbca-11e8-b2bc-ac1f6b6435d0,25 0,0 25
0597cc48-bbbc-11e8-b2ba-ac1f6b6435d0,25 5,24
0598a6a8-bb9f-11e8-b2b9-ac1f6b6435d0,24,24
059bc0b0-bbac-11e8-b2ba-ac1f6b6435d0,1 0,0 1
059e4b10-bbb0-11e8-b2ba-ac1f6b6435d0,0,0
059f53c6-bbc3-11e8-b2bc-ac1f6b6435d0,2 0,0 2
05a16868-bb9c-11e8-b2b9-ac1f6b6435d0,23,23
05a26ca6-bbb8-11e8-b2ba-ac1f6b6435d0,25 5 0,0 5 25
05a371ba-bba8-11e8-b2ba-ac1f6b6435d0,7 0,0
05a37b7c-bbbe-11e8-b2ba-ac1f6b6435d0,0,0
05a4b294-bbaa-11e8-b2ba-ac1f6b6435d0,22,22
05a60818-bba7-11e8-b2ba-ac1f6b6435d0,19 25,25
05a7654c-bba1-11e8-b2b9-ac1f6b6435d0,25,17 25
05a7bb08-bbc1-11e8-b2bb-ac1f6b6435d0,23 0,0 25
05a86dbe-bbbc-11e8-b2ba-ac1f6b6435d0,23 2,7
05ad1932-bbac-11e8-b2ba-ac1f6b6435d0,4,4
05af989a-bbc7-11e8-b2bc-ac1f6b6435d0,25 21,21
05b5069e-bbb4-11e8-b2ba-ac1f6b6435d0,12 21,12 21
05b55262-bbb3-11e8-b2ba-ac1f6b6435d0,25 11,11
05b95e8c-bbc9-11e8-b2bc-ac1f6b6435d0,6 5,5 6
05b9a21c-bba5-11e8-b2ba-ac1f6b6435d0,21,21
05be40f2-bba4-11e8-b2b9-ac1f6b6435d0,7,7
05c03f32-bbc3-11e8-b2bc-ac1f6b6435d0,25 5 0,0 25
05c04b34-bbc4-11e8-b2bc-ac1f6b6435d0,25,25
05c17e0a-bba6-11e8-b2ba-ac1f6b6435d0,7 0,0 7
05c1a918-bbbd-11e8-b2ba-ac1f6b6435d0,3 0,3 4
05c41478-bbc2-11e8-b2bb-ac1f6b6435d0,25 21,13 25
05c46ab0-bbb6-11e8-b2ba-ac1f6b6435d0,23 2,2 23
05c5a0ac-bba1-11e8-b2b9-ac1f6b6435d0,21,21
05c5da42-bbae-11e8-b2ba-ac1f6b6435d0,0,0 17 25
05c5f690-bba3-11e8-b2b9-ac1f6b6435d0,12 19 25,19 25
05c7f042-bbaa-11e8-b2ba-ac1f6b6435d0,2 0,0 3
05c97418-bb9f-11e8-b2b9-ac1f6b6435d0,12 23 0,0 12 23
05caacd4-bbbd-11e8-b2ba-ac1f6b6435d0,14 5,5 14
05caf1fe-bba3-11e8-b2b9-ac1f6b6435d0,2,2
05cc5e16-bbbe-11e8-b2ba-ac1f6b6435d0,21,12 21 25
05d29f9a-bbbb-11e8-b2ba-ac1f6b6435d0,0 21,0 7 21
05d32f36-bba3-11e8-b2b9-ac1f6b6435d0,2 0 27,0 25
05d40254-bbca-11e8-b2bc-ac1f6b6435d0,21,21
05d7b996-bbc8-11e8-b2bc-ac1f6b6435d0,25 5,5 25
05da8188-bbc0-11e8-b2bb-ac1f6b6435d0,11,11
05da985c-bbb7-11e8-b2ba-ac1f6b6435d0,25 0,0 5
05dac022-bbb0-11e8-b2ba-ac1f6b6435d0,25 7 17,6 7
05dad5a8-bbb0-11e8-b2ba-ac1f6b6435d0,0,0 16 25
05de3e34-bbb3-11e8-b2ba-ac1f6b6435d0,0,0 25
05dfc884-bbaf-11e8-b2ba-ac1f6b6435d0,6,23
05e2335a-bbc6-11e8-b2bc-ac1f6b6435d0,0,0 25
05e2afe6-bbb3-11e8-b2ba-ac1f6b6435d0,25 0,0
05e2c70c-bbbc-11e8-b2ba-ac1f6b6435d0,19 0,0 19
05ecf0b6-bbca-11e8-b2bc-ac1f6b6435d0,1 0,0
05edf7dc-bba6-11e8-b2ba-ac1f6b6435d0,19 0,0 7 21
05efeba2-bb9f-11e8-b2b9-ac1f6b6435d0,11 5 0,0 11
05f0cfd0-bbaa-11e8-b2ba-ac1f6b6435d0,11,11
05f1331c-bbb9-11e8-b2ba-ac1f6b6435d0,14,14
05f378c8-bbc5-11e8-b2bc-ac1f6b6435d0,0,0 2 7
05f4b830-bb9a-11e8-b2b9-ac1f6b6435d0,7,17
05fb3498-bbaf-11e8-b2ba-ac1f6b6435d0,23,23
0601db06-bbc6-11e8-b2bc-ac1f6b6435d0,4,0 4
0605a936-bb9c-11e8-b2b9-ac1f6b6435d0,18,7
06096888-bbc3-11e8-b2bc-ac1f6b6435d0,7,7 23
060a8378-bbb7-11e8-b2ba-ac1f6b6435d0,2 0,0 2
060b5774-bba5-11e8-b2ba-ac1f6b6435d0,14,14 21
06145226-bba9-11e8-b2ba-ac1f6b6435d0,5,0
06167ff6-bb9a-11e8-b2b9-ac1f6b6435d0,16 18 17,0
0618ba6c-bbb0-11e8-b2ba-ac1f6b6435d0,4 0,0
061cc76c-bb9f-11e8-b2b9-ac1f6b6435d0,25 7 0,0 7 25
0620aea6-bbbb-11e8-b2ba-ac1f6b6435d0,2 0,0 2
0620b8c4-bba2-11e8-b2b9-ac1f6b6435d0,25 0,25
0625433c-bba5-11e8-b2ba-ac1f6b6435d0,25 0,0
0626ed0e-bbbe-11e8-b2ba-ac1f6b6435d0,11 0,0 11
06279e66-bbb9-11e8-b2ba-ac1f6b6435d0,2 0,0 2 16
0627e054-bbc0-11e8-b2bb-ac1f6b6435d0,25,25
0630fb7e-bbc2-11e8-b2bb-ac1f6b6435d0,23 2,2 23
0632ef5c-bbb7-11e8-b2ba-ac1f6b6435d0,0,0
0634a360-bbbc-11e8-b2ba-ac1f6b6435d0,1 2 0,0 1 2
06350326-bbaa-11e8-b2ba-ac1f6b6435d0,25 0,0 25
063a3f2e-bbb6-11e8-b2ba-ac1f6b6435d0,25,23
064316f0-bbc3-11e8-b2bc-ac1f6b6435d0,25 0,0 25
0643a336-bba0-11e8-b2b9-ac1f6b6435d0,0,0
06469606-bba3-11e8-b2b9-ac1f6b6435d0,0,5
0648201e-bbc3-11e8-b2bc-ac1f6b6435d0,2,2
064998aa-bb9f-11e8-b2b9-ac1f6b6435d0,5,5
064c3eea-bba2-11e8-b2b9-ac1f6b6435d0,25,25
064ee914-bba8-11e8-b2ba-ac1f6b6435d0,1 0,0
0651f94a-bbb4-11e8-b2ba-ac1f6b6435d0,1,1
0655de40-bbb7-11e8-b2ba-ac1f6b6435d0,25 0,25
06591918-bbb0-11e8-b2ba-ac1f6b6435d0,19 0,0 19
065ae06a-bbb8-11e8-b2ba-ac1f6b6435d0,0,0
065dc194-bbc8-11e8-b2bc-ac1f6b6435d0,3,3
065ff140-bbbd-11e8-b2ba-ac1f6b6435d0,25 11 2,11
06601ec2-bbae-11e8-b2ba-ac1f6b6435d0,0,0
0660356a-bbae-11e8-b2ba-ac1f6b6435d0,25,25
0660d8fa-bbac-11e8-b2ba-ac1f6b6435d0,21,25
0661018c-bbc4-11e8-b2bc-ac1f6b6435d0,25 0,0 21
0662c046-bb9f-11e8-b2b9-ac1f6b6435d0,25,25
0662e3fe-bbbe-11e8-b2ba-ac1f6b6435d0,6,1 6
066305ca-bba8-11e8-b2ba-ac1f6b6435d0,25 0,0 25
06631b0e-bbb8-11e8-b2ba-ac1f6b6435d0,0 21,0
06636376-bbc6-11e8-b2bc-ac1f6b6435d0,6,6
0663a836-bbad-11e8-b2ba-ac1f6b6435d0,18,18 19
066428f0-bbbd-11e8-b2ba-ac1f6b6435d0,0,0
066625f2-bb9e-11e8-b2b9-ac1f6b6435d0,0,0
066b8c0e-bba8-11e8-b2ba-ac1f6b6435d0,12 21,25
066c858e-bbbf-11e8-b2ba-ac1f6b6435d0,6 13,6
066e582a-bbbd-11e8-b2ba-ac1f6b6435d0,25 6 0,0 25
066e68c4-bbbd-11e8-b2ba-ac1f6b6435d0,0,0
066ef0be-bb9a-11e8-b2b9-ac1f6b6435d0,25 13 3 0,0 3 13
06773cae-bbba-11e8-b2ba-ac1f6b6435d0,25,0 25
067818de-bbc6-11e8-b2bc-ac1f6b6435d0,6,25
06797a62-bba3-11e8-b2b9-ac1f6b6435d0,19 1,1 2 25
06799c40-bbbc-11e8-b2ba-ac1f6b6435d0,0,0
067bd174-bb9c-11e8-b2b9-ac1f6b6435d0,25,25
067c192c-bbb0-11e8-b2ba-ac1f6b6435d0,5 0,0 5
067c615c-bbb5-11e8-b2ba-ac1f6b6435d0,25 16,25
067f4d36-bbba-11e8-b2ba-ac1f6b6435d0,14,14
0680966c-bba3-11e8-b2b9-ac1f6b6435d0,4,4
0684e060-bbac-11e8-b2ba-ac1f6b6435d0,12 21,12
06858b8a-bbbd-11e8-b2ba-ac1f6b6435d0,2 21,0 21 25
06862468-bbc3-11e8-b2bc-ac1f6b6435d0,19,19
06871d32-bbb9-11e8-b2ba-ac1f6b6435d0,2 0,0 2
068a287c-bbb1-11e8-b2ba-ac1f6b6435d0,11 0,0 11 25
068ca9ec-bb9a-11e8-b2b9-ac1f6b6435d0,25 5,5
068e6e7a-bba5-11e8-b2ba-ac1f6b6435d0,16 14 0,0 14
068fdfea-bb9f-11e8-b2b9-ac1f6b6435d0,0 21,23
06918eaa-bbc5-11e8-b2bc-ac1f6b6435d0,6,5
0691af8c-bbb3-11e8-b2ba-ac1f6b6435d0,25,25
069310d0-bbb7-11e8-b2ba-ac1f6b6435d0,1,1
06938774-bbbf-11e8-b2ba-ac1f6b6435d0,13 7 0,0 7 13
0695f624-bbb2-11e8-b2ba-ac1f6b6435d0,22 0,0 22
0698a892-bba3-11e8-b2b9-ac1f6b6435d0,23,6
0699ee3a-bbb9-11e8-b2ba-ac1f6b6435d0,0 21,0 21
069c21b0-bbbd-11e8-b2ba-ac1f6b6435d0,0 21,0 2 21
069dcc6c-bbaa-11e8-b2ba-ac1f6b6435d0,0,0
069e01a0-bba5-11e8-b2ba-ac1f6b6435d0,25 2 0,0 2
069e8f7a-bbba-11e8-b2ba-ac1f6b6435d0,23,0 1 23
06a09dfe-bbbc-11e8-b2ba-ac1f6b6435d0,0,0
06a17fd8-bbb4-11e8-b2ba-ac1f6b6435d0,0 21,0 14 21
06a34cf6-bbc7-11e8-b2bc-ac1f6b6435d0,23,0 7
06a3e6b0-bbbe-11e8-b2ba-ac1f6b6435d0,22,21 22
06a53340-bbb8-11e8-b2ba-ac1f6b6435d0,0,0
06a53504-bbb1-11e8-b2ba-ac1f6b6435d0,23 2 21,2 21 23
06a563ce-bb9a-11e8-b2b9-ac1f6b6435d0,19 0,0 19
06a9f3e8-bba5-11e8-b2ba-ac1f6b6435d0,25,13
06ab60a2-bba5-11e8-b2ba-ac1f6b6435d0,25 1,1 25
06ac1550-bbc4-11e8-b2bc-ac1f6b6435d0,25 3,3 25
06af52ca-bba0-11e8-b2b9-ac1f6b6435d0,5 0,0 5
06b4fbbe-bbc6-11e8-b2bc-ac1f6b6435d0,18 0,0 5 25
06b64c86-bba7-11e8-b2ba-ac1f6b6435d0,25,25
06b95b50-bbc6-11e8-b2bc-ac1f6b6435d0,25 7 0,21 25
06bb2314-bbac-11e8-b2ba-ac1f6b6435d0,4,4
06bb983c-bbaa-11e8-b2ba-ac1f6b6435d0,2 0,0 25
06bd43d8-bbbb-11e8-b2ba-ac1f6b6435d0,6,6
06bd8d20-bbca-11e8-b2bc-ac1f6b6435d0,2 0,0 2
06be3aea-bbc5-11e8-b2bc-ac1f6b6435d0,24,24 26
06c01f1e-bbab-11e8-b2ba-ac1f6b6435d0,23,23
06c8b814-bbb4-11e8-b2ba-ac1f6b6435d0,3,3
06cdbef0-bb9a-11e8-b2b9-ac1f6b6435d0,23 2,0 2
06cfd9be-bbb9-11e8-b2ba-ac1f6b6435d0,2 0,2
06d0bdba-bba6-11e8-b2ba-ac1f6b6435d0,11,11
06d11c70-bb9b-11e8-b2b9-ac1f6b6435d0,12 5,5 12
06d51830-bba9-11e8-b2ba-ac1f6b6435d0,21,21
06d620c2-bbae-11e8-b2ba-ac1f6b6435d0,0,0
06d702f0-bb9d-11e8-b2b9-ac1f6b6435d0,11,0 11 23
06d737fa-bba9-11e8-b2ba-ac1f6b6435d0,23,23
06d8e91e-bbb9-11e8-b2ba-ac1f6b6435d0,3,3
06dcfe76-bbc5-11e8-b2bc-ac1f6b6435d0,25 21,21
06e2d36e-bba2-11e8-b2b9-ac1f6b6435d0,25 7,7 25
06e2e92c-bbc4-11e8-b2bc-ac1f6b6435d0,1 2 0,0 1 2
06e31bc8-bba0-11e8-b2b9-ac1f6b6435d0,25 5 0,0 5
06e42a06-bbb7-11e8-b2ba-ac1f6b6435d0,21,14 21
06e763d2-bb9f-11e8-b2b9-ac1f6b6435d0,25 2 0,0 25
06e7b552-bbaa-11e8-b2ba-ac1f6b6435d0,2 0,0 2
06e7c562-bba3-11e8-b2b9-ac1f6b6435d0,25 0,0 25
06e908c2-bb9f-11e8-b2b9-ac1f6b6435d0,12 25 21,21 25
06e9a188-bbae-11e8-b2ba-ac1f6b6435d0,21,21
06ed4f5a-bbc1-11e8-b2bb-ac1f6b6435d0,25 1,1
06ee5df4-bbc2-11e8-b2bb-ac1f6b6435d0,3,3
06eff580-bbb6-11e8-b2ba-ac1f6b6435d0,1,1
06f02a3e-bbc3-11e8-b2bc-ac1f6b6435d0,0,0
06f43114-bba6-11e8-b2ba-ac1f6b6435d0,25 7 0,0 7 25
06f48928-bbbc-11e8-b2ba-ac1f6b6435d0,25 13 2 0,0 13
06f6d9a2-bbbd-11e8-b2ba-ac1f6b6435d0,2 0,0 2
0702556e-bbba-11e8-b2ba-ac1f6b6435d0,11,11
07042fe8-bbb4-11e8-b2ba-ac1f6b6435d0,0 21,0 21
070541d0-bbc8-11e8-b2bc-ac1f6b6435d0,23,23
0705fa44-bbaf-11e8-b2ba-ac1f6b6435d0,22 25 0,0 25
0707bc5e-bbc7-11e8-b2bc-ac1f6b6435d0,25 5 0 21,0 5 21
0707cb78-bbb7-11e8-b2ba-ac1f6b6435d0,7,11 24
070835b6-bbaf-11e8-b2ba-ac1f6b6435d0,3,3 25
070e2440-bbb3-11e8-b2ba-ac1f6b6435d0,0,0 25
0710ca6c-bbca-11e8-b2bc-ac1f6b6435d0,7,7
07152102-bbc5-11e8-b2bc-ac1f6b6435d0,18,19
0716323c-bba1-11e8-b2b9-ac1f6b6435d0,2,2
0719304a-bbc9-11e8-b2bc-ac1f6b6435d0,5 0,5
071b0cbe-bbc7-11e8-b2bc-ac1f6b6435d0,5,5
071c6cc2-bbb2-11e8-b2ba-ac1f6b6435d0,25 7 0,7 25
071f959a-bb9a-11e8-b2b9-ac1f6b6435d0,1 0,0 1 25
071fea5a-bbc6-11e8-b2bc-ac1f6b6435d0,7 5 0,0 5 7
07219c5e-bbb4-11e8-b2ba-ac1f6b6435d0,25,25
072206c4-bbb6-11e8-b2ba-ac1f6b6435d0,4,0 4 7
07232294-bba6-11e8-b2ba-ac1f6b6435d0,25 0,0 23
07236ef4-bba4-11e8-b2b9-ac1f6b6435d0,7 0,0 7
07249288-bbc3-11e8-b2bc-ac1f6b6435d0,5,5
0726b10e-bb9a-11e8-b2b9-ac1f6b6435d0,13,13
0729be06-bbb5-11e8-b2ba-ac1f6b6435d0,11 1 0,0 1 11
072d1418-bbc7-11e8-b2bc-ac1f6b6435d0,25,25
072f57f0-bba4-11e8-b2b9-ac1f6b6435d0,25 0,0 21
07307a5e-bbc7-11e8-b2bc-ac1f6b6435d0,0,0
073083b6-bbac-11e8-b2ba-ac1f6b6435d0,4,4
0736774e-bbb1-11e8-b2ba-ac1f6b6435d0,18,18
07394cbe-bbb4-11e8-b2ba-ac1f6b6435d0,4,4
07397636-bba9-11e8-b2ba-ac1f6b6435d0,0,25
073a17ee-bbbd-11e8-b2ba-ac1f6b6435d0,25 2 0,3 25
073a3c1c-bba7-11e8-b2ba-ac1f6b6435d0,25 0,0 25
073bfd1e-bb9c-11e8-b2b9-ac1f6b6435d0,4 2,2
073c0970-bbb1-11e8-b2ba-ac1f6b6435d0,25 0,0 25
073e0748-bbb6-11e8-b2ba-ac1f6b6435d0,11,7 11
073e1034-bbbc-11e8-b2ba-ac1f6b6435d0,1 0,0 1
07410234-bbbd-11e8-b2ba-ac1f6b6435d0,18 0,18
07433eda-bbb5-11e8-b2ba-ac1f6b6435d0,26,26
0745705a-bbb6-11e8-b2ba-ac1f6b6435d0,23,23
0748041e-bbb6-11e8-b2ba-ac1f6b6435d0,12 13,12
074a02c8-bb9d-11e8-b2b9-ac1f6b6435d0,18 0,0 18
074a8548-bba9-11e8-b2ba-ac1f6b6435d0,2,3 19
075381b6-bbbd-11e8-b2ba-ac1f6b6435d0,23,23
076160b8-bb9c-11e8-b2b9-ac1f6b6435d0,13 18,25
076356c6-bbaa-11e8-b2ba-ac1f6b6435d0,7,7
0764e984-bba8-11e8-b2ba-ac1f6b6435d0,4 21,4 25
07672386-bbb0-11e8-b2ba-ac1f6b6435d0,25,25
076a3b42-bbb1-11e8-b2ba-ac1f6b6435d0,5,5
076c5fe2-bbb3-11e8-b2ba-ac1f6b6435d0,5 0,0 5
076cb480-bba2-11e8-b2b9-ac1f6b6435d0,0 21,0 21
0770dca8-bba8-11e8-b2ba-ac1f6b6435d0,1,6
077392a2-bba0-11e8-b2b9-ac1f6b6435d0,23 0,0 5 23
0773f2a8-bbc6-11e8-b2bc-ac1f6b6435d0,16 3,3 14
07784d60-bbc3-11e8-b2bc-ac1f6b6435d0,21,21
07837776-bbb4-11e8-b2ba-ac1f6b6435d0,25 14,14 21 25
0784ff0a-bba6-11e8-b2ba-ac1f6b6435d0,25 21,18 21 25
078a82dc-bbc8-11e8-b2bc-ac1f6b6435d0,14,14
078ce42c-bb9c-11e8-b2b9-ac1f6b6435d0,0 21,0 21
078dae0c-bba6-11e8-b2ba-ac1f6b6435d0,25 13 0,0 13 25
078def66-bba6-11e8-b2ba-ac1f6b6435d0,25 2,0 2 25
0790c096-bbb6-11e8-b2ba-ac1f6b6435d0,7 0,0 7
0790c8c6-bbba-11e8-b2ba-ac1f6b6435d0,25,25
0792db00-bbb7-11e8-b2ba-ac1f6b6435d0,5,5
0797f206-bbbd-11e8-b2ba-ac1f6b6435d0,25 14,11 14
07988fd6-bba4-11e8-b2b9-ac1f6b6435d0,0,0
0798b77e-bba2-11e8-b2b9-ac1f6b6435d0,4,0
07997aa4-bb9a-11e8-b2b9-ac1f6b6435d0,25,25
079cbe7e-bbab-11e8-b2ba-ac1f6b6435d0,25 3,2 25
079e6530-bbc9-11e8-b2bc-ac1f6b6435d0,3,3
079f3248-bbac-11e8-b2ba-ac1f6b6435d0,23,23
07a134ce-bb9a-11e8-b2b9-ac1f6b6435d0,4,0
07a298f8-bba6-11e8-b2ba-ac1f6b6435d0,14 5,5 14
07aa3fc0-bbc1-11e8-b2bb-ac1f6b6435d0,4,4
07ae8000-bba1-11e8-b2b9-ac1f6b6435d0,25 11,25
07b0a1d0-bbad-11e8-b2ba-ac1f6b6435d0,4,4
07b1bf18-bba6-11e8-b2ba-ac1f6b6435d0,6,19 25
07b389bc-bbb3-11e8-b2ba-ac1f6b6435d0,6,23
07b51d58-bbc8-11e8-b2bc-ac1f6b6435d0,25,21
07b626cc-bbb8-11e8-b2ba-ac1f6b6435d0,16 0,0 26
07b8c808-bbb5-11e8-b2ba-ac1f6b6435d0,25 18 0,18 21 25
07bab9d4-bb9b-11e8-b2b9-ac1f6b6435d0,25 0,0 26
07bc902a-bba4-11e8-b2b9-ac1f6b6435d0,5,0 5
07bd85ba-bbaa-11e8-b2ba-ac1f6b6435d0,14,14
07bdec7e-bbca-11e8-b2bc-ac1f6b6435d0,11 0,0 11
07c097ec-bbb3-11e8-b2ba-ac1f6b6435d0,25 21,21
07c3a722-bbc5-11e8-b2bc-ac1f6b6435d0,25 0 21,0 21
07c73db2-bbb4-11e8-b2ba-ac1f6b6435d0,19,19
07c7bc84-bbbd-11e8-b2ba-ac1f6b6435d0,17 21,25
07cbd88a-bbb0-11e8-b2ba-ac1f6b6435d0,23,26
07ce88e4-bbc6-11e8-b2bc-ac1f6b6435d0,0,0
07d0a4ec-bbc3-11e8-b2bc-ac1f6b6435d0,0,0
07d2c0a6-bbaf-11e8-b2ba-ac1f6b6435d0,2 0,0 2
07d47338-bbaf-11e8-b2ba-ac1f6b6435d0,4,4
07d5e5f8-bbb7-11e8-b2ba-ac1f6b6435d0,23 2,2 23
07d66202-bba9-11e8-b2ba-ac1f6b6435d0,23,23
07d94f6e-bbac-11e8-b2ba-ac1f6b6435d0,0 21,0
07d992e2-bba9-11e8-b2ba-ac1f6b6435d0,2 0,0 2
07db9066-bbbc-11e8-b2ba-ac1f6b6435d0,25,25
07dc7716-bbbb-11e8-b2ba-ac1f6b6435d0,6 23,6
07dd9eea-bbbe-11e8-b2ba-ac1f6b6435d0,25,25
07dfdc0e-bb9c-11e8-b2b9-ac1f6b6435d0,21,21
07e1f7ee-bbbc-11e8-b2ba-ac1f6b6435d0,2,4
07e3c3dc-bbc9-11e8-b2bc-ac1f6b6435d0,25 5 0,5 25
07e58270-bba7-11e8-b2ba-ac1f6b6435d0,23,23
07e84694-bb9e-11e8-b2b9-ac1f6b6435d0,7 3,2 7
07ea59c6-bb9d-11e8-b2b9-ac1f6b6435d0,12,12 25
07ecd22c-bb9e-11e8-b2b9-ac1f6b6435d0,5,0
07efb434-bbc0-11e8-b2bb-ac1f6b6435d0,18,18
07f1e1e4-bbc7-11e8-b2bc-ac1f6b6435d0,25 0,0 1 25
07f32ab2-bbbe-11e8-b2ba-ac1f6b6435d0,25 23 21,14 25
07f4a69c-bbb6-11e8-b2ba-ac1f6b6435d0,16 14 5,5
07f5b202-bbad-11e8-b2ba-ac1f6b6435d0,0,0 25
07f8e57a-bbae-11e8-b2ba-ac1f6b6435d0,3,0 3
07fa9b1e-bbc6-11e8-b2bc-ac1f6b6435d0,23 0,0 23
07fb5254-bbab-11e8-b2ba-ac1f6b6435d0,3 0,0 3
07fec9dc-bbad-11e8-b2ba-ac1f6b6435d0,11,11
07ffd722-bbae-11e8-b2ba-ac1f6b6435d0,21,0 2 21 25
08013722-bba2-11e8-b2b9-ac1f6b6435d0,23 0,23
080681c4-bb9c-11e8-b2b9-ac1f6b6435d0,7,5 7
08077000-bbc6-11e8-b2bc-ac1f6b6435d0,2 8,2 25
08094a6e-bb9a-11e8-b2b9-ac1f6b6435d0,23,23
080c426e-bbc7-11e8-b2bc-ac1f6b6435d0,20 23 0,0 23
0811cd98-bbad-11e8-b2ba-ac1f6b6435d0,20 0,0
081215ee-bba5-11e8-b2ba-ac1f6b6435d0,2 0 21,2 21
08134d22-bb9d-11e8-b2b9-ac1f6b6435d0,2 0,0 2
0814e3fe-bbb5-11e8-b2ba-ac1f6b6435d0,23,23
081546f6-bbb9-11e8-b2ba-ac1f6b6435d0,7 1 0,1 7
08156bd4-bbc0-11e8-b2bb-ac1f6b6435d0,25,25
081909aa-bb9e-11e8-b2b9-ac1f6b6435d0,20 0,0
081d22ce-bba8-11e8-b2ba-ac1f6b6435d0,2,2
081da49e-bba1-11e8-b2b9-ac1f6b6435d0,26 4,0
081e4736-bbbb-11e8-b2ba-ac1f6b6435d0,25 0,0 25
081f9878-bba4-11e8-b2b9-ac1f6b6435d0,23,23
0827bad6-bba8-11e8-b2ba-ac1f6b6435d0,1 0,0 1
0828e820-bb9e-11e8-b2b9-ac1f6b6435d0,25 23 0,0 25
082a828a-bbbb-11e8-b2ba-ac1f6b6435d0,5 0 27,0 5
082c4ac0-bbc0-11e8-b2bb-ac1f6b6435d0,25 4,18
082c69de-bbb0-11e8-b2ba-ac1f6b6435d0,11,11
082dae32-bbc6-11e8-b2bc-ac1f6b6435d0,22 23 0,0 22 23
082e5050-bbba-11e8-b2ba-ac1f6b6435d0,19,18
082e6c1a-bba2-11e8-b2b9-ac1f6b6435d0,20,20
083222d0-bb9b-11e8-b2b9-ac1f6b6435d0,25 0,0 25
08376850-bba8-11e8-b2ba-ac1f6b6435d0,12 0,0 12
083a984e-bba4-11e8-b2b9-ac1f6b6435d0,7 5,0 7
083c112e-bbbd-11e8-b2ba-ac1f6b6435d0,0,0
083f2828-bbb8-11e8-b2ba-ac1f6b6435d0,0,0 19
084183e6-bbb5-11e8-b2ba-ac1f6b6435d0,23,20 23
084278ba-bb9b-11e8-b2b9-ac1f6b6435d0,25 2 0,0 21 25
08428f6e-bb9e-11e8-b2b9-ac1f6b6435d0,3,3
0842b218-bbae-11e8-b2ba-ac1f6b6435d0,6,6
0844b6e6-bbac-11e8-b2ba-ac1f6b6435d0,3 0,0 3
0844b910-bbc6-11e8-b2bc-ac1f6b6435d0,5,5
08486a8a-bbc4-11e8-b2bc-ac1f6b6435d0,2 0,0 2
084a9c70-bbc3-11e8-b2bc-ac1f6b6435d0,25 1 21,1 25
084ca4ca-bbc3-11e8-b2bc-ac1f6b6435d0,21,21
084e28ee-bbab-11e8-b2ba-ac1f6b6435d0,19,19
084e8210-bb9e-11e8-b2b9-ac1f6b6435d0,12 21,12 21 25
08512478-bba0-11e8-b2b9-ac1f6b6435d0,14,14 17
0852388e-bbbb-11e8-b2ba-ac1f6b6435d0,25 2,2 21 25
085295a6-bb9b-11e8-b2b9-ac1f6b6435d0,25 23,6
08536634-bbb4-11e8-b2ba-ac1f6b6435d0,25 21,21
08543dfe-bba3-11e8-b2b9-ac1f6b6435d0,11,11
08577ebe-bbb8-11e8-b2ba-ac1f6b6435d0,25 11,11 25
0858d008-bb9e-11e8-b2b9-ac1f6b6435d0,3,3
085c4342-bbc0-11e8-b2bb-ac1f6b6435d0,25 0,0
085da2b4-bba7-11e8-b2ba-ac1f6b6435d0,3,3
085ef1ea-bbbc-11e8-b2ba-ac1f6b6435d0,25,25
086354a6-bbad-11e8-b2ba-ac1f6b6435d0,2 0,2
0866402c-bbca-11e8-b2bc-ac1f6b6435d0,0 21,0 25
0866a29a-bbb8-11e8-b2ba-ac1f6b6435d0,16 25 0,0 16 17 25
0866aeaa-bbba-11e8-b2ba-ac1f6b6435d0,25,25
086b22b0-bba0-11e8-b2b9-ac1f6b6435d0,7,0 7
086b2e46-bbc2-11e8-b2bb-ac1f6b6435d0,25 5,25
086c31fe-bbc9-11e8-b2bc-ac1f6b6435d0,2 21,2 21
086d2040-bbca-11e8-b2bc-ac1f6b6435d0,4,4
08705684-bbc5-11e8-b2bc-ac1f6b6435d0,6,2 6
0870c2bc-bba3-11e8-b2b9-ac1f6b6435d0,23,23
08729cd2-bbc5-11e8-b2bc-ac1f6b6435d0,25 0,0 25
08745aea-bbb6-11e8-b2ba-ac1f6b6435d0,0,0 25
087466bc-bbb0-11e8-b2ba-ac1f6b6435d0,25 0,0 25
0877a7da-bba3-11e8-b2b9-ac1f6b6435d0,3,3
0877ce12-bbbd-11e8-b2ba-ac1f6b6435d0,14 3,14
0877e2a6-bbc9-11e8-b2bc-ac1f6b6435d0,4,4
087b43c0-bbb9-11e8-b2ba-ac1f6b6435d0,25 0,25
087b4b7c-bbb4-11e8-b2ba-ac1f6b6435d0,25 18,18 25
087c290e-bb9e-11e8-b2b9-ac1f6b6435d0,25 3,3
087c859e-bba2-11e8-b2b9-ac1f6b6435d0,23 4,4 23
087c9e96-bba0-11e8-b2b9-ac1f6b6435d0,2 0,2
087e0c3a-bbb5-11e8-b2ba-ac1f6b6435d0,18,0 25
087f10a4-bb9b-11e8-b2b9-ac1f6b6435d0,3 0,0 3
087f30d4-bba0-11e8-b2b9-ac1f6b6435d0,25 23 2,25
087fa2ba-bbca-11e8-b2bc-ac1f6b6435d0,0,0
0881079a-bbbb-11e8-b2ba-ac1f6b6435d0,7,7
0881d08c-bb9b-11e8-b2b9-ac1f6b6435d0,1,1
08844126-bbc0-11e8-b2bb-ac1f6b6435d0,14,11 14
0888156c-bba7-11e8-b2ba-ac1f6b6435d0,0 21,21
08884b0e-bb9d-11e8-b2b9-ac1f6b6435d0,19 1 2,0 1 2
088d03d8-bbc0-11e8-b2bb-ac1f6b6435d0,16 14,14
088e0e3e-bbb3-11e8-b2ba-ac1f6b6435d0,19 0,0
0891756a-bbc7-11e8-b2bc-ac1f6b6435d0,25,25
08943b34-bbb2-11e8-b2ba-ac1f6b6435d0,13 21,13 21
0895ed24-bbbe-11e8-b2ba-ac1f6b6435d0,25 0,0 25
0896ec54-bbbb-11e8-b2ba-ac1f6b6435d0,25,25
089c74fa-bbc3-11e8-b2bc-ac1f6b6435d0,0 21,19
089d48be-bba8-11e8-b2ba-ac1f6b6435d0,0,0 25
089eaa00-bbae-11e8-b2ba-ac1f6b6435d0,18,18
08a14dc8-bba4-11e8-b2b9-ac1f6b6435d0,2 0,0 2
08a49e32-bbb4-11e8-b2ba-ac1f6b6435d0,0 21,0 21 25
08a711e8-bbc9-11e8-b2bc-ac1f6b6435d0,25 0 21,0 21 25
08a74602-bbb7-11e8-b2ba-ac1f6b6435d0,14 2,2 14 15 16
08a87f60-bbab-11e8-b2ba-ac1f6b6435d0,22 25 0,0 25
08a99ede-bbc1-11e8-b2bb-ac1f6b6435d0,23,23
08addc48-bbb1-11e8-b2ba-ac1f6b6435d0,25 0,0 25
08b15c3a-bbc8-11e8-b2bc-ac1f6b6435d0,25 7 0,0 16
08b6fdce-bbc9-11e8-b2bc-ac1f6b6435d0,25 3,2 3 25
08b7c26e-bbaf-11e8-b2ba-ac1f6b6435d0,23,0 23
08b80082-bba8-11e8-b2ba-ac1f6b6435d0,7 1 2 0,0 1 2 7
08b81de8-bba7-11e8-b2ba-ac1f6b6435d0,25 4 21,0 21 25
08ba57b0-bba8-11e8-b2ba-ac1f6b6435d0,2 0,0 2
08c14a0e-bbab-11e8-b2ba-ac1f6b6435d0,20,7 20
08c1e2ea-bbc7-11e8-b2bc-ac1f6b6435d0,21,21 22
08c1e71c-bbbe-11e8-b2ba-ac1f6b6435d0,4,4
08c296b2-bbaf-11e8-b2ba-ac1f6b6435d0,5 0,0 5
08c3aeec-bbbb-11e8-b2ba-ac1f6b6435d0,25,0 25
08c5a068-bbc4-11e8-b2bc-ac1f6b6435d0,0,0
08ca7b06-bbba-11e8-b2ba-ac1f6b6435d0,19 25 0,0
08cb8834-bbb0-11e8-b2ba-ac1f6b6435d0,0,0
08ccc78a-bb9c-11e8-b2b9-ac1f6b6435d0,25 5,5 25
08cd1a98-bbb8-11e8-b2ba-ac1f6b6435d0,11 5 0,0 11
08cd43fa-bb9b-11e8-b2b9-ac1f6b6435d0,25 4,4
08cd5976-bb9b-11e8-b2b9-ac1f6b6435d0,24 0,0
08d5c1de-bba9-11e8-b2ba-ac1f6b6435d0,25 0,0 25
08da70dc-bbac-11e8-b2ba-ac1f6b6435d0,5,5
08db5900-bbc7-11e8-b2bc-ac1f6b6435d0,25 21,21 25
08deb6d0-bbbe-11e8-b2ba-ac1f6b6435d0,23 0,23
08e00520-bbc9-11e8-b2bc-ac1f6b6435d0,25 2 0,0 3 25
08e087d2-bbc1-11e8-b2bb-ac1f6b6435d0,11,11
08e1379e-bbbd-11e8-b2ba-ac1f6b6435d0,7 0 21,25
08e2665e-bba5-11e8-b2ba-ac1f6b6435d0,22 0,0 22
08e789e8-bb9d-11e8-b2b9-ac1f6b6435d0,14,0 14
08e9af5c-bbc0-11e8-b2bb-ac1f6b6435d0,21,21
08eb05b0-bbab-11e8-b2ba-ac1f6b6435d0,25 0,21 25
08ec12ae-bb9a-11e8-b2b9-ac1f6b6435d0,25,19 25
08ec9194-bbbc-11e8-b2ba-ac1f6b6435d0,25 0,0 25
08edd1ea-bbbb-11e8-b2ba-ac1f6b6435d0,3,3
08ee4ab0-bbae-11e8-b2ba-ac1f6b6435d0,2 0,0 2
08efb82a-bb9d-11e8-b2b9-ac1f6b6435d0,11 4,11
08f125f2-bbb6-11e8-b2ba-ac1f6b6435d0,2,2
08f2e378-bbc6-11e8-b2bc-ac1f6b6435d0,5,5
08f32be4-bbc1-11e8-b2bb-ac1f6b6435d0,25 0,0 19 25
08f4a7d2-bbc9-11e8-b2bc-ac1f6b6435d0,23 2 0,0 23
08f68f30-bbaa-11e8-b2ba-ac1f6b6435d0,25 0,0 25
08f830f4-bba2-11e8-b2b9-ac1f6b6435d0,23,23
08f85522-bbc8-11e8-b2bc-ac1f6b6435d0,23,23
08f98074-bba4-11e8-b2b9-ac1f6b6435d0,25 0,0
08ffe280-bbad-11e8-b2ba-ac1f6b6435d0,7,7
0903f99c-bbad-11e8-b2ba-ac1f6b6435d0,13 0,0 25
09049354-bbc4-11e8-b2bc-ac1f6b6435d0,4,0 7
0905b28c-bbad-11e8-b2ba-ac1f6b6435d0,1,1
0908acb8-bb9d-11e8-b2b9-ac1f6b6435d0,25 0,0 5
090a5e88-bbb5-11e8-b2ba-ac1f6b6435d0,6,6
090a78c2-bbc5-11e8-b2bc-ac1f6b6435d0,25 23,6
090df0b8-bbb8-11e8-b2ba-ac1f6b6435d0,7 0,0 7
090e2a46-bbb4-11e8-b2ba-ac1f6b6435d0,25 5 0,0 5 25
090e5122-bb9d-11e8-b2b9-ac1f6b6435d0,0 21,21
091287a6-bbc5-11e8-b2bc-ac1f6b6435d0,25,25
09128904-bbb1-11e8-b2ba-ac1f6b6435d0,13,13
0915c214-bbc9-11e8-b2bc-ac1f6b6435d0,22 0,0 22
0918d07e-bbc1-11e8-b2bb-ac1f6b6435d0,3,3
0919da50-bbbc-11e8-b2ba-ac1f6b6435d0,25 18 0,18
091ab1ec-bbc0-11e8-b2bb-ac1f6b6435d0,23 0,0 23
091cb016-bbc8-11e8-b2bc-ac1f6b6435d0,1 2 0,0 1 3
091cfb76-bbb3-11e8-b2ba-ac1f6b6435d0,25 0,0
0920901a-bbb8-11e8-b2ba-ac1f6b6435d0,25 6,2 6 25
0922e59c-bbb6-11e8-b2ba-ac1f6b6435d0,17 0,0 16 17
092383fe-bbc9-11e8-b2bc-ac1f6b6435d0,11,11 25
0924c044-bbc3-11e8-b2bc-ac1f6b6435d0,5 0,0 2
09259baa-bba9-11e8-b2ba-ac1f6b6435d0,11 2,2 11
09290eee-bbb7-11e8-b2ba-ac1f6b6435d0,7 0,0
092cb4aa-bbb6-11e8-b2ba-ac1f6b6435d0,5 0,0
092f5d72-bbc5-11e8-b2bc-ac1f6b6435d0,5 0,5
093132c6-bbb8-11e8-b2ba-ac1f6b6435d0,25 0 21,0
09324bd2-bba1-11e8-b2b9-ac1f6b6435d0,7,7
0932da7a-bbbf-11e8-b2ba-ac1f6b6435d0,16 0,0 25
09339770-bbb6-11e8-b2ba-ac1f6b6435d0,25 2 0,0 2 25
0936c4e4-bba8-11e8-b2ba-ac1f6b6435d0,22 19,22
09378600-bbca-11e8-b2bc-ac1f6b6435d0,12 25 0,0 12 25
093afb76-bbc2-11e8-b2bb-ac1f6b6435d0,25 18 0,18
093b0a2c-bbbc-11e8-b2ba-ac1f6b6435d0,25,25
093c30ac-bbab-11e8-b2ba-ac1f6b6435d0,11,11
093f1cb2-bbac-11e8-b2ba-ac1f6b6435d0,7,7 25
0940c9ee-bbb7-11e8-b2ba-ac1f6b6435d0,25 3,3
094113da-bbc7-11e8-b2bc-ac1f6b6435d0,13 21,23
09414830-bbbf-11e8-b2ba-ac1f6b6435d0,23 0,7 23
09415404-bba8-11e8-b2ba-ac1f6b6435d0,7 0,0 7
0941c154-bb9a-11e8-b2b9-ac1f6b6435d0,25 7 0,0 7 25
09422f2c-bbc2-11e8-b2bb-ac1f6b6435d0,25 0,0 25
09471fae-bbaf-11e8-b2ba-ac1f6b6435d0,2,2
094a9576-bba0-11e8-b2b9-ac1f6b6435d0,0,0
0951c286-bbac-11e8-b2ba-ac1f6b6435d0,18,19
0956cf1e-bbbc-11e8-b2ba-ac1f6b6435d0,25,7 25
0956e14a-bb9c-11e8-b2b9-ac1f6b6435d0,5,5
0957749e-bb9b-11e8-b2b9-ac1f6b6435d0,2 0,0 2
095910c8-bbab-11e8-b2ba-ac1f6b6435d0,5,5
09599842-bbc7-11e8-b2bc-ac1f6b6435d0,25 2,25
095ec18c-bbb3-11e8-b2ba-ac1f6b6435d0,26,25 26
0962805a-bbc8-11e8-b2bc-ac1f6b6435d0,4,4
096382fa-bba2-11e8-b2b9-ac1f6b6435d0,7 2 0,2 7
09647128-bbc1-11e8-b2bb-ac1f6b6435d0,25 0,0 25
0966db9c-bbc2-11e8-b2bb-ac1f6b6435d0,11 1 0,0 25
09675f40-bbae-11e8-b2ba-ac1f6b6435d0,22 21,21 22
0967feee-bbb5-11e8-b2ba-ac1f6b6435d0,11,11
0968d3ce-bbb9-11e8-b2ba-ac1f6b6435d0,11,11
0969d07a-bba6-11e8-b2ba-ac1f6b6435d0,0,0 5
096c493c-bbb9-11e8-b2ba-ac1f6b6435d0,25 2 0,0 25 26
096dd0ee-bba1-11e8-b2b9-ac1f6b6435d0,25 21,21 25
096fb53e-bbac-11e8-b2ba-ac1f6b6435d0,2,0 2
097034c0-bba5-11e8-b2ba-ac1f6b6435d0,23 2,2 25
097197c2-bb9e-11e8-b2b9-ac1f6b6435d0,3 0,0 5
0972acd8-bbb3-11e8-b2ba-ac1f6b6435d0,12,12 25
0976f186-bbc6-11e8-b2bc-ac1f6b6435d0,6,6
0978effa-bbb6-11e8-b2ba-ac1f6b6435d0,12,13 25
097b3478-bba1-11e8-b2b9-ac1f6b6435d0,0,0
097b8818-bbbc-11e8-b2ba-ac1f6b6435d0,2 0,0 2
097cfaa0-bbca-11e8-b2bc-ac1f6b6435d0,25,25
097f453a-bba2-11e8-b2b9-ac1f6b6435d0,4,4
09803248-bbab-11e8-b2ba-ac1f6b6435d0,25,25
0982454c-bbb0-11e8-b2ba-ac1f6b6435d0,2 0,0 2
0983f438-bba5-11e8-b2ba-ac1f6b6435d0,1 0 21,0
098445da-bbb1-11e8-b2ba-ac1f6b6435d0,21,21
09845908-bbb1-11e8-b2ba-ac1f6b6435d0,21,25
09852156-bbb8-11e8-b2ba-ac1f6b6435d0,18 0,0
0989ac08-bbae-11e8-b2ba-ac1f6b6435d0,14 0,0 14
098bd08a-bbb0-11e8-b2ba-ac1f6b6435d0,25 0,0 25
0991d022-bbb3-11e8-b2ba-ac1f6b6435d0,26,26
09928c00-bbc3-11e8-b2bc-ac1f6b6435d0,7,7
0992f466-bbae-11e8-b2ba-ac1f6b6435d0,4,4
0993f43a-bbc5-11e8-b2bc-ac1f6b6435d0,14,14
099438bc-bb9a-11e8-b2b9-ac1f6b6435d0,5,5
0994603e-bb9b-11e8-b2b9-ac1f6b6435d0,0,0
0997bbd0-bba5-11e8-b2ba-ac1f6b6435d0,7,0
099bffe0-bbb1-11e8-b2ba-ac1f6b6435d0,19,19
099f281a-bba6-11e8-b2ba-ac1f6b6435d0,3 0,0 3
099f59a4-bba9-11e8-b2ba-ac1f6b6435d0,0,0
09a24d82-bbb1-11e8-b2ba-ac1f6b6435d0,20,25
09a33144-bbbf-11e8-b2ba-ac1f6b6435d0,2 0,0 2
09a353d0-bbac-11e8-b2ba-ac1f6b6435d0,19,19
09a40888-bba3-11e8-b2b9-ac1f6b6435d0,0 21,25
09a4622e-bbc6-11e8-b2bc-ac1f6b6435d0,7 0,0 7
09a4b8c4-bbac-11e8-b2ba-ac1f6b6435d0,23 0,0 23
09a67a8e-bbc4-11e8-b2bc-ac1f6b6435d0,20,6
09a94d44-bba2-11e8-b2b9-ac1f6b6435d0,3 0,0
09a95eac-bbc9-11e8-b2bc-ac1f6b6435d0,25 0,0 21
09aba702-bbc4-11e8-b2bc-ac1f6b6435d0,2 21,2
09ae5c8e-bbad-11e8-b2ba-ac1f6b6435d0,1 2 0,0 1 2
09b119b2-bbbf-11e8-b2ba-ac1f6b6435d0,5,5
09b724ba-bbab-11e8-b2ba-ac1f6b6435d0,11 0,0
09ba5fcc-bbc9-11e8-b2bc-ac1f6b6435d0,11,21
09bde3a8-bbb1-11e8-b2ba-ac1f6b6435d0,25 2 0,2 25
09bedce0-bbc0-11e8-b2bb-ac1f6b6435d0,3,3
09c0ad1e-bbba-11e8-b2ba-ac1f6b6435d0,0 21,25
09c4be8a-bbc0-11e8-b2bb-ac1f6b6435d0,5 0,0 5
09c66b24-bbb4-11e8-b2ba-ac1f6b6435d0,6,6
09c8e04e-bbb8-11e8-b2ba-ac1f6b6435d0,25,25
09c9ee58-bb9a-11e8-b2b9-ac1f6b6435d0,23,23
09cd2df2-bba4-11e8-b2b9-ac1f6b6435d0,25 0 21,0 21 25
09cd7890-bbb6-11e8-b2ba-ac1f6b6435d0,18 1 0,1 18
09d09a52-bb9d-11e8-b2b9-ac1f6b6435d0,25,6 25
09d0dd9a-bb9e-11e8-b2b9-ac1f6b6435d0,21,25
09d4f0bc-bbbf-11e8-b2ba-ac1f6b6435d0,7 0 21,0 7 21
09d54f0c-bbca-11e8-b2bc-ac1f6b6435d0,0 21,21
09d56d7c-bbbe-11e8-b2ba-ac1f6b6435d0,7 21,21
09d7edb2-bbb0-11e8-b2ba-ac1f6b6435d0,25,25
09d805ce-bbb3-11e8-b2ba-ac1f6b6435d0,0,0
09d8ddc8-bba4-11e8-b2b9-ac1f6b6435d0,22 0,0 22 25
09d8e69c-bbc2-11e8-b2bb-ac1f6b6435d0,14,14
09da4264-bba7-11e8-b2ba-ac1f6b6435d0,14 0,0 14
09dc84d4-bbb6-11e8-b2ba-ac1f6b6435d0,7 0,0 7
09dd85f2-bbbe-11e8-b2ba-ac1f6b6435d0,23,23
09ddeed0-bbbd-11e8-b2ba-ac1f6b6435d0,25 5,3 25
09df2e26-bbc2-11e8-b2bb-ac1f6b6435d0,7 2 0,0 7
09e11ca2-bbbf-11e8-b2ba-ac1f6b6435d0,7,7
09e1c1b0-bbc0-11e8-b2bb-ac1f6b6435d0,20,20
09e244e8-bbc8-11e8-b2bc-ac1f6b6435d0,25,25
09e5cbe0-bbaf-11e8-b2ba-ac1f6b6435d0,0,25
09e7f6c8-bbb3-11e8-b2ba-ac1f6b6435d0,14 2 0,0 1 2 25
09e83904-bbc1-11e8-b2bb-ac1f6b6435d0,1 2 0,0 1 2
09e91a9c-bbb5-11e8-b2ba-ac1f6b6435d0,25,23
09eb7084-bbb1-11e8-b2ba-ac1f6b6435d0,6,6 25
09f01c08-bba0-11e8-b2b9-ac1f6b6435d0,14,14
09f92ea0-bbba-11e8-b2ba-ac1f6b6435d0,3,3
09fc38fe-bbc2-11e8-b2bb-ac1f6b6435d0,6 2 0,0 5
09fd67b0-bbae-11e8-b2ba-ac1f6b6435d0,23,23
0a007b34-bba5-11e8-b2ba-ac1f6b6435d0,0,0
0a00aab2-bbbb-11e8-b2ba-ac1f6b6435d0,25 1,1 25
0a00b510-bbc1-11e8-b2bb-ac1f6b6435d0,16 14 21,14 25
0a020f78-bba8-11e8-b2ba-ac1f6b6435d0,20,20
0a022f5e-bbca-11e8-b2bc-ac1f6b6435d0,23,7
0a027b48-bba3-11e8-b2b9-ac1f6b6435d0,0,0
0a0447c8-bbb9-11e8-b2ba-ac1f6b6435d0,5 21,5 21
0a04e182-bba1-11e8-b2b9-ac1f6b6435d0,16 0,0
0a060f70-bbb6-11e8-b2ba-ac1f6b6435d0,25,25
0a06de86-bbb7-11e8-b2ba-ac1f6b6435d0,21,21
0a0af552-bbb7-11e8-b2ba-ac1f6b6435d0,3 0,0 3
0a0bd7c4-bbc6-11e8-b2bc-ac1f6b6435d0,23,23
0a0bf050-bbc2-11e8-b2bb-ac1f6b6435d0,25 5,5 25
0a10e27a-bba1-11e8-b2b9-ac1f6b6435d0,25 18 0,0 18
0a1254ce-bba7-11e8-b2ba-ac1f6b6435d0,25 0,0 25
0a130a00-bbc9-11e8-b2bc-ac1f6b6435d0,23,23
0a13f200-bba4-11e8-b2b9-ac1f6b6435d0,16 0,0 14 25
0a145d4e-bbc7-11e8-b2bc-ac1f6b6435d0,16 21,16 21
0a14ade8-bbaa-11e8-b2ba-ac1f6b6435d0,0 21,0 21
0a1d66b8-bbaa-11e8-b2ba-ac1f6b6435d0,0,0
0a28ce6e-bba9-11e8-b2ba-ac1f6b6435d0,3 0,0 3
0a294eb8-bbca-11e8-b2bc-ac1f6b6435d0,25 0 21,0 21 25
0a2abec8-bbb7-11e8-b2ba-ac1f6b6435d0,25,25
0a2ade02-bba9-11e8-b2ba-ac1f6b6435d0,21,21
0a3028e6-bbca-11e8-b2bc-ac1f6b6435d0,25 2,2 25
0a3838c8-bbb2-11e8-b2ba-ac1f6b6435d0,0,0
0a3c588e-bbbe-11e8-b2ba-ac1f6b6435d0,19,19
0a3eb75e-bba6-11e8-b2ba-ac1f6b6435d0,4 3,3 4
0a42335c-bb9c-11e8-b2b9-ac1f6b6435d0,21,21
0a424aec-bb9f-11e8-b2b9-ac1f6b6435d0,2 0,0 2
0a425bd0-bbb4-11e8-b2ba-ac1f6b6435d0,0 21,0
0a42dfe2-bba5-11e8-b2ba-ac1f6b6435d0,7 0 21,0 7 18 21
0a478ea6-bbb0-11e8-b2ba-ac1f6b6435d0,3,3
0a4b8f5a-bbca-11e8-b2bc-ac1f6b6435d0,21,21
0a4ec902-bbb8-11e8-b2ba-ac1f6b6435d0,25 1 0,1 25
0a52fde8-bbb2-11e8-b2ba-ac1f6b6435d0,22 25 0,0 22 25
0a537870-bbb4-11e8-b2ba-ac1f6b6435d0,0,0
0a5762cc-bb9c-11e8-b2b9-ac1f6b6435d0,2 21,2 25
0a58f594-bba9-11e8-b2ba-ac1f6b6435d0,19,19
0a5c5356-bbc7-11e8-b2bc-ac1f6b6435d0,3 0,3
0a5cb468-bbae-11e8-b2ba-ac1f6b6435d0,4,4
0a5e821a-bbc3-11e8-b2bc-ac1f6b6435d0,25,19 25
0a5ff5a0-bbbe-11e8-b2ba-ac1f6b6435d0,25,25
0a6068e8-bbb7-11e8-b2ba-ac1f6b6435d0,4,4
0a62dfb6-bbac-11e8-b2ba-ac1f6b6435d0,25,25
0a643566-bbbe-11e8-b2ba-ac1f6b6435d0,0,0 23
0a6592d2-bba8-11e8-b2ba-ac1f6b6435d0,21,21
0a665bce-bba1-11e8-b2b9-ac1f6b6435d0,5 0,0 5
0a6eb934-bbb7-11e8-b2ba-ac1f6b6435d0,18 0,0
0a74debc-bbc2-11e8-b2bb-ac1f6b6435d0,25 13,13 25
0a763540-bb9b-11e8-b2b9-ac1f6b6435d0,21,14
0a78d622-bbac-11e8-b2ba-ac1f6b6435d0,2 0,0 25
0a7e47d2-bbb2-11e8-b2ba-ac1f6b6435d0,3,2
0a825ec4-bba0-11e8-b2b9-ac1f6b6435d0,25 0,0 25
0a83291a-bbc5-11e8-b2bc-ac1f6b6435d0,25,25
0a87242c-bbb9-11e8-b2ba-ac1f6b6435d0,25,25
0a88df62-bbad-11e8-b2ba-ac1f6b6435d0,25 0,0 5 25
0a89a3fe-bbbf-11e8-b2ba-ac1f6b6435d0,19,19
0a8b9d16-bbac-11e8-b2ba-ac1f6b6435d0,19 25,18 25
0a8be01c-bbae-11e8-b2ba-ac1f6b6435d0,12 7 4,4 12
0a8bf146-bbbe-11e8-b2ba-ac1f6b6435d0,25 7 0 21,0 25
0a8caf00-bb9b-11e8-b2b9-ac1f6b6435d0,22 0,0 22
0a8d03ac-bbae-11e8-b2ba-ac1f6b6435d0,25 0 21,0 21 22 25
0a8e9110-bbbb-11e8-b2ba-ac1f6b6435d0,21,0 25
0a904bec-bba5-11e8-b2ba-ac1f6b6435d0,25 3,3 6 25
0a9705d4-bbc5-11e8-b2bc-ac1f6b6435d0,26 0,0 26
0a9a8b6a-bbab-11e8-b2ba-ac1f6b6435d0,25 0,0 25
0a9e174e-bbb5-11e8-b2ba-ac1f6b6435d0,0,0
0a9e48d4-bbb2-11e8-b2ba-ac1f6b6435d0,7 0,0 7
0aa0a450-bbba-11e8-b2ba-ac1f6b6435d0,23,23
0aa1d990-bbad-11e8-b2ba-ac1f6b6435d0,18,18 19 25
0aa32b26-bbb5-11e8-b2ba-ac1f6b6435d0,25 4,4 21 25
0aa44542-bbc4-11e8-b2bc-ac1f6b6435d0,25,25
0aa47ebc-bba2-11e8-b2b9-ac1f6b6435d0,14,14 17
0aa98550-bbb2-11e8-b2ba-ac1f6b6435d0,2 0,0 3
0aab505c-bb9d-11e8-b2b9-ac1f6b6435d0,11 23,23 25
0aad873a-bb9a-11e8-b2b9-ac1f6b6435d0,11 2 0,0 14
0ab0e65c-bbbb-11e8-b2ba-ac1f6b6435d0,25 5,0 5 25
0ab3efe8-bbb9-11e8-b2ba-ac1f6b6435d0,0,0
0ab5c4ca-bbc9-11e8-b2bc-ac1f6b6435d0,19,19
0ab76a24-bbb4-11e8-b2ba-ac1f6b6435d0,25 0 21,0 25
0ab81c8a-bbbe-11e8-b2ba-ac1f6b6435d0,7,7
0abb0b4a-bbbc-11e8-b2ba-ac1f6b6435d0,25 5,0 25
0abcf5be-bbc5-11e8-b2bc-ac1f6b6435d0,0,0
0abf5bb6-bbb0-11e8-b2ba-ac1f6b6435d0,23,18
0ac0ce68-bbad-11e8-b2ba-ac1f6b6435d0,19,19
0ac10984-bbba-11e8-b2ba-ac1f6b6435d0,2 0,0 2 25
0ac1f37a-bbb1-11e8-b2ba-ac1f6b6435d0,25,25
0ac3265e-bb9e-11e8-b2b9-ac1f6b6435d0,0,0
0ac345be-bb9c-11e8-b2b9-ac1f6b6435d0,0,0
0ac6ab16-bbbd-11e8-b2ba-ac1f6b6435d0,25 0,21 25
0ac6d07a-bbc0-11e8-b2bb-ac1f6b6435d0,25 0,0 25
0ac6f55a-bbb1-11e8-b2ba-ac1f6b6435d0,2 0,0 2
0ac7387c-bbc4-11e8-b2bc-ac1f6b6435d0,21,21
0acbd914-bbaf-11e8-b2ba-ac1f6b6435d0,6,23
0acc4108-bbbc-11e8-b2ba-ac1f6b6435d0,2,3
0acd8586-bba3-11e8-b2b9-ac1f6b6435d0,7,7
0ad0db12-bba0-11e8-b2b9-ac1f6b6435d0,23 1,1 23
0ad11e0e-bba7-11e8-b2ba-ac1f6b6435d0,11 2,14
0ad12a32-bb9f-11e8-b2b9-ac1f6b6435d0,0,0
0ad27ddc-bbbe-11e8-b2ba-ac1f6b6435d0,5,5
0ad45aa2-bb9c-11e8-b2b9-ac1f6b6435d0,0,0
0ad68760-bbc8-11e8-b2bc-ac1f6b6435d0,25 0,0 21
0ad6dbec-bbab-11e8-b2ba-ac1f6b6435d0,25,6 25
0ad7eada-bbbc-11e8-b2ba-ac1f6b6435d0,16 25 0,0 25
0ad8ef7a-bba3-11e8-b2b9-ac1f6b6435d0,23 0,0 23
0ad96faa-bb9d-11e8-b2b9-ac1f6b6435d0,25 21,18 21 25
0adb4544-bbae-11e8-b2ba-ac1f6b6435d0,25 0,0
0add2158-bbc6-11e8-b2bc-ac1f6b6435d0,0,0
0ade9450-bbaa-11e8-b2ba-ac1f6b6435d0,3,3
0adeeabe-bb9f-11e8-b2b9-ac1f6b6435d0,26,26
0ae1739a-bbab-11e8-b2ba-ac1f6b6435d0,25 1,0 25
0ae26a66-bbc4-11e8-b2bc-ac1f6b6435d0,16 25,25
0ae59882-bbbd-11e8-b2ba-ac1f6b6435d0,25,7
0ae791ea-bbc3-11e8-b2bc-ac1f6b6435d0,23,23
0ae8d7ba-bbc0-11e8-b2bb-ac1f6b6435d0,25 0,21
0aea771e-bba7-11e8-b2ba-ac1f6b6435d0,7 0,7
0aeb18f0-bbba-11e8-b2ba-ac1f6b6435d0,25 20,7 25
0aec8cd4-bbbb-11e8-b2ba-ac1f6b6435d0,25 18 0,0 21
0aed3546-bbb9-11e8-b2ba-ac1f6b6435d0,19 0,7
0aeeb7de-bbca-11e8-b2bc-ac1f6b6435d0,25 0,0
0aefd7b2-bbb2-11e8-b2ba-ac1f6b6435d0,0,0
0af0c9b0-bbbc-11e8-b2ba-ac1f6b6435d0,7,7
0af28b80-bba6-11e8-b2ba-ac1f6b6435d0,18,18
0af582b0-bbae-11e8-b2ba-ac1f6b6435d0,7,21
0af6fd2c-bbb1-11e8-b2ba-ac1f6b6435d0,12 25 21,4 12 21 25
0af9dafc-bbc4-11e8-b2bc-ac1f6b6435d0,25 0,0 25
0afb45bc-bb9d-11e8-b2b9-ac1f6b6435d0,2,2 7
0afda11a-bba0-11e8-b2b9-ac1f6b6435d0,19 4 27,0
0b044e88-bba6-11e8-b2ba-ac1f6b6435d0,25 0,0 5 25
0b04e5ce-bbb9-11e8-b2ba-ac1f6b6435d0,18,7
0b0884b0-bb9e-11e8-b2b9-ac1f6b6435d0,25 0,0 25
0b138d5c-bbca-11e8-b2bc-ac1f6b6435d0,11,11
0b13bb5a-bbc1-11e8-b2bb-ac1f6b6435d0,4,4
0b14a06c-bbbf-11e8-b2ba-ac1f6b6435d0,14 2,2 14 16
0b157940-bba8-11e8-b2ba-ac1f6b6435d0,7 0,7
0b163e00-bbbe-11e8-b2ba-ac1f6b6435d0,25 21,21 25
0b1999e0-bba2-11e8-b2b9-ac1f6b6435d0,26 25 21,26
0b1a64be-bbc1-11e8-b2bb-ac1f6b6435d0,5,5
0b20d926-bb9d-11e8-b2b9-ac1f6b6435d0,25 21,25
0b22f922-bbac-11e8-b2ba-ac1f6b6435d0,25,25
0b2469d6-bbc2-11e8-b2bb-ac1f6b6435d0,25,25
0b252bcc-bbc8-11e8-b2bc-ac1f6b6435d0,2,2
0b286088-bbac-11e8-b2ba-ac1f6b6435d0,7,7
0b2d1d7e-bba4-11e8-b2b9-ac1f6b6435d0,0,0 25
0b2d754a-bbc6-11e8-b2bc-ac1f6b6435d0,7,7
0b2dd2be-bba4-11e8-b2b9-ac1f6b6435d0,25,25
0b2e54ea-bb9b-11e8-b2b9-ac1f6b6435d0,6,6
0b2fdd36-bbc5-11e8-b2bc-ac1f6b6435d0,14 1,0 14
0b306628-bbb8-11e8-b2ba-ac1f6b6435d0,7,7
0b37e1fa-bba4-11e8-b2b9-ac1f6b6435d0,6,6
0b3993f4-bbbf-11e8-b2ba-ac1f6b6435d0,18,7
0b3999ce-bbb2-11e8-b2ba-ac1f6b6435d0,19 0,0 19
0b3a936e-bba4-11e8-b2b9-ac1f6b6435d0,25 6 0,0 25
0b3b46a8-bbbb-11e8-b2ba-ac1f6b6435d0,25 7 0,0 7 25
0b3d7a58-bbad-11e8-b2ba-ac1f6b6435d0,23,23
0b3f5d46-bbb7-11e8-b2ba-ac1f6b6435d0,0 21,0 25
0b3fb8da-bbbd-11e8-b2ba-ac1f6b6435d0,13 3,13 21
0b42b618-bba7-11e8-b2ba-ac1f6b6435d0,21,21
0b43b1b8-bb9c-11e8-b2b9-ac1f6b6435d0,25 0,0 1 25
0b441c8e-bbb5-11e8-b2ba-ac1f6b6435d0,25,6 25
0b44650e-bbb0-11e8-b2ba-ac1f6b6435d0,25 5 0,0 5 25
0b4514f8-bbb1-11e8-b2ba-ac1f6b6435d0,21,21
0b45a336-bbc1-11e8-b2bb-ac1f6b6435d0,19,19
0b4bcc54-bba1-11e8-b2b9-ac1f6b6435d0,25 0,0 25
0b4bec30-bbb9-11e8-b2ba-ac1f6b6435d0,5 21,5 25
0b4c8a0a-bb9b-11e8-b2b9-ac1f6b6435d0,0 21,0 21
0b4e8ffa-bba3-11e8-b2b9-ac1f6b6435d0,6,6 14
0b504976-bbad-11e8-b2ba-ac1f6b6435d0,4,4
0b517ef0-bb9d-11e8-b2b9-ac1f6b6435d0,12 25 0,0 12
0b52384c-bb9b-11e8-b2b9-ac1f6b6435d0,22,5
0b566a36-bbc6-11e8-b2bc-ac1f6b6435d0,5,5
0b62f948-bbaa-11e8-b2ba-ac1f6b6435d0,13 2,13
0b67a000-bb9c-11e8-b2b9-ac1f6b6435d0,18,18
0b67cc3c-bbc0-11e8-b2bb-ac1f6b6435d0,25 3,3 25
0b6eb490-bbaf-11e8-b2ba-ac1f6b6435d0,2 3 0,0 3
0b6f5344-bbb6-11e8-b2ba-ac1f6b6435d0,18,18
0b72650a-bba4-11e8-b2b9-ac1f6b6435d0,16 7,0 7
0b7286d0-bbb7-11e8-b2ba-ac1f6b6435d0,0,0 1
0b728cca-bbc1-11e8-b2bb-ac1f6b6435d0,4,0
0b741144-bba8-11e8-b2ba-ac1f6b6435d0,5,5
0b780c0c-bbb9-11e8-b2ba-ac1f6b6435d0,25,6
0b7a5204-bbb5-11e8-b2ba-ac1f6b6435d0,4,4
0b81b97e-bb9f-11e8-b2b9-ac1f6b6435d0,14,14
0b844cc0-bb9f-11e8-b2b9-ac1f6b6435d0,7,7
0b89204a-bbbf-11e8-b2ba-ac1f6b6435d0,13,13
0b8a52a0-bbae-11e8-b2ba-ac1f6b6435d0,3,2 25
0b8b42f0-bbbd-11e8-b2ba-ac1f6b6435d0,2 0,0 2
0b8bec5a-bbb3-11e8-b2ba-ac1f6b6435d0,25 11 2 0,0 2 11 25
0b8c3478-bbbb-11e8-b2ba-ac1f6b6435d0,2 0,0
0b8d5f8c-bba8-11e8-b2ba-ac1f6b6435d0,25 0,0 2
0b8fda26-bbaf-11e8-b2ba-ac1f6b6435d0,2 0,0 2
0b936016-bba9-11e8-b2ba-ac1f6b6435d0,0,0
0b93e320-bb9e-11e8-b2b9-ac1f6b6435d0,2 0,0 2
0b93fa74-bba1-11e8-b2b9-ac1f6b6435d0,23,23
0b94e4c0-bbc4-11e8-b2bc-ac1f6b6435d0,14,14
0b973b94-bb9c-11e8-b2b9-ac1f6b6435d0,25 5,25
0b97ef78-bbb3-11e8-b2ba-ac1f6b6435d0,25 7 0,0 7 21
0b9f5988-bba0-11e8-b2b9-ac1f6b6435d0,11 5 0,0 5
0ba299c4-bbbc-11e8-b2ba-ac1f6b6435d0,2,25
0ba6d23c-bba3-11e8-b2b9-ac1f6b6435d0,0,0
0baa3cee-bbc4-11e8-b2bc-ac1f6b6435d0,23 0,0 23
0bac09e6-bb9e-11e8-b2b9-ac1f6b6435d0,25 21,21
0bac19d6-bbc1-11e8-b2bb-ac1f6b6435d0,25 18,19 25
0bad3030-bba5-11e8-b2ba-ac1f6b6435d0,21,21
0bb37f3e-bbb5-11e8-b2ba-ac1f6b6435d0,25 7 0,7
0bb5186a-bbc6-11e8-b2bc-ac1f6b6435d0,3 0,0 2
0bb59eb4-bbb4-11e8-b2ba-ac1f6b6435d0,25 7,7 25
0bbad1dc-bba9-11e8-b2ba-ac1f6b6435d0,19,19
0bbae852-bbae-11e8-b2ba-ac1f6b6435d0,19 25,19 25
0bbcd45a-bbc2-11e8-b2bb-ac1f6b6435d0,25 0,7 25
0bbd8a84-bbc8-11e8-b2bc-ac1f6b6435d0,23,23
0bbef1fa-bbb7-11e8-b2ba-ac1f6b6435d0,25 0,0 25
0bc0c36c-bbc7-11e8-b2bc-ac1f6b6435d0,3,3
0bc24d9e-bbb9-11e8-b2ba-ac1f6b6435d0,1 0,0 1 5
0bc2c0a2-bbc9-11e8-b2bc-ac1f6b6435d0,25 7,7 21
0bc3dbe0-bbbf-11e8-b2ba-ac1f6b6435d0,25,25
0bcba94e-bb9a-11e8-b2b9-ac1f6b6435d0,5 0,5
0bcc566e-bbbd-11e8-b2ba-ac1f6b6435d0,25 7,25
0bd30b9a-bbb7-11e8-b2ba-ac1f6b6435d0,13 0,0
0bd8e2ce-bbba-11e8-b2ba-ac1f6b6435d0,25 21,21 25
0bdc3bf8-bbca-11e8-b2bc-ac1f6b6435d0,25,25
0bde66fa-bbb4-11e8-b2ba-ac1f6b6435d0,25 0,4 21 25
0be02cc6-bba8-11e8-b2ba-ac1f6b6435d0,5,5
0be1d9d2-bba2-11e8-b2b9-ac1f6b6435d0,6,6
0be53842-bbad-11e8-b2ba-ac1f6b6435d0,23,23
0be5816c-bbc6-11e8-b2bc-ac1f6b6435d0,25 0,0 25
0beae432-bbbb-11e8-b2ba-ac1f6b6435d0,7 0 21,0 7 21
0bec1336-bbc3-11e8-b2bc-ac1f6b6435d0,25 6 2,2 6
0bedac26-bb9d-11e8-b2b9-ac1f6b6435d0,19,5
0bee0bbc-bba7-11e8-b2ba-ac1f6b6435d0,1 4,1 25
0bf7bcde-bb9d-11e8-b2b9-ac1f6b6435d0,25 13,13
0bf9d7fa-bbaa-11e8-b2ba-ac1f6b6435d0,19 0,0 19
0c013c14-bba7-11e8-b2ba-ac1f6b6435d0,4,4
0c013c60-bbab-11e8-b2ba-ac1f6b6435d0,5,3
0c044380-bbb3-11e8-b2ba-ac1f6b6435d0,0,0
0c05db26-bbc9-11e8-b2bc-ac1f6b6435d0,20,23
0c0a6634-bbc7-11e8-b2bc-ac1f6b6435d0,25,2 25
0c0c817a-bbb9-11e8-b2ba-ac1f6b6435d0,25 5,21
0c101c04-bbc8-11e8-b2bc-ac1f6b6435d0,19 0,0 19
0c1aaee0-bbc2-11e8-b2bb-ac1f6b6435d0,25,25
0c1bce14-bbb9-11e8-b2ba-ac1f6b6435d0,11 3,2 11
0c1d7284-bbc1-11e8-b2bb-ac1f6b6435d0,25 5,21
0c20be96-bbc9-11e8-b2bc-ac1f6b6435d0,0,0
0c21f2d6-bbbd-11e8-b2ba-ac1f6b6435d0,2 0,0 2
0c2246d8-bbb2-11e8-b2ba-ac1f6b6435d0,25 0,0 25
0c22c16c-bbc6-11e8-b2bc-ac1f6b6435d0,5,19
0c24b4b8-bba3-11e8-b2b9-ac1f6b6435d0,23 0,23
0c24b750-bbbd-11e8-b2ba-ac1f6b6435d0,23,23
0c290610-bbaf-11e8-b2ba-ac1f6b6435d0,0 21,0 21
0c2a46ea-bbc5-11e8-b2bc-ac1f6b6435d0,25 23,23 25
0c303d30-bbb0-11e8-b2ba-ac1f6b6435d0,21,21
0c30d644-bbad-11e8-b2ba-ac1f6b6435d0,23 4,4
0c37e6b6-bbb5-11e8-b2ba-ac1f6b6435d0,6,6 25
0c396ffa-bbb4-11e8-b2ba-ac1f6b6435d0,3,3
0c3c2d7e-bba7-11e8-b2ba-ac1f6b6435d0,0,0
0c3c5086-bbb8-11e8-b2ba-ac1f6b6435d0,25 7,7 25
0c3c58a6-bbc2-11e8-b2bb-ac1f6b6435d0,25 6,2 25
0c3db39c-bbb6-11e8-b2ba-ac1f6b6435d0,3 0,0 3
0c3edb5e-bbad-11e8-b2ba-ac1f6b6435d0,25 21,4 21 25
0c3fc23e-bba4-11e8-b2b9-ac1f6b6435d0,0,0 25
0c40d58a-bb9e-11e8-b2b9-ac1f6b6435d0,6,6
0c414472-bbbf-11e8-b2ba-ac1f6b6435d0,25 2 0,0 2 25
0c421fc4-bba5-11e8-b2ba-ac1f6b6435d0,25,25
0c432670-bbc4-11e8-b2bc-ac1f6b6435d0,6,6 23
0c4335f8-bbbe-11e8-b2ba-ac1f6b6435d0,4,4
0c495fb4-bbb4-11e8-b2ba-ac1f6b6435d0,6,6
0c4a16ca-bb9b-11e8-b2b9-ac1f6b6435d0,7 0,0 7
0c55824c-bbb1-11e8-b2ba-ac1f6b6435d0,23,25
0c55caf6-bba5-11e8-b2ba-ac1f6b6435d0,19 0,0 19
0c56a5b4-bb9d-11e8-b2b9-ac1f6b6435d0,7,7
0c587bc6-bba9-11e8-b2ba-ac1f6b6435d0,25 14 2,2 14 25
0c595c0e-bbc1-11e8-b2bb-ac1f6b6435d0,7 2,2 7
0c5b0cb8-bbbf-11e8-b2ba-ac1f6b6435d0,0,0
0c5bacdc-bb9b-11e8-b2b9-ac1f6b6435d0,12,12
0c5dc01e-bbc1-11e8-b2bb-ac1f6b6435d0,7 0,0 7
0c5f587c-bbab-11e8-b2ba-ac1f6b6435d0,2,2
0c621b52-bbc9-11e8-b2bc-ac1f6b6435d0,25 18,25
0c632d48-bbca-11e8-b2bc-ac1f6b6435d0,5 2,5
0c635d92-bbc3-11e8-b2bc-ac1f6b6435d0,12 0 21,0
0c660d68-bb9f-11e8-b2b9-ac1f6b6435d0,16 2 0,0 16
0c696148-bba9-11e8-b2ba-ac1f6b6435d0,25 1 0,0 1 25
0c69d568-bbbf-11e8-b2ba-ac1f6b6435d0,7,7
0c6a0c1c-bbc5-11e8-b2bc-ac1f6b6435d0,7,7
0c6cf3ae-bba8-11e8-b2ba-ac1f6b6435d0,4,4
0c6f5926-bbbe-11e8-b2ba-ac1f6b6435d0,0,0 25
0c6f99de-bb9d-11e8-b2b9-ac1f6b6435d0,25 14 0,2 25
0c70d5e4-bbb9-11e8-b2ba-ac1f6b6435d0,23,23
0c739c70-bbbe-11e8-b2ba-ac1f6b6435d0,14,14
0c75edd2-bbae-11e8-b2ba-ac1f6b6435d0,25 0,0
0c766e8e-bbad-11e8-b2ba-ac1f6b6435d0,7,7
0c7be93a-bbc2-11e8-b2bb-ac1f6b6435d0,25,21 25
0c7cb736-bbca-11e8-b2bc-ac1f6b6435d0,18 23 0 21,0 23
0c7e4d56-bbb8-11e8-b2ba-ac1f6b6435d0,21,21
0c7f4a4a-bba3-11e8-b2b9-ac1f6b6435d0,25 21,21 25
0c7f65fa-bb9b-11e8-b2b9-ac1f6b6435d0,23,2 23
0c809582-bba6-11e8-b2ba-ac1f6b6435d0,12 25 21,25
0c8114ac-bba2-11e8-b2b9-ac1f6b6435d0,7 0,23
0c819b2a-bba7-11e8-b2ba-ac1f6b6435d0,7 0,0
0c849bfa-bba1-11e8-b2b9-ac1f6b6435d0,2 0,0 2
0c84a6ae-bbc4-11e8-b2bc-ac1f6b6435d0,0 21,0
0c8996d4-bba4-11e8-b2b9-ac1f6b6435d0,19 25 0,0 19
0c8ac3fe-bba6-11e8-b2ba-ac1f6b6435d0,25 21,21 25
0c8cbc2a-bbb7-11e8-b2ba-ac1f6b6435d0,11,11
0c915152-bbaf-11e8-b2ba-ac1f6b6435d0,7,7
0c9265f0-bba1-11e8-b2b9-ac1f6b6435d0,0,0 5
0c92675e-bbb9-11e8-b2ba-ac1f6b6435d0,16 14,14 16
0c966a60-bbc9-11e8-b2bc-ac1f6b6435d0,11,4 11
0c9a9148-bbb6-11e8-b2ba-ac1f6b6435d0,25 14,14
0c9c30da-bbbf-11e8-b2ba-ac1f6b6435d0,0,0
0c9cf542-bbc4-11e8-b2bc-ac1f6b6435d0,3,3
0ca06d56-bb9e-11e8-b2b9-ac1f6b6435d0,0,0 25
0ca495de-bbc1-11e8-b2bb-ac1f6b6435d0,0 21,21
0ca8c2e8-bb9f-11e8-b2b9-ac1f6b6435d0,0,0
0cab66e4-bbbb-11e8-b2ba-ac1f6b6435d0,25 21,25
0cac0d3c-bba3-11e8-b2b9-ac1f6b6435d0,25,20
0cb08b76-bbc3-11e8-b2bc-ac1f6b6435d0,1 0,0 1
0cb0fab2-bba9-11e8-b2ba-ac1f6b6435d0,19 4,4
0cb27700-bba6-11e8-b2ba-ac1f6b6435d0,25 0 21,21 25
0cb39c82-bba8-11e8-b2ba-ac1f6b6435d0,25 0,0 25
0cb9c400-bbc0-11e8-b2bb-ac1f6b6435d0,25 5 0,0 5
0cbc55bc-bbac-11e8-b2ba-ac1f6b6435d0,13 1 0,0 5
0cbd6c5e-bba2-11e8-b2b9-ac1f6b6435d0,1 0 21,0 1 25
0cc2abdc-bbad-11e8-b2ba-ac1f6b6435d0,23 0,0
0cc5182a-bba0-11e8-b2b9-ac1f6b6435d0,0,0 7
0cc74c8a-bba5-11e8-b2ba-ac1f6b6435d0,7,7
0cc765d6-bba4-11e8-b2b9-ac1f6b6435d0,1 0,1
0ccc4c36-bbae-11e8-b2ba-ac1f6b6435d0,4,5
0cce4f7a-bbba-11e8-b2ba-ac1f6b6435d0,0,4
0cce5ab6-bb9b-11e8-b2b9-ac1f6b6435d0,7,7
0cd076ea-bbbc-11e8-b2ba-ac1f6b6435d0,25 2 0,0
0cd428ca-bbc2-11e8-b2bb-ac1f6b6435d0,25 3,3 25
0cd484e6-bbb8-11e8-b2ba-ac1f6b6435d0,23,23
0cd56794-bbb8-11e8-b2ba-ac1f6b6435d0,19,18 19 25
0cd92bf2-bbab-11e8-b2ba-ac1f6b6435d0,14,14
0cd9481a-bbb7-11e8-b2ba-ac1f6b6435d0,0,0
0cdcf156-bbb0-11e8-b2ba-ac1f6b6435d0,12 5,12
0ce02bbe-bbb0-11e8-b2ba-ac1f6b6435d0,25 4 21,4 21 25
0ce8fcd2-bbc7-11e8-b2bc-ac1f6b6435d0,2,2
0ceb91f8-bba5-11e8-b2ba-ac1f6b6435d0,5,5
0cef0266-bbaa-11e8-b2ba-ac1f6b6435d0,0,0
0cefaacc-bbc3-11e8-b2bc-ac1f6b6435d0,0 21,0 21
0cf1cfe2-bb9a-11e8-b2b9-ac1f6b6435d0,25 18 0,18 21
0cf202d4-bbc5-11e8-b2bc-ac1f6b6435d0,0,0
0cf36c82-bbca-11e8-b2bc-ac1f6b6435d0,25 23 0,0 23
0cf89312-bba0-11e8-b2b9-ac1f6b6435d0,25 7 0,0 7
0cf9fe9a-bba1-11e8-b2b9-ac1f6b6435d0,7,0 7
0cfbad10-bbb7-11e8-b2ba-ac1f6b6435d0,0,0
0d00856e-bba9-11e8-b2ba-ac1f6b6435d0,23,23
0d00a76a-bb9f-11e8-b2b9-ac1f6b6435d0,0,0
0d033276-bb9c-11e8-b2b9-ac1f6b6435d0,1 2,0 1 2
0d0343c0-bbaf-11e8-b2ba-ac1f6b6435d0,12 19,19
0d039bce-bbbc-11e8-b2ba-ac1f6b6435d0,5,25
0d059bc4-bbab-11e8-b2ba-ac1f6b6435d0,23,5
0d084784-bbb5-11e8-b2ba-ac1f6b6435d0,21,21
0d0e3bfe-bbc3-11e8-b2bc-ac1f6b6435d0,12,12 23
0d0e9e62-bbc5-11e8-b2bc-ac1f6b6435d0,23,23
0d0f30d8-bb9e-11e8-b2b9-ac1f6b6435d0,24,24
0d1000f8-bbc1-11e8-b2bb-ac1f6b6435d0,22 5,22
0d1445ea-bbbd-11e8-b2ba-ac1f6b6435d0,7,7
0d1614fe-bbbf-11e8-b2ba-ac1f6b6435d0,21,0 21 22
0d17b49e-bba6-11e8-b2ba-ac1f6b6435d0,0,0
0d188b6c-bbc9-11e8-b2bc-ac1f6b6435d0,5 0,0 5
0d1be0a8-bba3-11e8-b2b9-ac1f6b6435d0,0,0
0d1daa5e-bbc7-11e8-b2bc-ac1f6b6435d0,18 17 21,16 17 18 21
0d1ec038-bbae-11e8-b2ba-ac1f6b6435d0,7,7
0d1ed0e0-bbbe-11e8-b2ba-ac1f6b6435d0,3 0,0 3
0d1f1f60-bbc7-11e8-b2bc-ac1f6b6435d0,26,0
0d2253f6-bbc2-11e8-b2bb-ac1f6b6435d0,25 0,0 25
0d26d80a-bbc1-11e8-b2bb-ac1f6b6435d0,26 0,0
0d2e7700-bbc0-11e8-b2bb-ac1f6b6435d0,12,12
0d3658e4-bbc5-11e8-b2bc-ac1f6b6435d0,12,12 13
0d37ba84-bbc2-11e8-b2bb-ac1f6b6435d0,5,5
0d38f85c-bbba-11e8-b2ba-ac1f6b6435d0,0,0
0d3cd1a6-bbca-11e8-b2bc-ac1f6b6435d0,22 0,0
0d3d08ae-bba9-11e8-b2ba-ac1f6b6435d0,22 2 0,0 3
0d3d7f56-bbb2-11e8-b2ba-ac1f6b6435d0,11,0 11
0d3eb548-bbc5-11e8-b2bc-ac1f6b6435d0,0,0
0d42d4c2-bbaa-11e8-b2ba-ac1f6b6435d0,23,23
0d43a2e2-bbb1-11e8-b2ba-ac1f6b6435d0,17 5,5
0d43ae1e-bba1-11e8-b2b9-ac1f6b6435d0,25,25
0d4d523c-bbb2-11e8-b2ba-ac1f6b6435d0,3,3
0d4d6db6-bbbd-11e8-b2ba-ac1f6b6435d0,25 18 17,17 18 25
0d5185ec-bbbb-11e8-b2ba-ac1f6b6435d0,6 2,2 25
0d522972-bbc8-11e8-b2bc-ac1f6b6435d0,3,3
0d53ebb4-bb9a-11e8-b2b9-ac1f6b6435d0,16,16
0d545ce8-bbae-11e8-b2ba-ac1f6b6435d0,26 4,4
0d59ed6e-bbc4-11e8-b2bc-ac1f6b6435d0,4 21,4 21
0d5b2b08-bbaf-11e8-b2ba-ac1f6b6435d0,26,26
0d618a92-bbb0-11e8-b2ba-ac1f6b6435d0,25 2,2 6 25
0d621fd6-bbb3-11e8-b2ba-ac1f6b6435d0,25 4,4
0d6da8f8-bbb6-11e8-b2ba-ac1f6b6435d0,25 2,2 25
0d6ea828-bbb3-11e8-b2ba-ac1f6b6435d0,23,23
0d6f9fb8-bbbc-11e8-b2ba-ac1f6b6435d0,23,23
0d712b96-bbab-11e8-b2ba-ac1f6b6435d0,23,23
0d716f64-bbc1-11e8-b2bb-ac1f6b6435d0,0,0
0d7846f6-bbb5-11e8-b2ba-ac1f6b6435d0,23 0,0 25
0d78584a-bbc3-11e8-b2bc-ac1f6b6435d0,25 1,1 25
0d7c2e1c-bba9-11e8-b2ba-ac1f6b6435d0,25 23 2,2 23 25
0d7d833a-bba3-11e8-b2b9-ac1f6b6435d0,25 23 0,0 25
0d7e5510-bbaf-11e8-b2ba-ac1f6b6435d0,2 0,0 2
0d7e560c-bbbc-11e8-b2ba-ac1f6b6435d0,4 0,4
0d7e8238-bbbe-11e8-b2ba-ac1f6b6435d0,25 2,0 2 25
0d7ea198-bbc6-11e8-b2bc-ac1f6b6435d0,25 0,0 25
0d8129d8-bbba-11e8-b2ba-ac1f6b6435d0,11,21
0d858328-bbc6-11e8-b2bc-ac1f6b6435d0,19 0,0 25
0d8964f2-bba3-11e8-b2b9-ac1f6b6435d0,2 0,0 2
0d8a5134-bb9c-11e8-b2b9-ac1f6b6435d0,23,23
0d8ee1d0-bbb1-11e8-b2ba-ac1f6b6435d0,6 7,7
0d91024a-bbc4-11e8-b2bc-ac1f6b6435d0,11 21,11 14 25
0d95ba48-bbb4-11e8-b2ba-ac1f6b6435d0,25 13 21,13 25
0d98419a-bbba-11e8-b2ba-ac1f6b6435d0,25 18 0,0 18 25
0d99cfa8-bbc7-11e8-b2bc-ac1f6b6435d0,12 7 0,0 23
0d9b10e6-bbba-11e8-b2ba-ac1f6b6435d0,2 0,2
0da39a58-bbc0-11e8-b2bb-ac1f6b6435d0,3 0,3
0da5e6c6-bbb8-11e8-b2ba-ac1f6b6435d0,25 2 0,0 2 25
0da968fe-bbbe-11e8-b2ba-ac1f6b6435d0,22 25 21,21 25
0db32fb6-bbb3-11e8-b2ba-ac1f6b6435d0,11 5,11
0db4737a-bbaf-11e8-b2ba-ac1f6b6435d0,7,7
0db6227c-bbbb-11e8-b2ba-ac1f6b6435d0,18 0,0 2
0db64566-bbae-11e8-b2ba-ac1f6b6435d0,7 23,23
0dbbfa28-bbb4-11e8-b2ba-ac1f6b6435d0,0,0
0dc260b0-bbba-11e8-b2ba-ac1f6b6435d0,25 11,11
0dc3d912-bba7-11e8-b2ba-ac1f6b6435d0,0,0
0dc6d720-bbb1-11e8-b2ba-ac1f6b6435d0,21,21
0dcae53e-bba9-11e8-b2ba-ac1f6b6435d0,1,1
0dcfbdf8-bbb2-11e8-b2ba-ac1f6b6435d0,3 0,0 3
0dd00a36-bbb4-11e8-b2ba-ac1f6b6435d0,25 0,0 25
0dd06480-bbc9-11e8-b2bc-ac1f6b6435d0,23 0,0 23
0dd0a50e-bbaa-11e8-b2ba-ac1f6b6435d0,25 0,0 21
0dd56ec6-bb9c-11e8-b2b9-ac1f6b6435d0,0,4 25
0dd7ea7a-bbba-11e8-b2ba-ac1f6b6435d0,1 0,1 25
0dd8f508-bba3-11e8-b2b9-ac1f6b6435d0,23,23
0ddad448-bbaa-11e8-b2ba-ac1f6b6435d0,25 0,0 21 25
0ddce10a-bbb1-11e8-b2ba-ac1f6b6435d0,21,25
0ddf8a90-bba2-11e8-b2b9-ac1f6b6435d0,25,14
0de00bf4-bba3-11e8-b2b9-ac1f6b6435d0,24 0,0 24
0de0c21c-bbc9-11e8-b2bc-ac1f6b6435d0,7,7
0de17b6a-bbb2-11e8-b2ba-ac1f6b6435d0,25 21,6
0deb1942-bbb5-11e8-b2ba-ac1f6b6435d0,25,25
0df0b3fc-bbb5-11e8-b2ba-ac1f6b6435d0,5,5 21
0df0c3aa-bbca-11e8-b2bc-ac1f6b6435d0,14 21,21 25
0df2d9f8-bba0-11e8-b2b9-ac1f6b6435d0,0 21,0 21
0df5ef4e-bbaf-11e8-b2ba-ac1f6b6435d0,21,14 16 17
0df5fe58-bba5-11e8-b2ba-ac1f6b6435d0,23 0,0 7
0df9b3d2-bbc7-11e8-b2bc-ac1f6b6435d0,7,17 21
0dfa6a3e-bbbd-11e8-b2ba-ac1f6b6435d0,1,0 1
0dfc7cbc-bbc6-11e8-b2bc-ac1f6b6435d0,19,19
0dfd56d0-bbc3-11e8-b2bc-ac1f6b6435d0,25 4,4 25
0dfea524-bba2-11e8-b2b9-ac1f6b6435d0,25 1 0,0 1 25
0e029d2e-bbbf-11e8-b2ba-ac1f6b6435d0,9,9 10 20
0e04c5d2-bbaa-11e8-b2ba-ac1f6b6435d0,0,0
0e04e9ba-bba3-11e8-b2b9-ac1f6b6435d0,22 16 0,0 22
0e051cae-bbc2-11e8-b2bb-ac1f6b6435d0,13 0,0 13
0e08b992-bba7-11e8-b2ba-ac1f6b6435d0,4,4 25
0e0b78a2-bbc1-11e8-b2bb-ac1f6b6435d0,5,5
0e15c704-bbc5-11e8-b2bc-ac1f6b6435d0,5,0 21
0e1c5e02-bba7-11e8-b2ba-ac1f6b6435d0,23,23
0e20a772-bbbc-11e8-b2ba-ac1f6b6435d0,0,0
0e20ec2e-bba2-11e8-b2b9-ac1f6b6435d0,14 21,0 21
0e254292-bba7-11e8-b2ba-ac1f6b6435d0,0,0
0e2624dc-bba7-11e8-b2ba-ac1f6b6435d0,7 0,0 2 7
0e29bcd0-bbc2-11e8-b2bb-ac1f6b6435d0,25 18 0,18
0e2b2eae-bbbc-11e8-b2ba-ac1f6b6435d0,25 3,3 25
0e30a7e2-bbb4-11e8-b2ba-ac1f6b6435d0,14,14
0e387ffa-bbb2-11e8-b2ba-ac1f6b6435d0,25 0,0 25
0e3e3dbc-bba5-11e8-b2ba-ac1f6b6435d0,19,19
0e4004da-bbaa-11e8-b2ba-ac1f6b6435d0,3 0,0 3
0e40a38c-bba9-11e8-b2ba-ac1f6b6435d0,1,0 1
0e47e2f4-bbc3-11e8-b2bc-ac1f6b6435d0,21,7
0e4ce61e-bbc8-11e8-b2bc-ac1f6b6435d0,7 0,0 7
0e4e27ee-bba1-11e8-b2b9-ac1f6b6435d0,4,4
0e4ec642-bbb8-11e8-b2ba-ac1f6b6435d0,0,0
0e4f82ec-bbb5-11e8-b2ba-ac1f6b6435d0,1,1
0e529be0-bbb9-11e8-b2ba-ac1f6b6435d0,25,25
0e546158-bbc5-11e8-b2bc-ac1f6b6435d0,7,7
0e54f9d0-bb9b-11e8-b2b9-ac1f6b6435d0,7,7
0e562714-bbb5-11e8-b2ba-ac1f6b6435d0,11 4,2 4
0e56e5cc-bbbb-11e8-b2ba-ac1f6b6435d0,25 2 0,0 2
0e5cbf62-bbb9-11e8-b2ba-ac1f6b6435d0,25 3 21,3 25
0e5cde1e-bba7-11e8-b2ba-ac1f6b6435d0,23,23
0e63afe6-bbca-11e8-b2bc-ac1f6b6435d0,16 0,0 16
0e6638b2-bbc3-11e8-b2bc-ac1f6b6435d0,23,23
0e686fd6-bba7-11e8-b2ba-ac1f6b6435d0,25 23 2,23
0e6c61a6-bba5-11e8-b2ba-ac1f6b6435d0,0,0
0e6fb1cc-bbb3-11e8-b2ba-ac1f6b6435d0,14,14
0e7093dc-bba2-11e8-b2b9-ac1f6b6435d0,4,4
0e70a99a-bbbf-11e8-b2ba-ac1f6b6435d0,25,25
0e74cc90-bba7-11e8-b2ba-ac1f6b6435d0,5,5
0e75c0ae-bbbc-11e8-b2ba-ac1f6b6435d0,5 0,5
0e794394-bbaa-11e8-b2ba-ac1f6b6435d0,0 8,0
0e7c2a56-bbc2-11e8-b2bb-ac1f6b6435d0,25 0,0 25
0e7eae4c-bbbe-11e8-b2ba-ac1f6b6435d0,6,6 25
0e8024b2-bbc2-11e8-b2bb-ac1f6b6435d0,5,5
0e85e0b4-bba4-11e8-b2b9-ac1f6b6435d0,22,22
0e86f6ec-bba5-11e8-b2ba-ac1f6b6435d0,5,5
0e8764f6-bbaa-11e8-b2ba-ac1f6b6435d0,7,7 25
0e881814-bbb5-11e8-b2ba-ac1f6b6435d0,25 0,0 25
0e89decc-bbad-11e8-b2ba-ac1f6b6435d0,2,2
0e8b00e4-bbc7-11e8-b2bc-ac1f6b6435d0,0,0
0e8be748-bb9a-11e8-b2b9-ac1f6b6435d0,0 21,0 26
0e8c2582-bba4-11e8-b2b9-ac1f6b6435d0,3,5
0e8f51de-bbbe-11e8-b2ba-ac1f6b6435d0,7,7
0e91c3d2-bba6-11e8-b2ba-ac1f6b6435d0,24,24
0e947f1e-bbab-11e8-b2ba-ac1f6b6435d0,5,5
0e962068-bbc8-11e8-b2bc-ac1f6b6435d0,5,0 5
0e96a2e6-bbc7-11e8-b2bc-ac1f6b6435d0,2 21,2 25
0e970e5e-bbb6-11e8-b2ba-ac1f6b6435d0,7 0,0 20
0e970f6e-bba5-11e8-b2ba-ac1f6b6435d0,24 25 0,24
0e993230-bbaf-11e8-b2ba-ac1f6b6435d0,6,21
0e9963d8-bbbc-11e8-b2ba-ac1f6b6435d0,25 1 21,25
0ea2e606-bbb2-11e8-b2ba-ac1f6b6435d0,25 0,0 25
0ea513ba-bbab-11e8-b2ba-ac1f6b6435d0,2,2
0ea51da8-bbb3-11e8-b2ba-ac1f6b6435d0,12,12
0ea52674-bbb1-11e8-b2ba-ac1f6b6435d0,18,18 19
0ea71d6c-bbb1-11e8-b2ba-ac1f6b6435d0,23 1 0,1 23
0ea7a47c-bbb0-11e8-b2ba-ac1f6b6435d0,25 2 0,2
0eab8318-bbc8-11e8-b2bc-ac1f6b6435d0,0,0
0eabdeb4-bbb2-11e8-b2ba-ac1f6b6435d0,5,5
0eabe40c-bba0-11e8-b2b9-ac1f6b6435d0,2 0,0 2
0eb09c60-bbc6-11e8-b2bc-ac1f6b6435d0,25 0,0 25
0eb41896-bbbb-11e8-b2ba-ac1f6b6435d0,25 0,0 25
0eb6e8b4-bbb6-11e8-b2ba-ac1f6b6435d0,25 0,0
0eb6f224-bbb5-11e8-b2ba-ac1f6b6435d0,7,7
0eb6f4e4-bbc0-11e8-b2bb-ac1f6b6435d0,1 21,0
0eb8703e-bba8-11e8-b2ba-ac1f6b6435d0,22 21,22
0ebd689e-bbc8-11e8-b2bc-ac1f6b6435d0,16 25 17 0,0 16 17 25
0ebe9d58-bbba-11e8-b2ba-ac1f6b6435d0,0 21,0 21
0ec06b0c-bbb9-11e8-b2ba-ac1f6b6435d0,3,3
0ec3ec8c-bb9b-11e8-b2b9-ac1f6b6435d0,23 0,0 23
0ec6a0e0-bba4-11e8-b2b9-ac1f6b6435d0,14 0,0 14
0ec74d30-bba2-11e8-b2b9-ac1f6b6435d0,25 0,0 21 25
0ecb5c9c-bbb4-11e8-b2ba-ac1f6b6435d0,0,0 19
0ecbdf22-bbab-11e8-b2ba-ac1f6b6435d0,25 0,0 25
0ecc6caa-bba4-11e8-b2b9-ac1f6b6435d0,21,21
0ed058de-bbb2-11e8-b2ba-ac1f6b6435d0,0,0
0ed2e6ca-bbc2-11e8-b2bb-ac1f6b6435d0,11,21 25
0ed3a1e0-bbaa-11e8-b2ba-ac1f6b6435d0,13,21
0ed62d36-bba8-11e8-b2ba-ac1f6b6435d0,25 5,5 25
0ed7c2bc-bb9f-11e8-b2b9-ac1f6b6435d0,0,0
0ed8c876-bbac-11e8-b2ba-ac1f6b6435d0,25 18,18 25
0edcd982-bbc2-11e8-b2bb-ac1f6b6435d0,25 3 0,0 25
0edd1d4e-bbc6-11e8-b2bc-ac1f6b6435d0,21,2
0edd5a08-bbac-11e8-b2ba-ac1f6b6435d0,4,4
0ede2ade-bba5-11e8-b2ba-ac1f6b6435d0,25 23 21,21 23 25
0ede5788-bbc9-11e8-b2bc-ac1f6b6435d0,23 2,2 23
0ee4552e-bbbb-11e8-b2ba-ac1f6b6435d0,25 0 21,5
0ee4dee0-bbc0-11e8-b2bb-ac1f6b6435d0,12 21,21
0ee628fc-bba9-11e8-b2ba-ac1f6b6435d0,5,5
0ee62e04-bbab-11e8-b2ba-ac1f6b6435d0,4,4
0ee6d14e-bbc7-11e8-b2bc-ac1f6b6435d0,21,21
0ee73a3a-bbb3-11e8-b2ba-ac1f6b6435d0,7,7 20
0ee8b3b8-bbba-11e8-b2ba-ac1f6b6435d0,22 25 7 0,0 7
0ee8e984-bba4-11e8-b2b9-ac1f6b6435d0,23,23
0eedcdca-bb9d-11e8-b2b9-ac1f6b6435d0,21,21
0ef7bda6-bbbd-11e8-b2ba-ac1f6b6435d0,25 6,6
0ef8272e-bbb2-11e8-b2ba-ac1f6b6435d0,21,21
0ef97c82-bb9e-11e8-b2b9-ac1f6b6435d0,5,5
0efd4286-bb9e-11e8-b2b9-ac1f6b6435d0,22,25
0efe4a88-bbca-11e8-b2bc-ac1f6b6435d0,21,21
0f0116c6-bbb8-11e8-b2ba-ac1f6b6435d0,0,0
0f028a34-bba8-11e8-b2ba-ac1f6b6435d0,9 10,9 10 18
0f035ea6-bb9d-11e8-b2b9-ac1f6b6435d0,2 0,0 2
0f06cf06-bb9c-11e8-b2b9-ac1f6b6435d0,25 0,4 25
0f0801ba-bbaf-11e8-b2ba-ac1f6b6435d0,0,0 25
0f083a00-bbb8-11e8-b2ba-ac1f6b6435d0,25,21 25
0f09ad26-bbc8-11e8-b2bc-ac1f6b6435d0,18 2,18 19
0f09f5c0-bb9a-11e8-b2b9-ac1f6b6435d0,5,5
0f0a00ae-bbba-11e8-b2ba-ac1f6b6435d0,25 18,25
0f0b094e-bbac-11e8-b2ba-ac1f6b6435d0,23 0,0 23
0f0b1068-bbae-11e8-b2ba-ac1f6b6435d0,25 5 0,25
0f0cf83c-bba5-11e8-b2ba-ac1f6b6435d0,25 21,21
0f0f32b2-bbb6-11e8-b2ba-ac1f6b6435d0,0,0
0f11ec7a-bbaa-11e8-b2ba-ac1f6b6435d0,6,11 25
0f1252de-bbad-11e8-b2ba-ac1f6b6435d0,2 0,0 2
0f148844-bbb5-11e8-b2ba-ac1f6b6435d0,25 7,7 25
0f1d2f64-bbae-11e8-b2ba-ac1f6b6435d0,5 0,0
0f1decfe-bbc4-11e8-b2bc-ac1f6b6435d0,19 0 21,0 21
0f208f94-bbbb-11e8-b2ba-ac1f6b6435d0,25 4,4 25
0f20d186-bba0-11e8-b2b9-ac1f6b6435d0,25 7 0,0 7 25
0f214642-bba1-11e8-b2b9-ac1f6b6435d0,21,21
0f22a37e-bbc0-11e8-b2bb-ac1f6b6435d0,0 21,0 21
0f260ff4-bbb2-11e8-b2ba-ac1f6b6435d0,3,3
0f285b7a-bbb1-11e8-b2ba-ac1f6b6435d0,23,7 23
0f294318-bbc6-11e8-b2bc-ac1f6b6435d0,25,7
0f2a63e4-bba6-11e8-b2ba-ac1f6b6435d0,25 6,2 6 25
0f2aca4a-bbb6-11e8-b2ba-ac1f6b6435d0,21,21
0f2ba210-bba4-11e8-b2b9-ac1f6b6435d0,21,21
0f2d2cba-bbaa-11e8-b2ba-ac1f6b6435d0,25,25
0f2dd26c-bba2-11e8-b2b9-ac1f6b6435d0,23,0 25
0f2e5342-bbbe-11e8-b2ba-ac1f6b6435d0,23,23
0f2f5ae0-bba9-11e8-b2ba-ac1f6b6435d0,2 0,0 2 25
0f30bea0-bbc0-11e8-b2bb-ac1f6b6435d0,25 0,0 25
0f333854-bbbd-11e8-b2ba-ac1f6b6435d0,23,23
0f363e68-bbaf-11e8-b2ba-ac1f6b6435d0,23 3,23
0f3af8b2-bba6-11e8-b2ba-ac1f6b6435d0,0,0
0f4672fa-bbab-11e8-b2ba-ac1f6b6435d0,5 0,0 5
0f474c16-bbc4-11e8-b2bc-ac1f6b6435d0,25 2 0,2
0f484e72-bb9c-11e8-b2b9-ac1f6b6435d0,6 21,11 22
0f4e5806-bba8-11e8-b2ba-ac1f6b6435d0,25 0,0 25
0f4fb636-bbaf-11e8-b2ba-ac1f6b6435d0,25 0,0 25
0f505290-bbae-11e8-b2ba-ac1f6b6435d0,3 0,0 25
0f54241a-bbc7-11e8-b2bc-ac1f6b6435d0,23,23
0f54c3a6-bbc8-11e8-b2bc-ac1f6b6435d0,19 21,21 25
0f55956a-bbc3-11e8-b2bc-ac1f6b6435d0,4 21,4 21
0f5869c6-bb9f-11e8-b2b9-ac1f6b6435d0,0 21,0 21 25
0f5b9498-bbb8-11e8-b2ba-ac1f6b6435d0,7,7
0f5c1d86-bbc8-11e8-b2bc-ac1f6b6435d0,23 2 0,0 2 23
0f617694-bbc5-11e8-b2bc-ac1f6b6435d0,3 0,0 3
0f629898-bbbc-11e8-b2ba-ac1f6b6435d0,5,5
0f67179e-bbbf-11e8-b2ba-ac1f6b6435d0,3 0,0 3 25
0f6856bc-bbc5-11e8-b2bc-ac1f6b6435d0,25 0,0 25
0f6cee5a-bbb8-11e8-b2ba-ac1f6b6435d0,0 21,0 21
0f6da6ea-bbc4-11e8-b2bc-ac1f6b6435d0,23 2,2 25
0f701b52-bbb8-11e8-b2ba-ac1f6b6435d0,25 0,0 25
0f779cd4-bbb7-11e8-b2ba-ac1f6b6435d0,7 0,0
0f779cd6-bbc4-11e8-b2bc-ac1f6b6435d0,2,2
0f7bce74-bbaa-11e8-b2ba-ac1f6b6435d0,4,4
0f7f026e-bbbf-11e8-b2ba-ac1f6b6435d0,12 25,12 21 25
0f8073d6-bba8-11e8-b2ba-ac1f6b6435d0,21,21
0f85a5ea-bbc6-11e8-b2bc-ac1f6b6435d0,2 0,0 2
0f88ffa8-bbb5-11e8-b2ba-ac1f6b6435d0,0,0 23
0f892a0e-bb9d-11e8-b2b9-ac1f6b6435d0,24 7,7
0f895344-bbb6-11e8-b2ba-ac1f6b6435d0,0 21,0
0f8a9e54-bbbe-11e8-b2ba-ac1f6b6435d0,25 13 21,13 21 25
0f8b05a2-bbb3-11e8-b2ba-ac1f6b6435d0,25,25
0f8d2724-bbbd-11e8-b2ba-ac1f6b6435d0,22 0,0 22
0f90eac0-bbc8-11e8-b2bc-ac1f6b6435d0,0,0 17
0f91c2ce-bb9b-11e8-b2b9-ac1f6b6435d0,19,18
0f93288c-bbad-11e8-b2ba-ac1f6b6435d0,25 5 0,0 5
0f9811f8-bb9e-11e8-b2b9-ac1f6b6435d0,6 2,6
0f99ee9a-bbc8-11e8-b2bc-ac1f6b6435d0,25 3,3
0f9a26dc-bb9e-11e8-b2b9-ac1f6b6435d0,25 3,3 25
0f9ac072-bbaf-11e8-b2ba-ac1f6b6435d0,25 21,21 25
0f9af2a4-bbaa-11e8-b2ba-ac1f6b6435d0,11,11
0f9be68e-bb9e-11e8-b2b9-ac1f6b6435d0,25 1 0,0 1
0f9dbdb0-bbb2-11e8-b2ba-ac1f6b6435d0,7 0,0 25
0f9fb9c0-bb9f-11e8-b2b9-ac1f6b6435d0,7,7
0fa02600-bbc5-11e8-b2bc-ac1f6b6435d0,23,23
0fa05f2e-bb9a-11e8-b2b9-ac1f6b6435d0,19 7 0,0 7
0fa19cc4-bbc0-11e8-b2bb-ac1f6b6435d0,23 0,0 23
0fa30d08-bbb0-11e8-b2ba-ac1f6b6435d0,25 21,21
0fa42d5e-bbac-11e8-b2ba-ac1f6b6435d0,4,3
0fa556f8-bbab-11e8-b2ba-ac1f6b6435d0,25 2,2 25
0fa5ab34-bba2-11e8-b2b9-ac1f6b6435d0,23,23
0fa649ea-bba2-11e8-b2b9-ac1f6b6435d0,4,4
0fa697a2-bbb0-11e8-b2ba-ac1f6b6435d0,7,7
0faa5e82-bbb0-11e8-b2ba-ac1f6b6435d0,2 0,0 2
0fab9ace-bbb8-11e8-b2ba-ac1f6b6435d0,25,25
0fac9ae0-bbb9-11e8-b2ba-ac1f6b6435d0,25 5 0,0 5 25
0fb3fd58-bbbe-11e8-b2ba-ac1f6b6435d0,19,7
0fb712b6-bba7-11e8-b2ba-ac1f6b6435d0,25 21,21 25
0fb87e86-bbc4-11e8-b2bc-ac1f6b6435d0,24,24
0fc02a8e-bb9f-11e8-b2b9-ac1f6b6435d0,19,7
0fc203d0-bbc8-11e8-b2bc-ac1f6b6435d0,2 21,2 25
0fc206b4-bbaf-11e8-b2ba-ac1f6b6435d0,4,4
0fc383fa-bba4-11e8-b2b9-ac1f6b6435d0,25,25
0fc8552c-bbc9-11e8-b2bc-ac1f6b6435d0,25,21 25
0fce52ce-bbbf-11e8-b2ba-ac1f6b6435d0,21,21
0fcfde46-bbba-11e8-b2ba-ac1f6b6435d0,19,19
0fcfebf4-bb9a-11e8-b2b9-ac1f6b6435d0,7,7
0fd0b8b0-bbac-11e8-b2ba-ac1f6b6435d0,14 0,0 14
0fd44588-bbb2-11e8-b2ba-ac1f6b6435d0,23,23
0fda6f9e-bbb7-11e8-b2ba-ac1f6b6435d0,25 13 0,0 13
0fdb24b6-bbb7-11e8-b2ba-ac1f6b6435d0,16 21,21
0fdbd130-bbc2-11e8-b2bb-ac1f6b6435d0,7 0,0 7
0fdc56d2-bb9f-11e8-b2b9-ac1f6b6435d0,23,23
0fdece00-bb9d-11e8-b2b9-ac1f6b6435d0,22 0,0 21 22
0fe26432-bb9a-11e8-b2b9-ac1f6b6435d0,25 23 2,2 25
0fe43514-bba9-11e8-b2ba-ac1f6b6435d0,6 21,21 25
0fe6b4b2-bbc0-11e8-b2bb-ac1f6b6435d0,4,4
0fe94e9c-bba8-11e8-b2ba-ac1f6b6435d0,25 5 0,5 25
0feafc42-bba3-11e8-b2b9-ac1f6b6435d0,23,7
0feb06c2-bb9b-11e8-b2b9-ac1f6b6435d0,25 5,0 25
0fed4150-bbbc-11e8-b2ba-ac1f6b6435d0,23,23
0fedc5f2-bb9f-11e8-b2b9-ac1f6b6435d0,5,0 5 25
0ff03686-bbb6-11e8-b2ba-ac1f6b6435d0,14,14
0ff23616-bbb1-11e8-b2ba-ac1f6b6435d0,4,4
0ff5c930-bbab-11e8-b2ba-ac1f6b6435d0,25 0,0 25
0ff9ee84-bba1-11e8-b2b9-ac1f6b6435d0,25 0,0 25
0ffc7a84-bba9-11e8-b2ba-ac1f6b6435d0,25 5,5 25
0ffceb48-bba1-11e8-b2b9-ac1f6b6435d0,0,0
0ffd534e-bbab-11e8-b2ba-ac1f6b6435d0,7,7
10054838-bbba-11e8-b2ba-ac1f6b6435d0,4 0,0
100726f6-bb9e-11e8-b2b9-ac1f6b6435d0,14 17,14 17
10074e34-bbac-11e8-b2ba-ac1f6b6435d0,0 21,0 21
1007db5e-bbc7-11e8-b2bc-ac1f6b6435d0,14,14
1008111e-bbb3-11e8-b2ba-ac1f6b6435d0,0,0
1008a826-bba5-11e8-b2ba-ac1f6b6435d0,0,0
10091620-bbbf-11e8-b2ba-ac1f6b6435d0,2 0,0 2
100e0614-bba4-11e8-b2b9-ac1f6b6435d0,0,0 2
101314b0-bbc7-11e8-b2bc-ac1f6b6435d0,23,0
10140f6c-bba1-11e8-b2b9-ac1f6b6435d0,7,7
10142168-bba2-11e8-b2b9-ac1f6b6435d0,14,14 23
1014e186-bbb4-11e8-b2ba-ac1f6b6435d0,25 0,0 25
10167784-bbb0-11e8-b2ba-ac1f6b6435d0,23,23
1016934c-bb9a-11e8-b2b9-ac1f6b6435d0,25 0,0 25
1017564a-bba1-11e8-b2b9-ac1f6b6435d0,0,0 5
1018dbf2-bbb3-11e8-b2ba-ac1f6b6435d0,25 0,0 25
101a29e0-bbad-11e8-b2ba-ac1f6b6435d0,25 7,7 25
101d1712-bbc2-11e8-b2bb-ac1f6b6435d0,11,11
101de6ba-bba4-11e8-b2b9-ac1f6b6435d0,22 0,21 22
101e0a98-bba7-11e8-b2ba-ac1f6b6435d0,22 21,0
101e365e-bba6-11e8-b2ba-ac1f6b6435d0,25 21,21 25
101e58e4-bb9e-11e8-b2b9-ac1f6b6435d0,7 0,0 7
1021193c-bbb5-11e8-b2ba-ac1f6b6435d0,25,6 25
1023a430-bbb1-11e8-b2ba-ac1f6b6435d0,11,11
10240f30-bba0-11e8-b2b9-ac1f6b6435d0,25 4,4 25
1024d1d0-bbb0-11e8-b2ba-ac1f6b6435d0,23,23
10253f34-bbb6-11e8-b2ba-ac1f6b6435d0,25,25
10290c78-bbc4-11e8-b2bc-ac1f6b6435d0,3,2 4
102c2a46-bb9e-11e8-b2b9-ac1f6b6435d0,7 0,0 7 23
102c4ec4-bbc4-11e8-b2bc-ac1f6b6435d0,6,6 25
102d939c-bbb5-11e8-b2ba-ac1f6b6435d0,12 13,12 23
102f01ec-bbc8-11e8-b2bc-ac1f6b6435d0,1 0,1
102fea88-bb9d-11e8-b2b9-ac1f6b6435d0,23,23
10342108-bbbf-11e8-b2ba-ac1f6b6435d0,25 0,0 25
1039a0de-bbaa-11e8-b2ba-ac1f6b6435d0,19 0,0 18
1039d086-bba5-11e8-b2ba-ac1f6b6435d0,25 11 0,11
103aac14-bbbd-11e8-b2ba-ac1f6b6435d0,3,3
103cd660-bbbd-11e8-b2ba-ac1f6b6435d0,25 7 0,0 7 21 25
103d328e-bb9c-11e8-b2b9-ac1f6b6435d0,6,6
103e2ae4-bb9d-11e8-b2b9-ac1f6b6435d0,23,23
103e8a3e-bbb6-11e8-b2ba-ac1f6b6435d0,7 0,7
103f4ee0-bbc7-11e8-b2bc-ac1f6b6435d0,25 7,17 18
10405b1a-bba8-11e8-b2ba-ac1f6b6435d0,4,4
10467ffa-bbb1-11e8-b2ba-ac1f6b6435d0,23 2,2 23
104700b4-bba3-11e8-b2b9-ac1f6b6435d0,25 23,25
1047fa34-bbb0-11e8-b2ba-ac1f6b6435d0,25 1 0,0 1
104e3480-bbba-11e8-b2ba-ac1f6b6435d0,25 23,18 25
105359b4-bba7-11e8-b2ba-ac1f6b6435d0,25 2 0 21,0 2 21 25
10541fb8-bbbe-11e8-b2ba-ac1f6b6435d0,14 5,5 14
105487bc-bbb1-11e8-b2ba-ac1f6b6435d0,0,0
10583da0-bbb4-11e8-b2ba-ac1f6b6435d0,6,6
105ba18a-bb9a-11e8-b2b9-ac1f6b6435d0,5 0,5
105d7b72-bba9-11e8-b2ba-ac1f6b6435d0,23,23
1063a9ce-bbb9-11e8-b2ba-ac1f6b6435d0,25 21,11 14 25
10688f2a-bbc8-11e8-b2bc-ac1f6b6435d0,21,0 25
1068c154-bbc6-11e8-b2bc-ac1f6b6435d0,12,12
1068dd64-bbb3-11e8-b2ba-ac1f6b6435d0,25 2,2 6 25
107179c2-bbb0-11e8-b2ba-ac1f6b6435d0,23,0 23
10740fe2-bbb1-11e8-b2ba-ac1f6b6435d0,25 3 0,0 3 25
10746a64-bba7-11e8-b2ba-ac1f6b6435d0,6,6
1074a53c-bbad-11e8-b2ba-ac1f6b6435d0,5 0,5
107a48ea-bbc9-11e8-b2bc-ac1f6b6435d0,1 0,0 1
107e40d0-bbc4-11e8-b2bc-ac1f6b6435d0,6,6
108098a2-bbbb-11e8-b2ba-ac1f6b6435d0,3 0,0 3
108369f2-bbab-11e8-b2ba-ac1f6b6435d0,11 21,11
1086f222-bbb3-11e8-b2ba-ac1f6b6435d0,0,0 17
1087544e-bbc0-11e8-b2bb-ac1f6b6435d0,0,0
10890c6e-bbb9-11e8-b2ba-ac1f6b6435d0,0,0 2
108a02f8-bbb5-11e8-b2ba-ac1f6b6435d0,25 21,25
108af426-bbae-11e8-b2ba-ac1f6b6435d0,2 0,0 2
108d57da-bbb2-11e8-b2ba-ac1f6b6435d0,5,5
108d5ed6-bbbe-11e8-b2ba-ac1f6b6435d0,4,4
108ebfbc-bb9e-11e8-b2b9-ac1f6b6435d0,23,23
108f2df6-bbc8-11e8-b2bc-ac1f6b6435d0,22,22
10939a20-bb9c-11e8-b2b9-ac1f6b6435d0,25 0,0 19
1094cd94-bbb2-11e8-b2ba-ac1f6b6435d0,25 4,4 25
1099781c-bbc1-11e8-b2bb-ac1f6b6435d0,1,1
109a4492-bba6-11e8-b2ba-ac1f6b6435d0,25 2 0,0 2 25
109c787e-bb9d-11e8-b2b9-ac1f6b6435d0,21,21
109dcf80-bbc5-11e8-b2bc-ac1f6b6435d0,4,4 23
109e245e-bba6-11e8-b2ba-ac1f6b6435d0,25,11 25
10a0d844-bba5-11e8-b2ba-ac1f6b6435d0,18 4,18
10a0dc46-bbbd-11e8-b2ba-ac1f6b6435d0,3 0 21,0 25
10a16252-bbc1-11e8-b2bb-ac1f6b6435d0,25 18,25
10a1bde2-bbbc-11e8-b2ba-ac1f6b6435d0,0,0
10a1cce8-bbc5-11e8-b2bc-ac1f6b6435d0,25 5,5 25
10ab5254-bbac-11e8-b2ba-ac1f6b6435d0,0 21,0
10adfe36-bbad-11e8-b2ba-ac1f6b6435d0,17 0,0 17
10aea020-bb9e-11e8-b2b9-ac1f6b6435d0,11 0,0 7 23
10b32044-bbaa-11e8-b2ba-ac1f6b6435d0,19 3,3
10b363c2-bbbb-11e8-b2ba-ac1f6b6435d0,7 0,7 22
10b37fe0-bb9a-11e8-b2b9-ac1f6b6435d0,25 3,3 25
10b51d8e-bbc0-11e8-b2bb-ac1f6b6435d0,0,0
10beec9a-bbb3-11e8-b2ba-ac1f6b6435d0,4,0 4
10bf33da-bbbd-11e8-b2ba-ac1f6b6435d0,3 0,3
10c1a06c-bba8-11e8-b2ba-ac1f6b6435d0,23 1,1 23
10c9c102-bbad-11e8-b2ba-ac1f6b6435d0,1 0,0 1
10c9ca96-bba1-11e8-b2b9-ac1f6b6435d0,7 23,7
10ca39c8-bbc3-11e8-b2bc-ac1f6b6435d0,0,0 5
10ca5d42-bb9e-11e8-b2b9-ac1f6b6435d0,16 14 0,0 14 25
10cb0924-bbc4-11e8-b2bc-ac1f6b6435d0,0,0
10cc089e-bbb8-11e8-b2ba-ac1f6b6435d0,0,0 1
10cc8e32-bbb2-11e8-b2ba-ac1f6b6435d0,6 7,7 25
10d04420-bba6-11e8-b2ba-ac1f6b6435d0,2 0,0
10d0e99e-bbaa-11e8-b2ba-ac1f6b6435d0,0 21,0 21
10d2b0de-bbba-11e8-b2ba-ac1f6b6435d0,25 0,0
10d60980-bbbc-11e8-b2ba-ac1f6b6435d0,5,14
10d64300-bbbc-11e8-b2ba-ac1f6b6435d0,0,0
10d7e96e-bba6-11e8-b2ba-ac1f6b6435d0,25 0,0 25
10daaf96-bbbf-11e8-b2ba-ac1f6b6435d0,3,2 3
10db56b6-bb9d-11e8-b2b9-ac1f6b6435d0,25 0,0 23
10e05a6c-bba2-11e8-b2b9-ac1f6b6435d0,7 0,0 7
10e0a0f0-bbaa-11e8-b2ba-ac1f6b6435d0,0,5
10e4030c-bba6-11e8-b2ba-ac1f6b6435d0,25 0,0
10e9707c-bbaa-11e8-b2ba-ac1f6b6435d0,7 0,0 25
10ece65e-bba9-11e8-b2ba-ac1f6b6435d0,0,0
10ee938a-bb9c-11e8-b2b9-ac1f6b6435d0,4,4
10eeccb6-bbb9-11e8-b2ba-ac1f6b6435d0,14 0,0 14 16
10efee0a-bbb6-11e8-b2ba-ac1f6b6435d0,20 23 0,0 20 23
10f1ddc4-bbab-11e8-b2ba-ac1f6b6435d0,19,19
10f22c3e-bbbf-11e8-b2ba-ac1f6b6435d0,5 0,0 25
10fa05d4-bbc5-11e8-b2bc-ac1f6b6435d0,14,14 25
10fa8a88-bbaf-11e8-b2ba-ac1f6b6435d0,25,25
10fb062a-bbaa-11e8-b2ba-ac1f6b6435d0,23 0,0 23
10fd4464-bbb2-11e8-b2ba-ac1f6b6435d0,7 0,0
10fd6152-bba7-11e8-b2ba-ac1f6b6435d0,14 2,2 14
10fe7814-bb9b-11e8-b2b9-ac1f6b6435d0,25 0,0 25
10ff8254-bbb4-11e8-b2ba-ac1f6b6435d0,0 21,0 25
10ff9dbe-bbac-11e8-b2ba-ac1f6b6435d0,0,0
11016ef8-bbb8-11e8-b2ba-ac1f6b6435d0,0 21,4 21
11018eda-bbca-11e8-b2bc-ac1f6b6435d0,3,3
1103f9ba-bbbe-11e8-b2ba-ac1f6b6435d0,25 2 0,4
110695da-bbc3-11e8-b2bc-ac1f6b6435d0,25,6 25
11078e34-bba7-11e8-b2ba-ac1f6b6435d0,6,25
11080f6e-bbc3-11e8-b2bc-ac1f6b6435d0,25 2 0,0 2 25
1108ed8e-bbab-11e8-b2ba-ac1f6b6435d0,11,11
1109b03e-bb9c-11e8-b2b9-ac1f6b6435d0,0 21,0 22
110b4e44-bbb0-11e8-b2ba-ac1f6b6435d0,6 21,11
110db2ca-bbc8-11e8-b2bc-ac1f6b6435d0,0 21,0 21
1112f8f4-bbc6-11e8-b2bc-ac1f6b6435d0,23 0,0 23
11185ce0-bba3-11e8-b2b9-ac1f6b6435d0,16 21,21
111a27ea-bbc2-11e8-b2bb-ac1f6b6435d0,2,2
111a67b4-bb9a-11e8-b2b9-ac1f6b6435d0,7 0,0 7
111bb546-bba5-11e8-b2ba-ac1f6b6435d0,12,12 21
111fea4e-bbaa-11e8-b2ba-ac1f6b6435d0,3,3
1121cdf6-bb9a-11e8-b2b9-ac1f6b6435d0,7,7
1121f8bc-bbbd-11e8-b2ba-ac1f6b6435d0,3,3
112321ea-bb9c-11e8-b2b9-ac1f6b6435d0,11,11
112395a6-bbb7-11e8-b2ba-ac1f6b6435d0,0,0
1125d736-bba7-11e8-b2ba-ac1f6b6435d0,25 0,0 21 25
11261d56-bb9b-11e8-b2b9-ac1f6b6435d0,2,2
1127163a-bba4-11e8-b2b9-ac1f6b6435d0,16 18 17 0,0 25
11275f00-bb9f-11e8-b2b9-ac1f6b6435d0,2 0,0 2
1129fb06-bb9b-11e8-b2b9-ac1f6b6435d0,5,5 19
112c7f30-bba4-11e8-b2b9-ac1f6b6435d0,25 0,0
112e4566-bbc4-11e8-b2bc-ac1f6b6435d0,23,23
112efbea-bbb1-11e8-b2ba-ac1f6b6435d0,25,6
11303496-bba8-11e8-b2ba-ac1f6b6435d0,7,7
113053ca-bbbe-11e8-b2ba-ac1f6b6435d0,11,0 11
11315116-bbb0-11e8-b2ba-ac1f6b6435d0,3 0,0
11342e40-bbc9-11e8-b2bc-ac1f6b6435d0,23,23
11358f62-bbc7-11e8-b2bc-ac1f6b6435d0,25 0,0 25
11363eec-bbb5-11e8-b2ba-ac1f6b6435d0,6,6
11386906-bbc9-11e8-b2bc-ac1f6b6435d0,25 18 4,4 21 25
113a07aa-bba8-11e8-b2ba-ac1f6b6435d0,25 23,23
113c465a-bba8-11e8-b2ba-ac1f6b6435d0,25 0,0 21
113d528a-bba7-11e8-b2ba-ac1f6b6435d0,6,6
113f9ce2-bbad-11e8-b2ba-ac1f6b6435d0,19,19
1142408c-bbc6-11e8-b2bc-ac1f6b6435d0,25 0,6
114d0f7a-bb9f-11e8-b2b9-ac1f6b6435d0,1 2 0,0 1 2
114dbe4c-bbc3-11e8-b2bc-ac1f6b6435d0,5 0,0 5
114eb95c-bbad-11e8-b2ba-ac1f6b6435d0,1 0,0 1
114f0c16-bbaf-11e8-b2ba-ac1f6b6435d0,5,5
1150987a-bba9-11e8-b2ba-ac1f6b6435d0,25,25
11521b2a-bba7-11e8-b2ba-ac1f6b6435d0,2,2
11524036-bbc1-11e8-b2bb-ac1f6b6435d0,14,14
11538f48-bb9b-11e8-b2b9-ac1f6b6435d0,0,0
11539720-bba7-11e8-b2ba-ac1f6b6435d0,0,0
1153adce-bbc9-11e8-b2bc-ac1f6b6435d0,3,5
11562972-bbbb-11e8-b2ba-ac1f6b6435d0,5 0,0 5
11599f40-bba6-11e8-b2ba-ac1f6b6435d0,7,7
115c24a8-bbb6-11e8-b2ba-ac1f6b6435d0,14,6 14
115c7964-bba5-11e8-b2ba-ac1f6b6435d0,25,6
115d317a-bbae-11e8-b2ba-ac1f6b6435d0,19,19
115d3ca4-bbc9-11e8-b2bc-ac1f6b6435d0,7,7
115df14a-bbaf-11e8-b2ba-ac1f6b6435d0,25 0,0 25
11608cd0-bb9a-11e8-b2b9-ac1f6b6435d0,6,6
1162055c-bbc6-11e8-b2bc-ac1f6b6435d0,5,3
116259be-bbc4-11e8-b2bc-ac1f6b6435d0,2 0 21,0 2 25
11626950-bb9b-11e8-b2b9-ac1f6b6435d0,25 0,0 25
1164547c-bbb4-11e8-b2ba-ac1f6b6435d0,21,18 21
116487b8-bb9f-11e8-b2b9-ac1f6b6435d0,18,18
1164b9b6-bbbf-11e8-b2ba-ac1f6b6435d0,25 2,2 25
11660446-bbca-11e8-b2bc-ac1f6b6435d0,2,2 25
116c41e2-bbc2-11e8-b2bb-ac1f6b6435d0,19 25,25
116dac4e-bbbd-11e8-b2ba-ac1f6b6435d0,23 0,0 23
1170bc08-bbbe-11e8-b2ba-ac1f6b6435d0,14,25
117a5b76-bb9d-11e8-b2b9-ac1f6b6435d0,19 25,25
117b8e9e-bbb4-11e8-b2ba-ac1f6b6435d0,3,3
117bb6ee-bba0-11e8-b2b9-ac1f6b6435d0,25 0 21,0 21
117cc6c0-bbb3-11e8-b2ba-ac1f6b6435d0,12,12
1180ddd4-bba7-11e8-b2ba-ac1f6b6435d0,26,26
1181fa02-bbc0-11e8-b2bb-ac1f6b6435d0,6,6
11845614-bbc8-11e8-b2bc-ac1f6b6435d0,23 0 21,0 21 25
1187a620-bb9b-11e8-b2b9-ac1f6b6435d0,19,5
11892850-bbc9-11e8-b2bc-ac1f6b6435d0,4 21,0 11
118c65d0-bba9-11e8-b2ba-ac1f6b6435d0,7,7
118c8920-bbb8-11e8-b2ba-ac1f6b6435d0,20,20
118cdd90-bbc6-11e8-b2bc-ac1f6b6435d0,25,6 25
118d3506-bbc1-11e8-b2bb-ac1f6b6435d0,1 0,1
118d6788-bbad-11e8-b2ba-ac1f6b6435d0,25 11,11
118da72e-bbae-11e8-b2ba-ac1f6b6435d0,21,21
118ded1c-bbb6-11e8-b2ba-ac1f6b6435d0,23 2,2 23
118fe1f4-bba1-11e8-b2b9-ac1f6b6435d0,0,0 1
1190171e-bbab-11e8-b2ba-ac1f6b6435d0,19 14,14
1190adec-bbaa-11e8-b2ba-ac1f6b6435d0,25 23,23
11980ff2-bbbd-11e8-b2ba-ac1f6b6435d0,22 2,2 22
1198ae44-bbbd-11e8-b2ba-ac1f6b6435d0,12 26 5 0,0 12
11a55218-bbc5-11e8-b2bc-ac1f6b6435d0,7,7
11a60a3e-bbb4-11e8-b2ba-ac1f6b6435d0,25,25
11a6dc44-bbb3-11e8-b2ba-ac1f6b6435d0,0,0 21 25
11a99126-bbbf-11e8-b2ba-ac1f6b6435d0,16 14 0,0 14 16
11ad71d2-bbac-11e8-b2ba-ac1f6b6435d0,2 21,2 21
11af4034-bbc0-11e8-b2bb-ac1f6b6435d0,5 0,0
11afcd9c-bbac-11e8-b2ba-ac1f6b6435d0,11 0,0 11
11b3e876-bbbd-11e8-b2ba-ac1f6b6435d0,25,5 25
11b4fc7c-bba2-11e8-b2b9-ac1f6b6435d0,2 0,0 2
11b54f76-bba5-11e8-b2ba-ac1f6b6435d0,25,6
11b588ae-bbc5-11e8-b2bc-ac1f6b6435d0,7,25
11b73cc4-bba9-11e8-b2ba-ac1f6b6435d0,23,23
11b87ba8-bbb7-11e8-b2ba-ac1f6b6435d0,1 21,1 21
11bfb3d4-bbba-11e8-b2ba-ac1f6b6435d0,22 25 21,21
11c131c8-bbba-11e8-b2ba-ac1f6b6435d0,5,5
11c1a7e0-bbc7-11e8-b2bc-ac1f6b6435d0,12 25,12 25
11c34752-bba0-11e8-b2b9-ac1f6b6435d0,3,3 5
11c45938-bbc5-11e8-b2bc-ac1f6b6435d0,14,0 14
11c6a5da-bbc5-11e8-b2bc-ac1f6b6435d0,0,0
11c6bff0-bbb8-11e8-b2ba-ac1f6b6435d0,18 23 2,2 23
11c6e7ca-bbc5-11e8-b2bc-ac1f6b6435d0,25 1 0,0 1 25
11c7403c-bbc3-11e8-b2bc-ac1f6b6435d0,14,14
11caecd6-bbb0-11e8-b2ba-ac1f6b6435d0,25,17
11ce28de-bbb4-11e8-b2ba-ac1f6b6435d0,7 2,2 7
11d0dd52-bbac-11e8-b2ba-ac1f6b6435d0,0,0
11d3803a-bb9c-11e8-b2b9-ac1f6b6435d0,5,0
11d84aa6-bbb1-11e8-b2ba-ac1f6b6435d0,7,7
11d8a26e-bbc8-11e8-b2bc-ac1f6b6435d0,0,0
11db3844-bbb4-11e8-b2ba-ac1f6b6435d0,25 0,22 25
11db7064-bbbb-11e8-b2ba-ac1f6b6435d0,7 0,7
11ddf4ee-bbc8-11e8-b2bc-ac1f6b6435d0,25 2 0,0 2 25
11de56de-bba3-11e8-b2b9-ac1f6b6435d0,25,2 25
11e28c76-bbbd-11e8-b2ba-ac1f6b6435d0,23 0,0 23
11e5b790-bbca-11e8-b2bc-ac1f6b6435d0,25 18 0,0 18 25
11e8f2a6-bbb2-11e8-b2ba-ac1f6b6435d0,23,23
11e95cac-bba1-11e8-b2b9-ac1f6b6435d0,18 0,0 7
11e9cd96-bbb9-11e8-b2ba-ac1f6b6435d0,7 2 0,0 2 7
11ebfab4-bbc6-11e8-b2bc-ac1f6b6435d0,7 0,0 7
11ece04c-bba2-11e8-b2b9-ac1f6b6435d0,25 23 0,0 23
11f07760-bbb2-11e8-b2ba-ac1f6b6435d0,25 5 0,0 2 25
11f2c662-bbb9-11e8-b2ba-ac1f6b6435d0,18,2
11f3bfb8-bba0-11e8-b2b9-ac1f6b6435d0,2 0,0 2
11f72df2-bb9a-11e8-b2b9-ac1f6b6435d0,14 0,0 14
11f8fbd6-bbb4-11e8-b2ba-ac1f6b6435d0,1 2,1 2
11fbbbfe-bba1-11e8-b2b9-ac1f6b6435d0,7 18 0,7
11fc5d5a-bbad-11e8-b2ba-ac1f6b6435d0,25 0,25
11fcf2ce-bbc6-11e8-b2bc-ac1f6b6435d0,25 0,0 25
11fef4d0-bba2-11e8-b2b9-ac1f6b6435d0,3,3
11ffa2fe-bbb6-11e8-b2ba-ac1f6b6435d0,25,25
12019dce-bbc6-11e8-b2bc-ac1f6b6435d0,25 14 17 2,2 21 25
12061bdc-bb9f-11e8-b2b9-ac1f6b6435d0,22 11,1 5 21
12066af6-bbb8-11e8-b2ba-ac1f6b6435d0,25 2,25
120b177c-bb9f-11e8-b2b9-ac1f6b6435d0,25 5,25
120c03e6-bbca-11e8-b2bc-ac1f6b6435d0,0 21,0 21
120cd6d8-bbb9-11e8-b2ba-ac1f6b6435d0,0,0
120dc222-bbab-11e8-b2ba-ac1f6b6435d0,25 14 0,0 14
120f66ae-bbbf-11e8-b2ba-ac1f6b6435d0,25,23 25
120fe8a4-bbc4-11e8-b2bc-ac1f6b6435d0,2,2
12162676-bba9-11e8-b2ba-ac1f6b6435d0,16 25 0,0 16
121a7e0a-bbc3-11e8-b2bc-ac1f6b6435d0,6 0,4
121c1bb4-bbb1-11e8-b2ba-ac1f6b6435d0,23,23
121e2430-bbc1-11e8-b2bb-ac1f6b6435d0,25 0,0 25
12206ccc-bbc1-11e8-b2bb-ac1f6b6435d0,13 0,0
12212e6e-bbad-11e8-b2ba-ac1f6b6435d0,6,6
122272c6-bba1-11e8-b2b9-ac1f6b6435d0,23 0,0 7
12228502-bbb7-11e8-b2ba-ac1f6b6435d0,11 0,0 11
1227f152-bba0-11e8-b2b9-ac1f6b6435d0,5 4,4
1229592e-bba6-11e8-b2ba-ac1f6b6435d0,4,4 7 12 25
12298fbe-bbbc-11e8-b2ba-ac1f6b6435d0,25 7 0,7 16
122b955e-bbba-11e8-b2ba-ac1f6b6435d0,2,2 25
122be476-bba3-11e8-b2b9-ac1f6b6435d0,12,12
122d8e8a-bbc0-11e8-b2bb-ac1f6b6435d0,16 0 21,0
12311672-bba7-11e8-b2ba-ac1f6b6435d0,3 0,0 3
1234fe94-bb9e-11e8-b2b9-ac1f6b6435d0,0,0
123afce2-bbc4-11e8-b2bc-ac1f6b6435d0,3 0,0
123b5d3a-bbc5-11e8-b2bc-ac1f6b6435d0,7,7
123c178e-bbca-11e8-b2bc-ac1f6b6435d0,4,4
123e1bb8-bbae-11e8-b2ba-ac1f6b6435d0,25 2 0,2 25
123ed150-bbba-11e8-b2ba-ac1f6b6435d0,4,4
123f6f64-bbb7-11e8-b2ba-ac1f6b6435d0,4,4
1245a6c0-bbaf-11e8-b2ba-ac1f6b6435d0,0 21,0 21
1246678c-bbc7-11e8-b2bc-ac1f6b6435d0,12 25 21,21
12472332-bb9c-11e8-b2b9-ac1f6b6435d0,22 21,22
1248b66a-bbca-11e8-b2bc-ac1f6b6435d0,18,18 25
124c6914-bbb0-11e8-b2ba-ac1f6b6435d0,19 0,0
124f33a0-bba2-11e8-b2b9-ac1f6b6435d0,12,12
124f6950-bba3-11e8-b2b9-ac1f6b6435d0,5 0,5
125159fe-bbbc-11e8-b2ba-ac1f6b6435d0,2,2
12533d4a-bba9-11e8-b2ba-ac1f6b6435d0,25 5 2,2 25
12549c88-bbc9-11e8-b2bc-ac1f6b6435d0,0,0
1256ad2c-bba4-11e8-b2b9-ac1f6b6435d0,4,4
1256e5a4-bbb7-11e8-b2ba-ac1f6b6435d0,22 0,0 22
1258502e-bbbc-11e8-b2ba-ac1f6b6435d0,0,0
125a80dc-bbb3-11e8-b2ba-ac1f6b6435d0,3 21,3 25
125baa14-bbbf-11e8-b2ba-ac1f6b6435d0,25,25
125cb6cc-bb9a-11e8-b2b9-ac1f6b6435d0,5 0 21,0 21
125e5b40-bba8-11e8-b2ba-ac1f6b6435d0,25 21,25
1263dcf2-bba1-11e8-b2b9-ac1f6b6435d0,1 0,0 1
12653016-bba6-11e8-b2ba-ac1f6b6435d0,4,4
1265728a-bba4-11e8-b2b9-ac1f6b6435d0,23,23
12680f70-bbc4-11e8-b2bc-ac1f6b6435d0,0,0
12691358-bbb9-11e8-b2ba-ac1f6b6435d0,25 6,6
126b478a-bba6-11e8-b2ba-ac1f6b6435d0,25,25
126ccd0e-bba0-11e8-b2b9-ac1f6b6435d0,19 2,0 2
1273c9a2-bbae-11e8-b2ba-ac1f6b6435d0,7 0,0 2
1278073a-bbac-11e8-b2ba-ac1f6b6435d0,14 2,2
127e4e9a-bba4-11e8-b2b9-ac1f6b6435d0,0,0 5
127e7a78-bbae-11e8-b2ba-ac1f6b6435d0,23,20
1280067c-bb9f-11e8-b2b9-ac1f6b6435d0,11,5 11
12803c3e-bba2-11e8-b2b9-ac1f6b6435d0,23,23
128041f2-bbc5-11e8-b2bc-ac1f6b6435d0,25 7 4,4 7 25
12817e3a-bbc2-11e8-b2bb-ac1f6b6435d0,25 7 0,0 2 7
128df27c-bbb4-11e8-b2ba-ac1f6b6435d0,25 0,0 25
128f7bd4-bba9-11e8-b2ba-ac1f6b6435d0,3,3
129098f0-bba1-11e8-b2b9-ac1f6b6435d0,3,0 3
12920a0c-bbc2-11e8-b2bb-ac1f6b6435d0,21,21
1297841a-bbb7-11e8-b2ba-ac1f6b6435d0,25,25
129d4d06-bbac-11e8-b2ba-ac1f6b6435d0,25 0,0 25
129f050c-bbb5-11e8-b2ba-ac1f6b6435d0,5,5 25
12a0918c-bb9d-11e8-b2b9-ac1f6b6435d0,24 5,5
12a37418-bbbd-11e8-b2ba-ac1f6b6435d0,5 0,5
12a4ea82-bbbd-11e8-b2ba-ac1f6b6435d0,7,7
12a6aae0-bbc5-11e8-b2bc-ac1f6b6435d0,4 2,3 4
12aadf3a-bb9c-11e8-b2b9-ac1f6b6435d0,3 0,3
12ac49f6-bbc9-11e8-b2bc-ac1f6b6435d0,25 23,23
12ad86ee-bbbb-11e8-b2ba-ac1f6b6435d0,23,7
12ae292e-bba6-11e8-b2ba-ac1f6b6435d0,2 0,0 2
12ae3ec2-bbbb-11e8-b2ba-ac1f6b6435d0,25 14,14
12ae9334-bbb3-11e8-b2ba-ac1f6b6435d0,23,23
12b03500-bbbc-11e8-b2ba-ac1f6b6435d0,1 0,0 1
12b07568-bb9b-11e8-b2b9-ac1f6b6435d0,0 21,0 21
12b501c4-bbb3-11e8-b2ba-ac1f6b6435d0,18 0 21,0 21
12b53ca6-bba0-11e8-b2b9-ac1f6b6435d0,25 5,5 25
12b5704c-bbad-11e8-b2ba-ac1f6b6435d0,5 0,0 5
12b97a46-bbc8-11e8-b2bc-ac1f6b6435d0,4,4 25
12bb13a6-bbb4-11e8-b2ba-ac1f6b6435d0,11,11 12
12bb84b8-bbc2-11e8-b2bb-ac1f6b6435d0,11,11
12bdf3d2-bbc8-11e8-b2bc-ac1f6b6435d0,20 23 0,0 20 23
12c184a0-bbb6-11e8-b2ba-ac1f6b6435d0,25,25
12c1aeec-bbae-11e8-b2ba-ac1f6b6435d0,26 25,25
12c42e0e-bbbf-11e8-b2ba-ac1f6b6435d0,5,5
12c45386-bb9a-11e8-b2b9-ac1f6b6435d0,6 0,0 7 25
12c51ab0-bbb2-11e8-b2ba-ac1f6b6435d0,3 0,0 3
12c53c44-bbca-11e8-b2bc-ac1f6b6435d0,19 0,0 19
12c648ba-bba1-11e8-b2b9-ac1f6b6435d0,22,22
12cac722-bbca-11e8-b2bc-ac1f6b6435d0,25 0,0 25
12ce411a-bbb9-11e8-b2ba-ac1f6b6435d0,25 11 2 0,2 25
12d0e1dc-bbc7-11e8-b2bc-ac1f6b6435d0,23,23
12d33fc6-bb9b-11e8-b2b9-ac1f6b6435d0,6,6
12d3cce0-bbb7-11e8-b2ba-ac1f6b6435d0,0,0
12d3e1ba-bbb9-11e8-b2ba-ac1f6b6435d0,25 14,25
12d6f986-bbaf-11e8-b2ba-ac1f6b6435d0,19 0,0 19
12d7f174-bbaf-11e8-b2ba-ac1f6b6435d0,25 0,0 25
12d86590-bb9c-11e8-b2b9-ac1f6b6435d0,4,4
12dbb2ea-bbbf-11e8-b2ba-ac1f6b6435d0,19 0,0 19 25
12de6152-bbb5-11e8-b2ba-ac1f6b6435d0,16 23 0,0 23
12e0a8e2-bbae-11e8-b2ba-ac1f6b6435d0,2 0,0 3
12e32ce8-bba9-11e8-b2ba-ac1f6b6435d0,1 0,0 1
12e4fbe4-bbc3-11e8-b2bc-ac1f6b6435d0,26 5 3 0,0
12e63ef8-bbc5-11e8-b2bc-ac1f6b6435d0,25 3,3 25
12e8ec08-bbb0-11e8-b2ba-ac1f6b6435d0,25 23 21,21 25
12e93c04-bbc3-11e8-b2bc-ac1f6b6435d0,0 21,0 21
12ea06b0-bbab-11e8-b2ba-ac1f6b6435d0,23,23
12eaa32e-bb9f-11e8-b2b9-ac1f6b6435d0,19 23 0,6
12ed2a26-bbc3-11e8-b2bc-ac1f6b6435d0,2 0,2
12f3a25e-bb9e-11e8-b2b9-ac1f6b6435d0,19,18 19
12f5cb5e-bbaf-11e8-b2ba-ac1f6b6435d0,1,1
12f68712-bbc1-11e8-b2bb-ac1f6b6435d0,0,0 19
12f6cca4-bbb7-11e8-b2ba-ac1f6b6435d0,23,25
12f7857e-bbc9-11e8-b2bc-ac1f6b6435d0,0,0
12f97afa-bba6-11e8-b2ba-ac1f6b6435d0,25 0,0 25
12fc81e8-bb9f-11e8-b2b9-ac1f6b6435d0,25 18,18 25
12fcfc7e-bbb1-11e8-b2ba-ac1f6b6435d0,7 0,0 7
12ff2f00-bba5-11e8-b2ba-ac1f6b6435d0,7,7
1300cefc-bbb7-11e8-b2ba-ac1f6b6435d0,19,18
13018e08-bbaa-11e8-b2ba-ac1f6b6435d0,0,0
1301f1a2-bba7-11e8-b2ba-ac1f6b6435d0,4,4
1305ed94-bba6-11e8-b2ba-ac1f6b6435d0,25,25
13069592-bbc3-11e8-b2bc-ac1f6b6435d0,7,7
13082412-bbbd-11e8-b2ba-ac1f6b6435d0,1,1
13086566-bbc8-11e8-b2bc-ac1f6b6435d0,4,4
13094e1a-bbb2-11e8-b2ba-ac1f6b6435d0,12 0,0 23
130bf642-bba3-11e8-b2b9-ac1f6b6435d0,3,3
130c1ce8-bb9a-11e8-b2b9-ac1f6b6435d0,14 0,4 14
130c3cda-bbc4-11e8-b2bc-ac1f6b6435d0,12 0,0 1 12 13
130c7332-bba4-11e8-b2b9-ac1f6b6435d0,25,23
130eb406-bbba-11e8-b2ba-ac1f6b6435d0,4,4
130f7194-bbc3-11e8-b2bc-ac1f6b6435d0,2 0,0 2 25
1315b268-bb9e-11e8-b2b9-ac1f6b6435d0,12 1 21,1 12
1318a122-bbbb-11e8-b2ba-ac1f6b6435d0,19,19
13195954-bbbc-11e8-b2ba-ac1f6b6435d0,7,0 7 16
131d64a2-bba0-11e8-b2b9-ac1f6b6435d0,21,24 25
131e8888-bb9f-11e8-b2b9-ac1f6b6435d0,25 0,0 25
13217bac-bbb7-11e8-b2ba-ac1f6b6435d0,0,0
1322732e-bbb5-11e8-b2ba-ac1f6b6435d0,3 0,3
13254304-bbb7-11e8-b2ba-ac1f6b6435d0,23,23
13290a50-bba5-11e8-b2ba-ac1f6b6435d0,13 5 0,0 5
13294734-bba2-11e8-b2b9-ac1f6b6435d0,23,0 23
132c29bc-bbad-11e8-b2ba-ac1f6b6435d0,7,26
132c865c-bbba-11e8-b2ba-ac1f6b6435d0,25,6 25
132e00b0-bbc7-11e8-b2bc-ac1f6b6435d0,3 0,0 3
132efa8e-bba8-11e8-b2ba-ac1f6b6435d0,7 0,0 7
132fd78e-bbb6-11e8-b2ba-ac1f6b6435d0,18,18 19
1335b912-bba0-11e8-b2b9-ac1f6b6435d0,2 0,0 2
1335f5be-bbb2-11e8-b2ba-ac1f6b6435d0,25 0,25
1338a2f0-bbad-11e8-b2ba-ac1f6b6435d0,2 0,0 2 3
1339271a-bbc2-11e8-b2bb-ac1f6b6435d0,14,14
133b9e9a-bb9b-11e8-b2b9-ac1f6b6435d0,25,22
133bddd6-bbb6-11e8-b2ba-ac1f6b6435d0,11,21
133f3946-bbc4-11e8-b2bc-ac1f6b6435d0,0,0
1340d78c-bb9d-11e8-b2b9-ac1f6b6435d0,7,7
13428212-bbb6-11e8-b2ba-ac1f6b6435d0,25 4,4 25
13437d10-bba8-11e8-b2ba-ac1f6b6435d0,25 0,0
1345b398-bbba-11e8-b2ba-ac1f6b6435d0,18,18
13470fc0-bbbc-11e8-b2ba-ac1f6b6435d0,6,6
13476832-bb9c-11e8-b2b9-ac1f6b6435d0,19 25 0,0 19
13491bf6-bbaa-11e8-b2ba-ac1f6b6435d0,24,0 2 24
134aa5ca-bba5-11e8-b2ba-ac1f6b6435d0,23,23
134aaee8-bbb5-11e8-b2ba-ac1f6b6435d0,23 0,0 5 23
134b275a-bb9d-11e8-b2b9-ac1f6b6435d0,25 0,0
134e229e-bbba-11e8-b2ba-ac1f6b6435d0,22 1 0,0 1
134fe1a6-bbbf-11e8-b2ba-ac1f6b6435d0,4,4
13503b20-bbaf-11e8-b2ba-ac1f6b6435d0,24,24
13528632-bba0-11e8-b2b9-ac1f6b6435d0,22,22
1353b960-bbc0-11e8-b2bb-ac1f6b6435d0,25 0,0 25 26
135459c8-bb9e-11e8-b2b9-ac1f6b6435d0,23 2,0 2 23
13549c24-bba0-11e8-b2b9-ac1f6b6435d0,0,0
135c6508-bbaf-11e8-b2ba-ac1f6b6435d0,0,0
135ccee2-bbb1-11e8-b2ba-ac1f6b6435d0,22 0,0 22
135dc9f0-bbbb-11e8-b2ba-ac1f6b6435d0,12,12
135fb84c-bbab-11e8-b2ba-ac1f6b6435d0,7 21,25
1360b278-bbbb-11e8-b2ba-ac1f6b6435d0,25,25
1360c938-bba8-11e8-b2ba-ac1f6b6435d0,7,7
1364f29e-bbc9-11e8-b2bc-ac1f6b6435d0,19,19
13669cc6-bbaa-11e8-b2ba-ac1f6b6435d0,0,0
136873e8-bb9b-11e8-b2b9-ac1f6b6435d0,1,1
136a01be-bba9-11e8-b2ba-ac1f6b6435d0,7 0,0 7
136ca328-bba5-11e8-b2ba-ac1f6b6435d0,23 2,2 23
136cc668-bbbf-11e8-b2ba-ac1f6b6435d0,25 0,0
136d90b6-bbab-11e8-b2ba-ac1f6b6435d0,0,0 16
1373247e-bbc7-11e8-b2bc-ac1f6b6435d0,3,3
137a68c2-bbb0-11e8-b2ba-ac1f6b6435d0,18 17 21,7 17 18 21
137cdbd0-bbbe-11e8-b2ba-ac1f6b6435d0,25 5 0,0
137d718e-bbb0-11e8-b2ba-ac1f6b6435d0,4,4 21 25
137de514-bba2-11e8-b2b9-ac1f6b6435d0,25 0,0 25
137e95de-bba4-11e8-b2b9-ac1f6b6435d0,25 0,0 25
1383521e-bb9e-11e8-b2b9-ac1f6b6435d0,25 0,0 25
1386477e-bbaf-11e8-b2ba-ac1f6b6435d0,25 5 0,0 5 25
138694d0-bbc4-11e8-b2bc-ac1f6b6435d0,25 13 2 0,0 2 13
13896298-bb9a-11e8-b2b9-ac1f6b6435d0,2,2
1389f85a-bbba-11e8-b2ba-ac1f6b6435d0,6,6
138a7b92-bb9f-11e8-b2b9-ac1f6b6435d0,4,4
138bf0cc-bbb7-11e8-b2ba-ac1f6b6435d0,14,14
138db138-bbb1-11e8-b2ba-ac1f6b6435d0,12 0,0
1390fd3e-bba7-11e8-b2ba-ac1f6b6435d0,7,7
13914922-bbb8-11e8-b2ba-ac1f6b6435d0,3,3
1391cdbc-bbc6-11e8-b2bc-ac1f6b6435d0,18,0 18 25
1391d996-bbc2-11e8-b2bb-ac1f6b6435d0,21,21
1392e72c-bb9b-11e8-b2b9-ac1f6b6435d0,25 21,12 21
13937038-bbc9-11e8-b2bc-ac1f6b6435d0,5 0,0 5
1393fbb6-bbc9-11e8-b2bc-ac1f6b6435d0,25 17,25
13a454d0-bbbe-11e8-b2ba-ac1f6b6435d0,26 0,0 25 26
13a76820-bbc6-11e8-b2bc-ac1f6b6435d0,14 3 0,0 3 14
13aaa8ac-bbab-11e8-b2ba-ac1f6b6435d0,4,4
13aab596-bbbe-11e8-b2ba-ac1f6b6435d0,25 18,18 25
13ab66bc-bbc8-11e8-b2bc-ac1f6b6435d0,24 0,24
13ada69e-bba9-11e8-b2ba-ac1f6b6435d0,19 25 0,19 25
13ade088-bb9e-11e8-b2b9-ac1f6b6435d0,25 0,0
13ae15b6-bba4-11e8-b2b9-ac1f6b6435d0,25 0,0
13b011fe-bb9a-11e8-b2b9-ac1f6b6435d0,22 0,0
13b426c8-bba8-11e8-b2ba-ac1f6b6435d0,3,3
13b46a46-bbb9-11e8-b2ba-ac1f6b6435d0,21,21
13b8bc14-bb9f-11e8-b2b9-ac1f6b6435d0,11 0,0 2 11
13befde6-bba8-11e8-b2ba-ac1f6b6435d0,25 18 0,0 18
13bf2752-bba4-11e8-b2b9-ac1f6b6435d0,21,0 25
13c2cdee-bb9a-11e8-b2b9-ac1f6b6435d0,0,0
13c332f2-bbb3-11e8-b2ba-ac1f6b6435d0,21,21
13c36390-bb9e-11e8-b2b9-ac1f6b6435d0,4,4
13c4b0a2-bbc5-11e8-b2bc-ac1f6b6435d0,0,0
13c6d7b0-bbb6-11e8-b2ba-ac1f6b6435d0,11,5 11
13c6de3a-bba3-11e8-b2b9-ac1f6b6435d0,7 5 1,0 1 5 7
13c747ec-bbbe-11e8-b2ba-ac1f6b6435d0,7 4 21,4 7 21
13cadaea-bb9d-11e8-b2b9-ac1f6b6435d0,6,25
13caf87e-bba0-11e8-b2b9-ac1f6b6435d0,25,25
13cbc5b4-bb9c-11e8-b2b9-ac1f6b6435d0,6,6
13ce52cc-bba4-11e8-b2b9-ac1f6b6435d0,19 0,0 19
13d08690-bba5-11e8-b2ba-ac1f6b6435d0,25 6,25
13d15764-bbb4-11e8-b2ba-ac1f6b6435d0,18 0,0 18
13d24136-bbc5-11e8-b2bc-ac1f6b6435d0,19 25,18 19 25
13d29622-bbc5-11e8-b2bc-ac1f6b6435d0,0,0
13d38552-bbc8-11e8-b2bc-ac1f6b6435d0,25 4,4 23
13d4b18a-bbb3-11e8-b2ba-ac1f6b6435d0,0,0
13d4bbb8-bba8-11e8-b2ba-ac1f6b6435d0,4,4
13d54e7a-bbbc-11e8-b2ba-ac1f6b6435d0,21,21
13d6cf1a-bbc7-11e8-b2bc-ac1f6b6435d0,23 0,0 23
13da994c-bbb8-11e8-b2ba-ac1f6b6435d0,25 21,25
13dc5d06-bbc5-11e8-b2bc-ac1f6b6435d0,5,5
13dc8910-bbc1-11e8-b2bb-ac1f6b6435d0,23,23
13df8534-bbc6-11e8-b2bc-ac1f6b6435d0,16 25 14 0,0 14 16 25
13e231be-bbbf-11e8-b2ba-ac1f6b6435d0,0,4 26
13e56c9c-bbc1-11e8-b2bb-ac1f6b6435d0,24 25,11 24
13e5ae12-bb9b-11e8-b2b9-ac1f6b6435d0,25,25
13ea7e9e-bba3-11e8-b2b9-ac1f6b6435d0,3,2
13f0f5a8-bbc6-11e8-b2bc-ac1f6b6435d0,23,23
13f58602-bbaf-11e8-b2ba-ac1f6b6435d0,25 3,3 6 25
13f7055a-bb9a-11e8-b2b9-ac1f6b6435d0,14,14
13f9639e-bba5-11e8-b2ba-ac1f6b6435d0,7 0,0
13fb000a-bbb9-11e8-b2ba-ac1f6b6435d0,7 4 21,7 21
13fcf49a-bbc9-11e8-b2bc-ac1f6b6435d0,3,3
14043982-bbc2-11e8-b2bb-ac1f6b6435d0,4,4
14061d8e-bbad-11e8-b2ba-ac1f6b6435d0,0,0 7
14072a06-bbb4-11e8-b2ba-ac1f6b6435d0,13 0 21,0 13 21
1409a9bc-bbae-11e8-b2ba-ac1f6b6435d0,21,21
140af116-bb9d-11e8-b2b9-ac1f6b6435d0,12 21,12
140f8986-bbb3-11e8-b2ba-ac1f6b6435d0,19 23,7
14137000-bbc7-11e8-b2bc-ac1f6b6435d0,3,3
1414902c-bbc0-11e8-b2bb-ac1f6b6435d0,7,7
141727cc-bb9a-11e8-b2b9-ac1f6b6435d0,2,0 2
14173b9a-bbc7-11e8-b2bc-ac1f6b6435d0,19 0,0 5
1417b400-bbbb-11e8-b2ba-ac1f6b6435d0,7 4 2,2 4
141a7150-bbc4-11e8-b2bc-ac1f6b6435d0,23,23
141aaeca-bbb2-11e8-b2ba-ac1f6b6435d0,25 14,14
141ba95a-bba9-11e8-b2ba-ac1f6b6435d0,25 0,0 25
141ce91a-bba8-11e8-b2ba-ac1f6b6435d0,25 11 0,11
141f675a-bbc4-11e8-b2bc-ac1f6b6435d0,11,14
141f68e0-bbab-11e8-b2ba-ac1f6b6435d0,2 0,0 2
1420292a-bbc3-11e8-b2bc-ac1f6b6435d0,22 0,0 22
14205a66-bb9c-11e8-b2b9-ac1f6b6435d0,25 0,0 25
142433e8-bbab-11e8-b2ba-ac1f6b6435d0,25 1,1
1425856c-bbb6-11e8-b2ba-ac1f6b6435d0,7,7
1427b110-bbb7-11e8-b2ba-ac1f6b6435d0,25 11 0,0 11
1427f0b4-bb9c-11e8-b2b9-ac1f6b6435d0,23,23
1428678a-bbb8-11e8-b2ba-ac1f6b6435d0,2,0 2
142c9d96-bbae-11e8-b2ba-ac1f6b6435d0,14,14 25
1433463e-bbc0-11e8-b2bb-ac1f6b6435d0,21,21
14336442-bbc1-11e8-b2bb-ac1f6b6435d0,25 21,21
1434399e-bbad-11e8-b2ba-ac1f6b6435d0,14 2,2 14 21
14350ae4-bb9a-11e8-b2b9-ac1f6b6435d0,23,6
1436c6ec-bba2-11e8-b2b9-ac1f6b6435d0,16 17,14 16
14384616-bbb1-11e8-b2ba-ac1f6b6435d0,25 2 0,0 2 25
143c4766-bbac-11e8-b2ba-ac1f6b6435d0,3,3
143d7ec0-bbb5-11e8-b2ba-ac1f6b6435d0,25 2,2 25
1440e54a-bbb7-11e8-b2ba-ac1f6b6435d0,25 0,0 25
1441aed8-bbc3-11e8-b2bc-ac1f6b6435d0,25 0 21,0 21
144717dc-bbb5-11e8-b2ba-ac1f6b6435d0,0 21,0 21
1448ed80-bbb2-11e8-b2ba-ac1f6b6435d0,21,21
14499300-bbaa-11e8-b2ba-ac1f6b6435d0,25,6 25
144a0ee0-bbc6-11e8-b2bc-ac1f6b6435d0,5,5
144a390a-bb9f-11e8-b2b9-ac1f6b6435d0,14 2,2 14 16
144afe5a-bba2-11e8-b2b9-ac1f6b6435d0,0,0
144c1132-bbb1-11e8-b2ba-ac1f6b6435d0,1,1
144c35dc-bbb0-11e8-b2ba-ac1f6b6435d0,23,6
144d33ce-bba1-11e8-b2b9-ac1f6b6435d0,21,21
144dcdcc-bbc2-11e8-b2bb-ac1f6b6435d0,0,0
1451d23c-bbb8-11e8-b2ba-ac1f6b6435d0,23 5,26
1451d3fc-bbb0-11e8-b2ba-ac1f6b6435d0,0 21,25
14521034-bbbe-11e8-b2ba-ac1f6b6435d0,25 0,0
14592966-bba3-11e8-b2b9-ac1f6b6435d0,2 0 21,0 2 25
145b6ff2-bbc9-11e8-b2bc-ac1f6b6435d0,25 0,0 25
1462071c-bbb6-11e8-b2ba-ac1f6b6435d0,11,11
1463e6ec-bbc8-11e8-b2bc-ac1f6b6435d0,25 0,4 25
146503a6-bbc3-11e8-b2bc-ac1f6b6435d0,12,12
14684708-bba2-11e8-b2b9-ac1f6b6435d0,23,23
1469d230-bbc5-11e8-b2bc-ac1f6b6435d0,24 5 0,24
146b174a-bbab-11e8-b2ba-ac1f6b6435d0,19,0 19
146d7ee0-bb9c-11e8-b2b9-ac1f6b6435d0,16 5 0,0 16
147036d0-bba1-11e8-b2b9-ac1f6b6435d0,25 5,3 5 25
1476258a-bbc5-11e8-b2bc-ac1f6b6435d0,0 21,0 21
1478fbb0-bbc1-11e8-b2bb-ac1f6b6435d0,23 1,1 23
1479e4cc-bbc0-11e8-b2bb-ac1f6b6435d0,4,4
147af4c8-bb9a-11e8-b2b9-ac1f6b6435d0,18 0,0
14801286-bb9b-11e8-b2b9-ac1f6b6435d0,24,24
1484b1c6-bba8-11e8-b2ba-ac1f6b6435d0,4 0,4
14855a1a-bbab-11e8-b2ba-ac1f6b6435d0,6,6
148e46c2-bbc2-11e8-b2bb-ac1f6b6435d0,6,6
148f1c1a-bbc6-11e8-b2bc-ac1f6b6435d0,14,14
1496fa30-bba7-11e8-b2ba-ac1f6b6435d0,23,23
14985a88-bbac-11e8-b2ba-ac1f6b6435d0,2,0 2
149adb4a-bb9e-11e8-b2b9-ac1f6b6435d0,25 0,0 25
149de7ac-bbbe-11e8-b2ba-ac1f6b6435d0,22 25 0,0 25
149e4a30-bba0-11e8-b2b9-ac1f6b6435d0,6,6
14a1c8f2-bbb1-11e8-b2ba-ac1f6b6435d0,25 21,0 3 25
14b107e8-bb9f-11e8-b2b9-ac1f6b6435d0,3,3
14b35f82-bbb0-11e8-b2ba-ac1f6b6435d0,25 0,0
14b5422c-bbbd-11e8-b2ba-ac1f6b6435d0,24 25,24 25
14b772f2-bbb5-11e8-b2ba-ac1f6b6435d0,4,4
14ba2b66-bbb8-11e8-b2ba-ac1f6b6435d0,18 4,4 18
14bbbb18-bbac-11e8-b2ba-ac1f6b6435d0,6,25
14bc71be-bbc7-11e8-b2bc-ac1f6b6435d0,25 0,0
14be0b22-bb9b-11e8-b2b9-ac1f6b6435d0,23 17 0,7 25
14beeafe-bbac-11e8-b2ba-ac1f6b6435d0,4,0 4
14bfc3f2-bbac-11e8-b2ba-ac1f6b6435d0,7 0,0 7
14c00e72-bbaf-11e8-b2ba-ac1f6b6435d0,25,25
14c067c8-bbb4-11e8-b2ba-ac1f6b6435d0,6,6
14c10cfc-bba3-11e8-b2b9-ac1f6b6435d0,25 1,0 1
14c59f16-bbbb-11e8-b2ba-ac1f6b6435d0,5,0
14c9a968-bb9c-11e8-b2b9-ac1f6b6435d0,25 5 21,5 21
14cb7a82-bbbe-11e8-b2ba-ac1f6b6435d0,18 0,0 18
14cecda8-bbb0-11e8-b2ba-ac1f6b6435d0,25 0,0 25
14cefc84-bbb4-11e8-b2ba-ac1f6b6435d0,25 2,3
14cf736e-bbc1-11e8-b2bb-ac1f6b6435d0,3,3
14d24e52-bbbe-11e8-b2ba-ac1f6b6435d0,6,6 25
14d462ba-bba9-11e8-b2ba-ac1f6b6435d0,25 0,5
14d4af62-bba5-11e8-b2ba-ac1f6b6435d0,25 0,0
14d6b7e4-bbb4-11e8-b2ba-ac1f6b6435d0,7 5,7
14d7980c-bbab-11e8-b2ba-ac1f6b6435d0,0,0
14d862a8-bba8-11e8-b2ba-ac1f6b6435d0,25,25
14dc6f0a-bba4-11e8-b2b9-ac1f6b6435d0,4,4
14de0ff6-bbca-11e8-b2bc-ac1f6b6435d0,7,7
14df2a0a-bb9b-11e8-b2b9-ac1f6b6435d0,25 5 21,2 21 25
14e64558-bb9e-11e8-b2b9-ac1f6b6435d0,23,23
14e8eece-bba9-11e8-b2ba-ac1f6b6435d0,25,25
14ea83ec-bb9a-11e8-b2b9-ac1f6b6435d0,4 3,0 3
14ea928a-bb9d-11e8-b2b9-ac1f6b6435d0,14 21,2 14
14f10b2c-bbae-11e8-b2ba-ac1f6b6435d0,22 3,3 22
14f2225a-bbbd-11e8-b2ba-ac1f6b6435d0,25 0,0 25
14f27d20-bba6-11e8-b2ba-ac1f6b6435d0,23,23
14f4308e-bbb0-11e8-b2ba-ac1f6b6435d0,19 0,0 19
14fb4b82-bb9f-11e8-b2b9-ac1f6b6435d0,21,21
14fbe414-bbb5-11e8-b2ba-ac1f6b6435d0,14,14
14ffde1a-bba2-11e8-b2b9-ac1f6b6435d0,5,3
15029c6e-bb9c-11e8-b2b9-ac1f6b6435d0,25 5,5 25
150381ee-bbb3-11e8-b2ba-ac1f6b6435d0,24,24
15051c16-bba4-11e8-b2b9-ac1f6b6435d0,25 0,0 11
1505ef2c-bbb5-11e8-b2ba-ac1f6b6435d0,0,0
1506357e-bbb3-11e8-b2ba-ac1f6b6435d0,1 4 3,1 4
15075b62-bbbc-11e8-b2ba-ac1f6b6435d0,12 0,0 12
1507c5fa-bbc3-11e8-b2bc-ac1f6b6435d0,19 0,0 19
1507e650-bbbb-11e8-b2ba-ac1f6b6435d0,0,0 25
150817dc-bbb2-11e8-b2ba-ac1f6b6435d0,25 14,14 25
1508bd4a-bbb7-11e8-b2ba-ac1f6b6435d0,19 0,0 19
15097292-bbb9-11e8-b2ba-ac1f6b6435d0,23,23
150b4eb6-bbb2-11e8-b2ba-ac1f6b6435d0,0,25
150d1774-bbbb-11e8-b2ba-ac1f6b6435d0,0 21,0 1 21
150e3d34-bba7-11e8-b2ba-ac1f6b6435d0,22,0 22
1510fd74-bbbd-11e8-b2ba-ac1f6b6435d0,0,0 19
15137c30-bbad-11e8-b2ba-ac1f6b6435d0,25 21,21 25
151715cc-bba6-11e8-b2ba-ac1f6b6435d0,0,0
151dc340-bbc9-11e8-b2bc-ac1f6b6435d0,5 0,0 5
1521891a-bba3-11e8-b2b9-ac1f6b6435d0,0,0
1524e502-bbca-11e8-b2bc-ac1f6b6435d0,25 0,0 25
15253b54-bbb8-11e8-b2ba-ac1f6b6435d0,26,19
1526ccbc-bbae-11e8-b2ba-ac1f6b6435d0,19,5
152c7e50-bb9f-11e8-b2b9-ac1f6b6435d0,0 21,0 21
152e00ce-bbca-11e8-b2bc-ac1f6b6435d0,13 0,13
1533f278-bbba-11e8-b2ba-ac1f6b6435d0,26,25
15352328-bba1-11e8-b2b9-ac1f6b6435d0,25 16 0,0 16 25
15364eda-bba4-11e8-b2b9-ac1f6b6435d0,25 21,21 25
1536f4d8-bb9b-11e8-b2b9-ac1f6b6435d0,3,3
15373450-bbc5-11e8-b2bc-ac1f6b6435d0,4,4 25
15380846-bbb9-11e8-b2ba-ac1f6b6435d0,23,23
1538c1fc-bbbc-11e8-b2ba-ac1f6b6435d0,23,23
153a1eae-bb9d-11e8-b2b9-ac1f6b6435d0,2 0,0 2 25
153a9f0c-bbc8-11e8-b2bc-ac1f6b6435d0,26,1 25
153c8efa-bba7-11e8-b2ba-ac1f6b6435d0,24 0,0 24
153cbdb6-bba3-11e8-b2b9-ac1f6b6435d0,2,2
15429e08-bba2-11e8-b2b9-ac1f6b6435d0,2,2 21
15451232-bbac-11e8-b2ba-ac1f6b6435d0,5 21,5 21
1547b4b0-bbc0-11e8-b2bb-ac1f6b6435d0,16 25 0,0 25
15494378-bba9-11e8-b2ba-ac1f6b6435d0,22,5
154af91c-bbc1-11e8-b2bb-ac1f6b6435d0,0,0 21
154ba966-bbad-11e8-b2ba-ac1f6b6435d0,14,21
154d4cce-bbaf-11e8-b2ba-ac1f6b6435d0,2 0,0 2
1550bbce-bbba-11e8-b2ba-ac1f6b6435d0,25 4,4 25
1550dc94-bbba-11e8-b2ba-ac1f6b6435d0,19,19
15551918-bbc8-11e8-b2bc-ac1f6b6435d0,5,0 5
155a4d60-bba1-11e8-b2b9-ac1f6b6435d0,25 21,21
15610740-bbc9-11e8-b2bc-ac1f6b6435d0,5,5 18
156283e2-bb9a-11e8-b2b9-ac1f6b6435d0,25,14
15628688-bbc4-11e8-b2bc-ac1f6b6435d0,14,21 25
156ae0f2-bbac-11e8-b2ba-ac1f6b6435d0,1 0,0 1
156ca0d4-bba4-11e8-b2b9-ac1f6b6435d0,0,0
156d1a14-bbb8-11e8-b2ba-ac1f6b6435d0,0,0
156d30f6-bba6-11e8-b2ba-ac1f6b6435d0,23,23 25
156d4bc0-bba8-11e8-b2ba-ac1f6b6435d0,7,6
1572d994-bba0-11e8-b2b9-ac1f6b6435d0,25,23
15739fba-bba4-11e8-b2b9-ac1f6b6435d0,21,21
15740436-bbb4-11e8-b2ba-ac1f6b6435d0,25 0,0
15776226-bbb8-11e8-b2ba-ac1f6b6435d0,0 21,0
1578bcd4-bbb3-11e8-b2ba-ac1f6b6435d0,7,7
157cb784-bba0-11e8-b2b9-ac1f6b6435d0,5,5
157f277e-bbb6-11e8-b2ba-ac1f6b6435d0,25,25
158197ac-bbb1-11e8-b2ba-ac1f6b6435d0,0,25
1582ad18-bbbb-11e8-b2ba-ac1f6b6435d0,23,23
15883afa-bba0-11e8-b2b9-ac1f6b6435d0,18,18
158c9138-bba3-11e8-b2b9-ac1f6b6435d0,22 0,0
158eb4c2-bbb7-11e8-b2ba-ac1f6b6435d0,25 0,0
158fccce-bbb5-11e8-b2ba-ac1f6b6435d0,24,24
15909aea-bbb6-11e8-b2ba-ac1f6b6435d0,7 2 0,0 7
15918274-bba8-11e8-b2ba-ac1f6b6435d0,0,0
15941ffa-bbc3-11e8-b2bc-ac1f6b6435d0,2 0,0 2
159520f2-bb9c-11e8-b2b9-ac1f6b6435d0,0 21,0
1595a842-bb9c-11e8-b2b9-ac1f6b6435d0,25,25
1597c1fa-bbc3-11e8-b2bc-ac1f6b6435d0,25,21 25
159aa714-bba3-11e8-b2b9-ac1f6b6435d0,25 0,0 25
159cf62e-bbab-11e8-b2ba-ac1f6b6435d0,23,0 23
15a0b460-bbc1-11e8-b2bb-ac1f6b6435d0,0 21,0
15a16118-bb9d-11e8-b2b9-ac1f6b6435d0,21,21
15a298e4-bbca-11e8-b2bc-ac1f6b6435d0,3,18
15a2aa9c-bbbf-11e8-b2ba-ac1f6b6435d0,12 0,25
15a356b8-bbc9-11e8-b2bc-ac1f6b6435d0,3 0,0 3
15a4da38-bbc4-11e8-b2bc-ac1f6b6435d0,25 2,5 25
15a931d0-bba8-11e8-b2ba-ac1f6b6435d0,3 0,0 2
15a9df82-bbb1-11e8-b2ba-ac1f6b6435d0,25 3,21 25
15af5382-bbab-11e8-b2ba-ac1f6b6435d0,0,0
15b11166-bbb7-11e8-b2ba-ac1f6b6435d0,0 21,0 21
15b132f0-bba7-11e8-b2ba-ac1f6b6435d0,19,21
15b32cc4-bbb9-11e8-b2ba-ac1f6b6435d0,25 0,0 19
15b40976-bba2-11e8-b2b9-ac1f6b6435d0,1 0,0 1
15b471cc-bbca-11e8-b2bc-ac1f6b6435d0,22,22 25
15b85cce-bbc0-11e8-b2bb-ac1f6b6435d0,13,13
15b8a06e-bbbe-11e8-b2ba-ac1f6b6435d0,25,21 25
15bac39e-bbb9-11e8-b2ba-ac1f6b6435d0,21,25
15bbaf96-bbac-11e8-b2ba-ac1f6b6435d0,25 21,21 25
15c32354-bbaa-11e8-b2ba-ac1f6b6435d0,2,2
15c44980-bbb1-11e8-b2ba-ac1f6b6435d0,2 0,0 2
15c498b2-bbbc-11e8-b2ba-ac1f6b6435d0,5 0,0 5
15c5351a-bbb7-11e8-b2ba-ac1f6b6435d0,4,4
15c7c81a-bb9a-11e8-b2b9-ac1f6b6435d0,18,19
15c82afe-bba3-11e8-b2b9-ac1f6b6435d0,5,5
15c93aa4-bbc4-11e8-b2bc-ac1f6b6435d0,25 0,0 25
15cc2650-bbb6-11e8-b2ba-ac1f6b6435d0,0 21,5 25
15ccfd38-bbb5-11e8-b2ba-ac1f6b6435d0,23,23
15d02b38-bbc0-11e8-b2bb-ac1f6b6435d0,25,21
15d18bb2-bbb2-11e8-b2ba-ac1f6b6435d0,7,7
15d84816-bbc7-11e8-b2bc-ac1f6b6435d0,11 0,0 7
15dc05a0-bbb8-11e8-b2ba-ac1f6b6435d0,2 0,0 2 22
15e05d42-bba6-11e8-b2ba-ac1f6b6435d0,23,25
15e2398a-bbc1-11e8-b2bb-ac1f6b6435d0,20 23 0,0 20
15e3718c-bba9-11e8-b2ba-ac1f6b6435d0,25 18,14 25
15e4ca7c-bbb9-11e8-b2ba-ac1f6b6435d0,6 2,2 6
15e64f4a-bbc9-11e8-b2bc-ac1f6b6435d0,14 2,2 14
15e6d170-bbad-11e8-b2ba-ac1f6b6435d0,25 2,2 6 25
15e85fee-bba4-11e8-b2b9-ac1f6b6435d0,25 4,4 25
15ea7b56-bbc9-11e8-b2bc-ac1f6b6435d0,0,0
15edca98-bba8-11e8-b2ba-ac1f6b6435d0,7 0,0 7
15eeceae-bba1-11e8-b2b9-ac1f6b6435d0,0,0
15f1c82a-bba1-11e8-b2b9-ac1f6b6435d0,21,21
15f4d082-bbca-11e8-b2bc-ac1f6b6435d0,2,2
15f4dfb8-bbad-11e8-b2ba-ac1f6b6435d0,14,14
15f59b90-bbc3-11e8-b2bc-ac1f6b6435d0,25 0,0 11
15f8c6b4-bbb7-11e8-b2ba-ac1f6b6435d0,23,23
15fa641c-bba6-11e8-b2ba-ac1f6b6435d0,22,13 22
15fd0e10-bbbf-11e8-b2ba-ac1f6b6435d0,21,21
16003b58-bbc4-11e8-b2bc-ac1f6b6435d0,6,6 23
1601d2d0-bbbd-11e8-b2ba-ac1f6b6435d0,25 0,0 25
1603a6bc-bba6-11e8-b2ba-ac1f6b6435d0,25 0,0 25
1603eada-bbb7-11e8-b2ba-ac1f6b6435d0,2,2
160721d8-bbca-11e8-b2bc-ac1f6b6435d0,14,14
16084394-bb9b-11e8-b2b9-ac1f6b6435d0,4,4
160858c8-bba7-11e8-b2ba-ac1f6b6435d0,25,25
1609dae2-bb9b-11e8-b2b9-ac1f6b6435d0,0,0
1609e2b4-bbbc-11e8-b2ba-ac1f6b6435d0,25 11 21,21 25
160e6684-bbb9-11e8-b2ba-ac1f6b6435d0,18 4 21,5 21
160fed1c-bb9e-11e8-b2b9-ac1f6b6435d0,1,1
16104cb2-bbb2-11e8-b2ba-ac1f6b6435d0,0,0
1617dbf8-bbad-11e8-b2ba-ac1f6b6435d0,24 5,5 24
16196e56-bba2-11e8-b2b9-ac1f6b6435d0,6,25
161ad560-bbb2-11e8-b2ba-ac1f6b6435d0,5 0,0 5
1622da5a-bbb5-11e8-b2ba-ac1f6b6435d0,0 21,0 21
1624d9da-bbac-11e8-b2ba-ac1f6b6435d0,25 23,6
1624eb22-bbc1-11e8-b2bb-ac1f6b6435d0,18 4 21,4 18 25
1625b570-bbc6-11e8-b2bc-ac1f6b6435d0,1,1
16264ccc-bbc8-11e8-b2bc-ac1f6b6435d0,7,7
1626de2a-bbb0-11e8-b2ba-ac1f6b6435d0,23,23
1628fcfc-bbb8-11e8-b2ba-ac1f6b6435d0,7 3,3 7
162abf2e-bbc7-11e8-b2bc-ac1f6b6435d0,25 21,25
162d0332-bba0-11e8-b2b9-ac1f6b6435d0,25 2 0,0 2 21
16318394-bba5-11e8-b2ba-ac1f6b6435d0,7 2 0,0 2 7
163bb334-bba3-11e8-b2b9-ac1f6b6435d0,0,0
163f4498-bbbe-11e8-b2ba-ac1f6b6435d0,4,4
164246d0-bbbd-11e8-b2ba-ac1f6b6435d0,7,23
1642adce-bbbc-11e8-b2ba-ac1f6b6435d0,16 14 4,4 14 16
1644a858-bb9a-11e8-b2b9-ac1f6b6435d0,25 0,0 25
1647ab90-bbac-11e8-b2ba-ac1f6b6435d0,7,0
16485324-bb9d-11e8-b2b9-ac1f6b6435d0,0,0
164b6172-bba2-11e8-b2b9-ac1f6b6435d0,20 2 0,0 2 20
164f244e-bba0-11e8-b2b9-ac1f6b6435d0,6,25
16530b68-bbc3-11e8-b2bc-ac1f6b6435d0,5 0,5
16532d20-bbad-11e8-b2ba-ac1f6b6435d0,11 1 0,0 1 25
1653b656-bbb6-11e8-b2ba-ac1f6b6435d0,7,7
16552556-bbaa-11e8-b2ba-ac1f6b6435d0,25 0,5 25
16583838-bbb2-11e8-b2ba-ac1f6b6435d0,21,25
16596ea0-bba4-11e8-b2b9-ac1f6b6435d0,25 0,0
1659f11c-bb9b-11e8-b2b9-ac1f6b6435d0,25 0,0 11 19
16620282-bbc1-11e8-b2bb-ac1f6b6435d0,0,0 2
16628772-bba1-11e8-b2b9-ac1f6b6435d0,0 8,0 7
1664be60-bb9d-11e8-b2b9-ac1f6b6435d0,23,23
16663780-bbbc-11e8-b2ba-ac1f6b6435d0,1 0,0 1
166a454e-bbb4-11e8-b2ba-ac1f6b6435d0,12 5 21,12
166df710-bba6-11e8-b2ba-ac1f6b6435d0,25,25
166f573c-bb9b-11e8-b2b9-ac1f6b6435d0,25,3 25
16754394-bbc4-11e8-b2bc-ac1f6b6435d0,23,6
1675f2d0-bba6-11e8-b2ba-ac1f6b6435d0,0 21,0 21
167620ce-bbc0-11e8-b2bb-ac1f6b6435d0,25 5,5 25
1678a23e-bbc7-11e8-b2bc-ac1f6b6435d0,25 14 2,2 6 14 25
167b88dc-bbbd-11e8-b2ba-ac1f6b6435d0,1,1
167c3c4e-bbc4-11e8-b2bc-ac1f6b6435d0,22,22
1681007a-bb9d-11e8-b2b9-ac1f6b6435d0,2,2
1681b89a-bbab-11e8-b2ba-ac1f6b6435d0,23 4,4
168340b2-bb9b-11e8-b2b9-ac1f6b6435d0,2 0,0 2
1683666a-bba9-11e8-b2ba-ac1f6b6435d0,14 0,0 14
168a6736-bbad-11e8-b2ba-ac1f6b6435d0,22 3,0 3 22
168cbdc8-bb9f-11e8-b2b9-ac1f6b6435d0,0 21,0 21
168d595a-bb9e-11e8-b2b9-ac1f6b6435d0,3,1 3
168f29ca-bbbb-11e8-b2ba-ac1f6b6435d0,7,7
168f3bca-bba9-11e8-b2ba-ac1f6b6435d0,11,21
168f4e1a-bbc4-11e8-b2bc-ac1f6b6435d0,19 5 0,0 19
16921e5c-bbbe-11e8-b2ba-ac1f6b6435d0,25,5 25
169297ba-bbc3-11e8-b2bc-ac1f6b6435d0,2 0,0 2
1694b480-bbb1-11e8-b2ba-ac1f6b6435d0,19 0,0 19
16959bc2-bb9b-11e8-b2b9-ac1f6b6435d0,22,25
169abc84-bba9-11e8-b2ba-ac1f6b6435d0,4,4
169d13b4-bba2-11e8-b2b9-ac1f6b6435d0,14,14
169dcc64-bbca-11e8-b2bc-ac1f6b6435d0,3,3
169e5296-bbad-11e8-b2ba-ac1f6b6435d0,21,21
16a066c4-bbb4-11e8-b2ba-ac1f6b6435d0,7 0,0 7
16a25ba4-bbc4-11e8-b2bc-ac1f6b6435d0,5 0,5
16a55050-bba3-11e8-b2b9-ac1f6b6435d0,25 5,0 25
16a7c6ce-bbc0-11e8-b2bb-ac1f6b6435d0,18,4 18
16a9378e-bbb6-11e8-b2ba-ac1f6b6435d0,25 5,5 25
16ae4c3e-bb9c-11e8-b2b9-ac1f6b6435d0,25 21,20 25
16ae61b0-bbc9-11e8-b2bc-ac1f6b6435d0,7 0,0 2 7
16aedd96-bbc1-11e8-b2bb-ac1f6b6435d0,25 18,19
16afa952-bbca-11e8-b2bc-ac1f6b6435d0,25 4,0 25
16b3b9d2-bbb8-11e8-b2ba-ac1f6b6435d0,2 0,0 2
16b5ac94-bbc5-11e8-b2bc-ac1f6b6435d0,25 0,0 21 25
16b5c972-bbbb-11e8-b2ba-ac1f6b6435d0,0 21,2 21
16bb0b30-bb9d-11e8-b2b9-ac1f6b6435d0,6,25
16bc8bbe-bbb5-11e8-b2ba-ac1f6b6435d0,23,23
16bfc0d0-bbc0-11e8-b2bb-ac1f6b6435d0,0 21,0
16c4a20a-bbbe-11e8-b2ba-ac1f6b6435d0,19,19
16c4dd56-bb9b-11e8-b2b9-ac1f6b6435d0,25 0,0 25
16c60ce4-bbaf-11e8-b2ba-ac1f6b6435d0,25 14 0,0 14
16c64cc0-bba2-11e8-b2b9-ac1f6b6435d0,25 21,25
16c81cb2-bbca-11e8-b2bc-ac1f6b6435d0,13,13
16c8f8b4-bba5-11e8-b2ba-ac1f6b6435d0,0,0
16c9ea5a-bbbc-11e8-b2ba-ac1f6b6435d0,0,0
16ced06c-bbb5-11e8-b2ba-ac1f6b6435d0,23,23
16d0b820-bba4-11e8-b2b9-ac1f6b6435d0,19 25 13,13 19 25
16d10f92-bbc1-11e8-b2bb-ac1f6b6435d0,3 0,0
16d40160-bb9f-11e8-b2b9-ac1f6b6435d0,21,11
16d45cac-bb9d-11e8-b2b9-ac1f6b6435d0,7 0,0 7
16d592b6-bbac-11e8-b2ba-ac1f6b6435d0,4,4
16d65e5c-bbc1-11e8-b2bb-ac1f6b6435d0,4,2 4
16db66d4-bbb4-11e8-b2ba-ac1f6b6435d0,19 25,23
16dca48e-bbc0-11e8-b2bb-ac1f6b6435d0,2 0,0 2
16dd9e0e-bbb9-11e8-b2ba-ac1f6b6435d0,24,24
16e05bd4-bbb0-11e8-b2ba-ac1f6b6435d0,5 0,5
16e1111e-bbbf-11e8-b2ba-ac1f6b6435d0,25 21,21
16e15d20-bbc6-11e8-b2bc-ac1f6b6435d0,0,0
16e388c0-bba3-11e8-b2b9-ac1f6b6435d0,22 5 0,5
16e39776-bbb1-11e8-b2ba-ac1f6b6435d0,23 0,0 23
16e3e82c-bbb4-11e8-b2ba-ac1f6b6435d0,4 21,0 11 25
16ebac9a-bbc0-11e8-b2bb-ac1f6b6435d0,25 21,21 25
16ecb12c-bbab-11e8-b2ba-ac1f6b6435d0,12,12
16eec8e2-bba9-11e8-b2ba-ac1f6b6435d0,25 5 0,0 25
16f1b29e-bba6-11e8-b2ba-ac1f6b6435d0,7,7
16f24aec-bbbf-11e8-b2ba-ac1f6b6435d0,4,4
16f5e9f6-bbb3-11e8-b2ba-ac1f6b6435d0,23 0,0 23
16f6a330-bbb5-11e8-b2ba-ac1f6b6435d0,2 0,0
16f896d0-bbca-11e8-b2bc-ac1f6b6435d0,21,21
16f99488-bba0-11e8-b2b9-ac1f6b6435d0,5,5
16fa624c-bb9a-11e8-b2b9-ac1f6b6435d0,5,5
16fbace4-bbc5-11e8-b2bc-ac1f6b6435d0,2 0,0 2
16fdb2c4-bbba-11e8-b2ba-ac1f6b6435d0,25 5,5 25
170a080a-bb9a-11e8-b2b9-ac1f6b6435d0,16 0,0 16
170e303e-bba3-11e8-b2b9-ac1f6b6435d0,0,0
170ec40e-bba3-11e8-b2b9-ac1f6b6435d0,4,4
1711438e-bbbf-11e8-b2ba-ac1f6b6435d0,25 0,0 21
17147fb2-bbb1-11e8-b2ba-ac1f6b6435d0,2 0,0 2
1714e346-bba5-11e8-b2ba-ac1f6b6435d0,5,0 5
17160b0e-bbb9-11e8-b2ba-ac1f6b6435d0,5 21,0 1 5
171c9bb6-bbc5-11e8-b2bc-ac1f6b6435d0,25,20 25
171e3826-bbbc-11e8-b2ba-ac1f6b6435d0,0 21,0 21
171ed9e2-bbae-11e8-b2ba-ac1f6b6435d0,21,21
1721cc1e-bba0-11e8-b2b9-ac1f6b6435d0,4,4
17246214-bbc1-11e8-b2bb-ac1f6b6435d0,7,6
172695a6-bbb3-11e8-b2ba-ac1f6b6435d0,25 18,18 25
1726cb34-bbc7-11e8-b2bc-ac1f6b6435d0,19 25 0,0 19 25
1727ec0a-bbac-11e8-b2ba-ac1f6b6435d0,25 0,0 25
1728af98-bbc3-11e8-b2bc-ac1f6b6435d0,25 5 0,0 5 25
172bc154-bbca-11e8-b2bc-ac1f6b6435d0,4,4
172bf0f6-bbb7-11e8-b2ba-ac1f6b6435d0,25 0,0 21
172fa1ca-bbbb-11e8-b2ba-ac1f6b6435d0,25 4,4 25
1734a36c-bba9-11e8-b2ba-ac1f6b6435d0,0,0
17352134-bbae-11e8-b2ba-ac1f6b6435d0,14 0 21,14 21
1737a90e-bbae-11e8-b2ba-ac1f6b6435d0,25 0,0 5
173ca58c-bbc5-11e8-b2bc-ac1f6b6435d0,24 5,24
173eb3ee-bbc6-11e8-b2bc-ac1f6b6435d0,5 0,0 5
174760f2-bbbc-11e8-b2ba-ac1f6b6435d0,22 0,0 22
17476b40-bbaf-11e8-b2ba-ac1f6b6435d0,7,24
17493718-bbc3-11e8-b2bc-ac1f6b6435d0,26 4,4 26
1749eaae-bbb0-11e8-b2ba-ac1f6b6435d0,25 6 2,2 6 25
174a8f88-bbbd-11e8-b2ba-ac1f6b6435d0,3,3
174c4918-bbb8-11e8-b2ba-ac1f6b6435d0,25 23,25
1751c6d6-bbc7-11e8-b2bc-ac1f6b6435d0,23,23
17523ce4-bb9d-11e8-b2b9-ac1f6b6435d0,16 25 0,0 25
1752df9e-bb9f-11e8-b2b9-ac1f6b6435d0,6,6
1753cff0-bbca-11e8-b2bc-ac1f6b6435d0,4,4
17575f98-bbb2-11e8-b2ba-ac1f6b6435d0,25 6 3,3 25
175a7aa0-bbaf-11e8-b2ba-ac1f6b6435d0,21,2 21 22
175bd7ea-bbbb-11e8-b2ba-ac1f6b6435d0,5 2,2
175bf872-bbc2-11e8-b2bb-ac1f6b6435d0,5,5
175fd60c-bbc9-11e8-b2bc-ac1f6b6435d0,25 0,0 25
176066e2-bbc1-11e8-b2bb-ac1f6b6435d0,11,11
1766771c-bbc1-11e8-b2bb-ac1f6b6435d0,25 4,4 25
176afe3a-bbae-11e8-b2ba-ac1f6b6435d0,25,25
176f1778-bbad-11e8-b2ba-ac1f6b6435d0,2 0,0 2
177356ac-bbc7-11e8-b2bc-ac1f6b6435d0,25 0,5 25
17753a3c-bbbb-11e8-b2ba-ac1f6b6435d0,12 5,5 25
1776afcc-bbaf-11e8-b2ba-ac1f6b6435d0,22 0,0 22
177887ec-bbab-11e8-b2ba-ac1f6b6435d0,21,21
1779b3ac-bbc8-11e8-b2bc-ac1f6b6435d0,5 0,0 5
177b5120-bbc4-11e8-b2bc-ac1f6b6435d0,23 0,0 23
177c097e-bb9e-11e8-b2b9-ac1f6b6435d0,18 0,0 18 22
177c91d8-bbca-11e8-b2bc-ac1f6b6435d0,25 0,0 25
177f9d58-bbbe-11e8-b2ba-ac1f6b6435d0,5,5
17857812-bbc4-11e8-b2bc-ac1f6b6435d0,0,0
178877dc-bbca-11e8-b2bc-ac1f6b6435d0,6,1 6
1789904e-bbad-11e8-b2ba-ac1f6b6435d0,0 21,0 21
178c3c68-bba3-11e8-b2b9-ac1f6b6435d0,7 3,3 7
178d1faa-bbaf-11e8-b2ba-ac1f6b6435d0,0,0
178d9448-bba1-11e8-b2b9-ac1f6b6435d0,25 13,19
178e2bda-bba4-11e8-b2b9-ac1f6b6435d0,18 0,0 18 19
1793688c-bbc4-11e8-b2bc-ac1f6b6435d0,7,7
1794c926-bba5-11e8-b2ba-ac1f6b6435d0,13 21,13 21 25
1797681c-bbc2-11e8-b2bb-ac1f6b6435d0,25 2,25
17a140e6-bbca-11e8-b2bc-ac1f6b6435d0,11,11
17a21a66-bb9d-11e8-b2b9-ac1f6b6435d0,5,0
17a3477e-bba7-11e8-b2ba-ac1f6b6435d0,19 3,0 18
17a6224c-bbb5-11e8-b2ba-ac1f6b6435d0,22 2,2 22
17a951fe-bbc6-11e8-b2bc-ac1f6b6435d0,6,21 25
17aa1460-bbab-11e8-b2ba-ac1f6b6435d0,6,6
17ac9eb2-bbbd-11e8-b2ba-ac1f6b6435d0,5 0,0
17ad61fc-bba0-11e8-b2b9-ac1f6b6435d0,25 21,21 25
17adeee6-bba1-11e8-b2b9-ac1f6b6435d0,18,24 26
17af7f8a-bba7-11e8-b2ba-ac1f6b6435d0,4,4
17b17132-bbca-11e8-b2bc-ac1f6b6435d0,19 25,19
17b44cd2-bba6-11e8-b2ba-ac1f6b6435d0,16,26
17b4eba0-bb9d-11e8-b2b9-ac1f6b6435d0,23 0,0 23
17b7cdda-bbb0-11e8-b2ba-ac1f6b6435d0,1 0,0 1
17bbba5e-bbbe-11e8-b2ba-ac1f6b6435d0,21,21
17c11aa2-bb9c-11e8-b2b9-ac1f6b6435d0,16 0,0 25
17c12330-bbc9-11e8-b2bc-ac1f6b6435d0,23 2,2 23
17c1f1da-bbaa-11e8-b2ba-ac1f6b6435d0,0,0
17c30e92-bbb6-11e8-b2ba-ac1f6b6435d0,5,5
17c46940-bbca-11e8-b2bc-ac1f6b6435d0,2,0 2
17c72984-bba0-11e8-b2b9-ac1f6b6435d0,25 16 0,0 25
17c7b5a6-bbc9-11e8-b2bc-ac1f6b6435d0,14,14
17c8486c-bbb1-11e8-b2ba-ac1f6b6435d0,25 21,0 25
17cb4352-bba5-11e8-b2ba-ac1f6b6435d0,13,13
17cb689a-bbab-11e8-b2ba-ac1f6b6435d0,3,3
17cbfcfe-bbbc-11e8-b2ba-ac1f6b6435d0,22 25 0,0 25
17cf11ec-bbb6-11e8-b2ba-ac1f6b6435d0,5,0 3
17d30396-bba8-11e8-b2ba-ac1f6b6435d0,21,21
17d64ba2-bbbf-11e8-b2ba-ac1f6b6435d0,0,0 4
17d7bb42-bbae-11e8-b2ba-ac1f6b6435d0,25,25
17deadfc-bbbe-11e8-b2ba-ac1f6b6435d0,25,25
17e26a56-bb9f-11e8-b2b9-ac1f6b6435d0,16 0,0 16 22
17e64fd2-bbad-11e8-b2ba-ac1f6b6435d0,25 0 21,21
17e7ec3a-bbac-11e8-b2ba-ac1f6b6435d0,7 0,0 5 7
17e922fa-bbaa-11e8-b2ba-ac1f6b6435d0,7,7
17ed4222-bbb4-11e8-b2ba-ac1f6b6435d0,25 0,0 25
17ed680c-bbc7-11e8-b2bc-ac1f6b6435d0,25 21,21 25
17ef6c74-bba9-11e8-b2ba-ac1f6b6435d0,5,5
17efbe0e-bbae-11e8-b2ba-ac1f6b6435d0,21,21
17f1f8cc-bbae-11e8-b2ba-ac1f6b6435d0,25 2 0,0 18
17f433f0-bbbb-11e8-b2ba-ac1f6b6435d0,3 0,3
17f49874-bbaf-11e8-b2ba-ac1f6b6435d0,5,5
17fa3f8a-bbb0-11e8-b2ba-ac1f6b6435d0,1 21,1 25
17fdcb16-bbb8-11e8-b2ba-ac1f6b6435d0,7 0 21,0 7 21
18010dee-bbb8-11e8-b2ba-ac1f6b6435d0,19,19
18032b78-bbaf-11e8-b2ba-ac1f6b6435d0,5,5
18034682-bb9e-11e8-b2b9-ac1f6b6435d0,25 4,0 25
180572aa-bbc0-11e8-b2bb-ac1f6b6435d0,24 0,24
1806f94e-bbb2-11e8-b2ba-ac1f6b6435d0,25 0,0 25
180b408c-bbb0-11e8-b2ba-ac1f6b6435d0,11,23
180c33e0-bba4-11e8-b2b9-ac1f6b6435d0,21,21
180c7c56-bb9f-11e8-b2b9-ac1f6b6435d0,1 0,1 2 4
180d0538-bbca-11e8-b2bc-ac1f6b6435d0,25 7 0,7 25
180d26de-bbc1-11e8-b2bb-ac1f6b6435d0,0 21,0
1810a6e4-bb9c-11e8-b2b9-ac1f6b6435d0,25 0,0 25
1810cb32-bbc5-11e8-b2bc-ac1f6b6435d0,20 0,0 20
181222a4-bbb9-11e8-b2ba-ac1f6b6435d0,0,0
181443fe-bba5-11e8-b2ba-ac1f6b6435d0,25 21,21
181820de-bbbc-11e8-b2ba-ac1f6b6435d0,19 25,19 25
1818d75a-bb9d-11e8-b2b9-ac1f6b6435d0,25 21,0 21 25
1818d770-bba5-11e8-b2ba-ac1f6b6435d0,11 4 0,11
1819ccf6-bba6-11e8-b2ba-ac1f6b6435d0,5 0,0 5
1821a154-bbbc-11e8-b2ba-ac1f6b6435d0,25 0,0 25
1821cf4a-bba7-11e8-b2ba-ac1f6b6435d0,19 25 0,0 19
1823185c-bba0-11e8-b2b9-ac1f6b6435d0,21,13 21
18231d46-bbb6-11e8-b2ba-ac1f6b6435d0,2,2
1824ea00-bbab-11e8-b2ba-ac1f6b6435d0,7,13
182593f2-bbc3-11e8-b2bc-ac1f6b6435d0,20,26
1826c3b4-bba3-11e8-b2b9-ac1f6b6435d0,0,0
1829a3ce-bbab-11e8-b2ba-ac1f6b6435d0,12,12
182c922a-bbc2-11e8-b2bb-ac1f6b6435d0,22 21,22
182cc69c-bb9e-11e8-b2b9-ac1f6b6435d0,21,5 22 25
18337cc2-bba2-11e8-b2b9-ac1f6b6435d0,14,14 18 25
1836bf70-bbae-11e8-b2ba-ac1f6b6435d0,23,23
1838afdc-bbb4-11e8-b2ba-ac1f6b6435d0,25 0,0 21 25
1839879e-bbba-11e8-b2ba-ac1f6b6435d0,23,23
183a7f02-bbc2-11e8-b2bb-ac1f6b6435d0,1 0,0
183c602a-bba8-11e8-b2ba-ac1f6b6435d0,4 21,0 21
183d51d4-bbc5-11e8-b2bc-ac1f6b6435d0,25 13 7 2 0,0 2 7 13
1842bab4-bb9a-11e8-b2b9-ac1f6b6435d0,0,0
18462cd0-bbbd-11e8-b2ba-ac1f6b6435d0,14,14
18469fba-bba6-11e8-b2ba-ac1f6b6435d0,6 20,6
184e8f8e-bbc6-11e8-b2bc-ac1f6b6435d0,13 0,0 13
184fc9e0-bbac-11e8-b2ba-ac1f6b6435d0,25 0,0 25
1852f2d0-bba4-11e8-b2b9-ac1f6b6435d0,23,23
1853ecc8-bbac-11e8-b2ba-ac1f6b6435d0,0,0 1
1855531e-bb9e-11e8-b2b9-ac1f6b6435d0,25 7 0,0 7 25
1856c16a-bbba-11e8-b2ba-ac1f6b6435d0,3,0
18579a76-bbb1-11e8-b2ba-ac1f6b6435d0,23,23
185c5b54-bb9a-11e8-b2b9-ac1f6b6435d0,25 0,0 25
18618f3a-bba3-11e8-b2b9-ac1f6b6435d0,23,23
186419e0-bbb1-11e8-b2ba-ac1f6b6435d0,1 0 21,0 1
1865647e-bbbd-11e8-b2ba-ac1f6b6435d0,2 0,0 2
18693d6a-bbb3-11e8-b2ba-ac1f6b6435d0,23,23
186c368e-bbb1-11e8-b2ba-ac1f6b6435d0,25 21,21 25
186d272c-bbb8-11e8-b2ba-ac1f6b6435d0,25 2,0 2 25
186f933e-bbb0-11e8-b2ba-ac1f6b6435d0,3,3
186ff100-bbc7-11e8-b2bc-ac1f6b6435d0,22,22
1878d342-bbae-11e8-b2ba-ac1f6b6435d0,7,7
18794a62-bba3-11e8-b2b9-ac1f6b6435d0,2 0 21,0 2 21
18797d7e-bbb8-11e8-b2ba-ac1f6b6435d0,0,0 4
187a49a4-bb9d-11e8-b2b9-ac1f6b6435d0,25,0
1881e886-bbab-11e8-b2ba-ac1f6b6435d0,2 0,0 2
1884673e-bbb3-11e8-b2ba-ac1f6b6435d0,0,0
1885bf78-bba7-11e8-b2ba-ac1f6b6435d0,0,0 25
18877b04-bbb8-11e8-b2ba-ac1f6b6435d0,5 0,0 5
18899e86-bba2-11e8-b2b9-ac1f6b6435d0,0 21,0
188d483a-bba5-11e8-b2ba-ac1f6b6435d0,7,7
188d9afa-bba6-11e8-b2ba-ac1f6b6435d0,23,23
188e289c-bbc6-11e8-b2bc-ac1f6b6435d0,25 0,0 25
188faf76-bbc8-11e8-b2bc-ac1f6b6435d0,25 7 0,0 7 25
18919a98-bbb9-11e8-b2ba-ac1f6b6435d0,5 0,25
189282fa-bbbe-11e8-b2ba-ac1f6b6435d0,25 0,6 25
1892a9e0-bbac-11e8-b2ba-ac1f6b6435d0,7,6
18941812-bbab-11e8-b2ba-ac1f6b6435d0,21,21
1895bdde-bbc9-11e8-b2bc-ac1f6b6435d0,23,23
189a3840-bbac-11e8-b2ba-ac1f6b6435d0,0 21,0 19 21 25
18a31752-bb9e-11e8-b2b9-ac1f6b6435d0,25,25
18a7b526-bbc3-11e8-b2bc-ac1f6b6435d0,2 21,2 25
18a8d412-bba8-11e8-b2ba-ac1f6b6435d0,5,0 18 21
18aaffdc-bbba-11e8-b2ba-ac1f6b6435d0,7,23
18ad1a96-bba7-11e8-b2ba-ac1f6b6435d0,12 25,21 25
18ae6efe-bbb2-11e8-b2ba-ac1f6b6435d0,5,5
18ae8944-bbb1-11e8-b2ba-ac1f6b6435d0,2 0,2
18b7525a-bbc9-11e8-b2bc-ac1f6b6435d0,11 0,0 11
18be9960-bbc0-11e8-b2bb-ac1f6b6435d0,3,2 3
18c06b7a-bbc3-11e8-b2bc-ac1f6b6435d0,0,0
18c3c938-bbbd-11e8-b2ba-ac1f6b6435d0,22,22
18c4faca-bbc1-11e8-b2bb-ac1f6b6435d0,25 21,21 25
18c9e7c2-bbaf-11e8-b2ba-ac1f6b6435d0,18 0,0 19
18cc186c-bbbe-11e8-b2ba-ac1f6b6435d0,3,3
18cf5fb4-bbc7-11e8-b2bc-ac1f6b6435d0,6,6 23
18d161e0-bbb5-11e8-b2ba-ac1f6b6435d0,0 21,0 21
18d1e7c8-bb9c-11e8-b2b9-ac1f6b6435d0,25 7 0 21,0 25
18d3fec6-bbbc-11e8-b2ba-ac1f6b6435d0,12 2 21,2 21
18d6bac4-bbb9-11e8-b2ba-ac1f6b6435d0,24 25,24 25
18d7610e-bba5-11e8-b2ba-ac1f6b6435d0,11,11
18de662e-bbb5-11e8-b2ba-ac1f6b6435d0,0,0
18df69fc-bbb5-11e8-b2ba-ac1f6b6435d0,5 0 27,0 5 27
18dfc1fa-bbc8-11e8-b2bc-ac1f6b6435d0,25,25
18e5b04c-bba5-11e8-b2ba-ac1f6b6435d0,25 0,0 25
18e6ed0e-bba0-11e8-b2b9-ac1f6b6435d0,12 25 0,0 12 25
18e732b0-bbc2-11e8-b2bb-ac1f6b6435d0,25 4,4 25
18e76686-bbbd-11e8-b2ba-ac1f6b6435d0,25 0,0 25
18e92e00-bba2-11e8-b2b9-ac1f6b6435d0,25 0,5 25
18e93348-bbaa-11e8-b2ba-ac1f6b6435d0,25 18 0,18 25
18eac6de-bbbb-11e8-b2ba-ac1f6b6435d0,25 0,0
18eb4bcc-bba2-11e8-b2b9-ac1f6b6435d0,4 0,0
18ed7734-bbc6-11e8-b2bc-ac1f6b6435d0,6,0 25
18ef4c00-bbba-11e8-b2ba-ac1f6b6435d0,6,21
18ef6022-bbb1-11e8-b2ba-ac1f6b6435d0,21,21
18f04712-bba7-11e8-b2ba-ac1f6b6435d0,25 7 1,1 7 25
18f1ced0-bbab-11e8-b2ba-ac1f6b6435d0,22 25 0,0 25
18f2010c-bbb5-11e8-b2ba-ac1f6b6435d0,0,0
18f5c6a4-bba9-11e8-b2ba-ac1f6b6435d0,2 0 21,0 2 25
18f84e68-bba6-11e8-b2ba-ac1f6b6435d0,25 3 0,0 25
18fe4cfa-bb9c-11e8-b2b9-ac1f6b6435d0,0,0
18fe6bf8-bbb6-11e8-b2ba-ac1f6b6435d0,25,25
18ff0b94-bbca-11e8-b2bc-ac1f6b6435d0,25 7 0,0 7 25
18ff3068-bb9a-11e8-b2b9-ac1f6b6435d0,25 0 21,0 21
18ffd08a-bbb9-11e8-b2ba-ac1f6b6435d0,7,7
1900d278-bbc3-11e8-b2bc-ac1f6b6435d0,8,8 20
190333e0-bb9d-11e8-b2b9-ac1f6b6435d0,11,11
19037250-bba8-11e8-b2ba-ac1f6b6435d0,25 0,0 16 25
190aeea0-bbb6-11e8-b2ba-ac1f6b6435d0,7,26
190b9178-bbc2-11e8-b2bb-ac1f6b6435d0,18 4,4
190c8744-bbb9-11e8-b2ba-ac1f6b6435d0,25 21,21 25
190d5c20-bb9e-11e8-b2b9-ac1f6b6435d0,18 21,21
190f7acc-bbae-11e8-b2ba-ac1f6b6435d0,0,0
19128b6e-bb9e-11e8-b2b9-ac1f6b6435d0,25 18,18 25
191819ba-bb9b-11e8-b2b9-ac1f6b6435d0,2 0,0 2
191c4cd2-bbab-11e8-b2ba-ac1f6b6435d0,4,4
1920affe-bba4-11e8-b2b9-ac1f6b6435d0,25 14,14 25
19224ef4-bba9-11e8-b2ba-ac1f6b6435d0,25 0,0
1922630e-bba8-11e8-b2ba-ac1f6b6435d0,25 7,7 25
1923427c-bbaa-11e8-b2ba-ac1f6b6435d0,25 1 0,0 1 25
1926c486-bbbb-11e8-b2ba-ac1f6b6435d0,25 3,3 25
1927d6d8-bb9c-11e8-b2b9-ac1f6b6435d0,5,5
192e96e4-bbc4-11e8-b2bc-ac1f6b6435d0,7,0 7
19379cba-bbc1-11e8-b2bb-ac1f6b6435d0,19 0,0 19
1938daa2-bbc7-11e8-b2bc-ac1f6b6435d0,25 18 0,25
193da6fa-bbb7-11e8-b2ba-ac1f6b6435d0,16 14,6
193dc4b2-bbaa-11e8-b2ba-ac1f6b6435d0,3 21,3
19405cae-bbb4-11e8-b2ba-ac1f6b6435d0,25 0,0 25
194374c2-bbb7-11e8-b2ba-ac1f6b6435d0,23 2 21,2 23
19445fc0-bbaf-11e8-b2ba-ac1f6b6435d0,19,19
19461f1c-bba1-11e8-b2b9-ac1f6b6435d0,19 25 2,19 25
1946ab28-bb9a-11e8-b2b9-ac1f6b6435d0,3,0 3
1947114c-bba6-11e8-b2ba-ac1f6b6435d0,5,5
19473000-bbc4-11e8-b2bc-ac1f6b6435d0,3 0,0 16
194a0ece-bbba-11e8-b2ba-ac1f6b6435d0,25,25
194ae4b0-bbbb-11e8-b2ba-ac1f6b6435d0,24 25,24
194c75aa-bbc0-11e8-b2bb-ac1f6b6435d0,23 0,0 23
194cfda4-bbc0-11e8-b2bb-ac1f6b6435d0,0,0 24
194d9f9e-bbba-11e8-b2ba-ac1f6b6435d0,2 3 0,0 3
194ea252-bbc1-11e8-b2bb-ac1f6b6435d0,26 0,0 26
19520048-bbba-11e8-b2ba-ac1f6b6435d0,25 5,0 5 25
1952e090-bbb9-11e8-b2ba-ac1f6b6435d0,23,23
19545868-bbc7-11e8-b2bc-ac1f6b6435d0,25 4,4 25
1954f8ce-bbc0-11e8-b2bb-ac1f6b6435d0,0 21,0 2 21
19575ba6-bbbf-11e8-b2ba-ac1f6b6435d0,6,6
19585f44-bba9-11e8-b2ba-ac1f6b6435d0,25 4,4 25
195a0f2e-bbb3-11e8-b2ba-ac1f6b6435d0,25,25
195ac63c-bbca-11e8-b2bc-ac1f6b6435d0,0,0
195c932c-bbbb-11e8-b2ba-ac1f6b6435d0,7 0,0 23
195ca5d4-bba1-11e8-b2b9-ac1f6b6435d0,7 0,0 7
19604f96-bbaf-11e8-b2ba-ac1f6b6435d0,7,0 7
196322cc-bbc1-11e8-b2bb-ac1f6b6435d0,25 5 0,5 25
19640680-bbb0-11e8-b2ba-ac1f6b6435d0,0,0
1966a1aa-bba2-11e8-b2b9-ac1f6b6435d0,25 0,0 25
1968ae20-bba5-11e8-b2ba-ac1f6b6435d0,1,0 1
1969a36a-bbbf-11e8-b2ba-ac1f6b6435d0,22,25
196a0508-bba6-11e8-b2ba-ac1f6b6435d0,7,7
196db06e-bbaa-11e8-b2ba-ac1f6b6435d0,25 0 21,0 21 26
197161ea-bba6-11e8-b2ba-ac1f6b6435d0,23,23
19769ae6-bbbc-11e8-b2ba-ac1f6b6435d0,25 0,0 25
1977e662-bbb7-11e8-b2ba-ac1f6b6435d0,16 0,0
197ae5cc-bba5-11e8-b2ba-ac1f6b6435d0,25,21 25
197ea78a-bbbd-11e8-b2ba-ac1f6b6435d0,25 14 21,14 21 25
197fcbee-bbbb-11e8-b2ba-ac1f6b6435d0,0 21,21
1981ea2e-bbbf-11e8-b2ba-ac1f6b6435d0,7,7
19834490-bb9d-11e8-b2b9-ac1f6b6435d0,24,19
19843fea-bbbf-11e8-b2ba-ac1f6b6435d0,25 7 1 0,0 7 25
1984433a-bbc6-11e8-b2bc-ac1f6b6435d0,1 0 21,1 21 25
1985f09c-bbb5-11e8-b2ba-ac1f6b6435d0,7,7
19865348-bbbf-11e8-b2ba-ac1f6b6435d0,1,1
1988bb36-bba8-11e8-b2ba-ac1f6b6435d0,22 25 0,0 25
1990f8a6-bbb6-11e8-b2ba-ac1f6b6435d0,0 21,0 21
19917094-bbb4-11e8-b2ba-ac1f6b6435d0,23,12 23
1992f240-bb9e-11e8-b2b9-ac1f6b6435d0,25 2,5
1993070e-bbc5-11e8-b2bc-ac1f6b6435d0,25 2,25
19931e92-bbac-11e8-b2ba-ac1f6b6435d0,25 1 2,2 25
1997d404-bbc6-11e8-b2bc-ac1f6b6435d0,14,11 14
19996aae-bba7-11e8-b2ba-ac1f6b6435d0,25,25 26
199f5e3e-bbbe-11e8-b2ba-ac1f6b6435d0,0,25
19a12f42-bbb5-11e8-b2ba-ac1f6b6435d0,25 0 21,0 25
19a31c6e-bbb8-11e8-b2ba-ac1f6b6435d0,25,25
19a4bb12-bb9c-11e8-b2b9-ac1f6b6435d0,23,23
19a6e516-bbbc-11e8-b2ba-ac1f6b6435d0,25,11 25
19a7d51e-bbc8-11e8-b2bc-ac1f6b6435d0,21,21
19ac3972-bbb1-11e8-b2ba-ac1f6b6435d0,25 21,21 25
19acee24-bbc2-11e8-b2bb-ac1f6b6435d0,25 0 21,0 21 25
19adb210-bb9e-11e8-b2b9-ac1f6b6435d0,21,21
19ae1d96-bbb6-11e8-b2ba-ac1f6b6435d0,6,5 23 25
19aff6ae-bbaa-11e8-b2ba-ac1f6b6435d0,6,6
19b09d4e-bb9f-11e8-b2b9-ac1f6b6435d0,19 11 0,0 19 25
19b357ba-bbb2-11e8-b2ba-ac1f6b6435d0,7,7
19b35894-bba0-11e8-b2b9-ac1f6b6435d0,0 21,21
19b53b6c-bbb1-11e8-b2ba-ac1f6b6435d0,4,4
19b78b4e-bb9b-11e8-b2b9-ac1f6b6435d0,26,21 26
19ba352c-bbc5-11e8-b2bc-ac1f6b6435d0,7 5 1,1 5 7
19bceaa0-bbc6-11e8-b2bc-ac1f6b6435d0,23,23
19bdafd8-bbb4-11e8-b2ba-ac1f6b6435d0,25 0,0 2 21 25
19bec54c-bba7-11e8-b2ba-ac1f6b6435d0,25 0,0 25
19c13f7e-bbb2-11e8-b2ba-ac1f6b6435d0,0,0
19c1baa8-bbb2-11e8-b2ba-ac1f6b6435d0,0 21,0 21
19c301f0-bbb3-11e8-b2ba-ac1f6b6435d0,25 5,0 25
19c3eae6-bbbf-11e8-b2ba-ac1f6b6435d0,3 0,0 3
19c5c884-bbb0-11e8-b2ba-ac1f6b6435d0,25,23
19c5fee6-bbae-11e8-b2ba-ac1f6b6435d0,25 0,0 21
19c6f5ce-bbbf-11e8-b2ba-ac1f6b6435d0,21,21 25
19c8e1c4-bbc7-11e8-b2bc-ac1f6b6435d0,25,25
19ccb8a0-bbb1-11e8-b2ba-ac1f6b6435d0,25 7 1 2,1 7 25
19cd758e-bba1-11e8-b2b9-ac1f6b6435d0,2,2
19ceff20-bb9d-11e8-b2b9-ac1f6b6435d0,22,22
19d46a1c-bbc2-11e8-b2bb-ac1f6b6435d0,0 21,0 21
19d494b4-bbc8-11e8-b2bc-ac1f6b6435d0,4 21,4 21 22
19d4ea38-bbad-11e8-b2ba-ac1f6b6435d0,25 5,0 7 25
19d603b0-bb9d-11e8-b2b9-ac1f6b6435d0,3 0,0 3
19d697ee-bbc0-11e8-b2bb-ac1f6b6435d0,21,13 21
19da7c76-bba5-11e8-b2ba-ac1f6b6435d0,7 0,0 7
19db07a4-bbb9-11e8-b2ba-ac1f6b6435d0,5,5
19dd81cc-bbab-11e8-b2ba-ac1f6b6435d0,23,23
19de3ac2-bbc9-11e8-b2bc-ac1f6b6435d0,16 18 17,0 7 17 18
19df4ffc-bbb5-11e8-b2ba-ac1f6b6435d0,0,0
19dfcf66-bbbc-11e8-b2ba-ac1f6b6435d0,7 2,2 7
19e9765e-bbc3-11e8-b2bc-ac1f6b6435d0,16 14 17,14 16 17
19ebce2c-bbc8-11e8-b2bc-ac1f6b6435d0,9 10,6 9 10 18
19f021d0-bba4-11e8-b2b9-ac1f6b6435d0,25 0,0
19f046ec-bbb3-11e8-b2ba-ac1f6b6435d0,7,7
19f0f1a2-bb9d-11e8-b2b9-ac1f6b6435d0,23,25
19f2123c-bba0-11e8-b2b9-ac1f6b6435d0,11 0,11
19f2fb06-bbba-11e8-b2ba-ac1f6b6435d0,4 0,4
19f3ceb2-bbb7-11e8-b2ba-ac1f6b6435d0,25 14 17 2,2 14 21 25
19f43266-bbc2-11e8-b2bb-ac1f6b6435d0,23,23
19f65596-bb9f-11e8-b2b9-ac1f6b6435d0,12 25,11 25
19f8add6-bbb4-11e8-b2ba-ac1f6b6435d0,4,4
19fe6a86-bbc9-11e8-b2bc-ac1f6b6435d0,25 2,2 21
19ff7e56-bbb7-11e8-b2ba-ac1f6b6435d0,25 23,23
1a0075c0-bbaa-11e8-b2ba-ac1f6b6435d0,0,0 1
1a00f07a-bbc5-11e8-b2bc-ac1f6b6435d0,2 0 21,0 2 21
1a040a6e-bb9b-11e8-b2b9-ac1f6b6435d0,2,2
1a062ade-bb9a-11e8-b2b9-ac1f6b6435d0,0,0 4
1a06cc6a-bbb2-11e8-b2ba-ac1f6b6435d0,25 21,21
1a07c6d0-bbb0-11e8-b2ba-ac1f6b6435d0,0,0 5
1a0f59c8-bba0-11e8-b2b9-ac1f6b6435d0,22 0,0 25
1a130e10-bbb4-11e8-b2ba-ac1f6b6435d0,23 0,0 23
1a156bd0-bba8-11e8-b2ba-ac1f6b6435d0,24,24
1a159dde-bbb8-11e8-b2ba-ac1f6b6435d0,25 0,0 25
1a18a3c0-bbaf-11e8-b2ba-ac1f6b6435d0,0 21,0
1a1e22ec-bbbd-11e8-b2ba-ac1f6b6435d0,5,5 18
1a1ecf88-bbbf-11e8-b2ba-ac1f6b6435d0,11 0,0
1a2243ce-bbb6-11e8-b2ba-ac1f6b6435d0,25 2,2 25
1a242fb0-bbbe-11e8-b2ba-ac1f6b6435d0,4 0 21,21 25
1a24914e-bbc8-11e8-b2bc-ac1f6b6435d0,25 5,0 25
1a2e507a-bbc4-11e8-b2bc-ac1f6b6435d0,7,7
1a2f1f4e-bbbc-11e8-b2ba-ac1f6b6435d0,23 0,0 23
1a2f3a3e-bbac-11e8-b2ba-ac1f6b6435d0,2 0,0 2
1a30f5f4-bbb1-11e8-b2ba-ac1f6b6435d0,25 14,14
1a326d72-bbc4-11e8-b2bc-ac1f6b6435d0,1 0,0
1a3579cc-bbab-11e8-b2ba-ac1f6b6435d0,16 25,21 25
1a36d4f8-bbbe-11e8-b2ba-ac1f6b6435d0,0,0
1a3766ba-bbc9-11e8-b2bc-ac1f6b6435d0,2,2 3
1a3899a8-bbbb-11e8-b2ba-ac1f6b6435d0,25,25
1a3a6958-bbb2-11e8-b2ba-ac1f6b6435d0,7 1,1 7
1a40336e-bba9-11e8-b2ba-ac1f6b6435d0,1 2,1 2
1a4161d8-bba1-11e8-b2b9-ac1f6b6435d0,11 0,0 19
1a446a12-bba2-11e8-b2b9-ac1f6b6435d0,23,23
1a48741e-bba6-11e8-b2ba-ac1f6b6435d0,16 0,0 16
1a490006-bbaf-11e8-b2ba-ac1f6b6435d0,2,2
1a4b9868-bbb2-11e8-b2ba-ac1f6b6435d0,1 2 0,2
1a4decf8-bbad-11e8-b2ba-ac1f6b6435d0,2 0,0 2
1a506638-bbba-11e8-b2ba-ac1f6b6435d0,25 0,0 25
1a56a572-bbc7-11e8-b2bc-ac1f6b6435d0,5,5
1a573602-bbb0-11e8-b2ba-ac1f6b6435d0,0,0
1a5a2a7e-bbb5-11e8-b2ba-ac1f6b6435d0,0,0
1a5cb5b4-bbb5-11e8-b2ba-ac1f6b6435d0,25,23
1a5d87b0-bba5-11e8-b2ba-ac1f6b6435d0,25 6 2,2 6
1a5da522-bbc0-11e8-b2bb-ac1f6b6435d0,23,23
1a5f90fa-bbc3-11e8-b2bc-ac1f6b6435d0,5 0,0 5
1a5fad54-bbc0-11e8-b2bb-ac1f6b6435d0,16 5 0,0 14 16
1a62d914-bbc2-11e8-b2bb-ac1f6b6435d0,25,25
1a657674-bba4-11e8-b2b9-ac1f6b6435d0,21,21
1a662a80-bbc5-11e8-b2bc-ac1f6b6435d0,25,25
1a69e0bc-bbb1-11e8-b2ba-ac1f6b6435d0,25,22
1a6bd32a-bbc2-11e8-b2bb-ac1f6b6435d0,13,13
1a7076e6-bb9a-11e8-b2b9-ac1f6b6435d0,5,5
1a76e558-bbc7-11e8-b2bc-ac1f6b6435d0,23,23
1a76f224-bbc6-11e8-b2bc-ac1f6b6435d0,21,0 25
1a7773a6-bbb3-11e8-b2ba-ac1f6b6435d0,7 0,0 7
1a788ef2-bba5-11e8-b2ba-ac1f6b6435d0,3,3
1a79eb0e-bbc2-11e8-b2bb-ac1f6b6435d0,2,2
1a7aaf24-bbbf-11e8-b2ba-ac1f6b6435d0,2 0,0 2
1a7cb0c0-bbac-11e8-b2ba-ac1f6b6435d0,26 2 0,0 26
1a7de584-bbad-11e8-b2ba-ac1f6b6435d0,25,5 25
1a7e1b98-bbae-11e8-b2ba-ac1f6b6435d0,0,0
1a7e4fec-bbad-11e8-b2ba-ac1f6b6435d0,19 25,19 25
1a80f302-bbba-11e8-b2ba-ac1f6b6435d0,23,23
1a8270d4-bbbe-11e8-b2ba-ac1f6b6435d0,6 0,0 21
1a85a5de-bbb3-11e8-b2ba-ac1f6b6435d0,19,19
1a8b4196-bba0-11e8-b2b9-ac1f6b6435d0,16 14,0 14 16
1a90f20c-bbc9-11e8-b2bc-ac1f6b6435d0,0,0
1a94ed16-bbc5-11e8-b2bc-ac1f6b6435d0,25 7,7
1a97421e-bbbb-11e8-b2ba-ac1f6b6435d0,1,1
1a9b60b8-bbb3-11e8-b2ba-ac1f6b6435d0,6,25
1a9b8836-bba9-11e8-b2ba-ac1f6b6435d0,5 0,5
1a9ba930-bbc5-11e8-b2bc-ac1f6b6435d0,23,23
1a9c52a8-bbbc-11e8-b2ba-ac1f6b6435d0,18 0 21,0 18 21
1a9ce23c-bbc5-11e8-b2bc-ac1f6b6435d0,19 25 0,0 19 25
1a9d485a-bba0-11e8-b2b9-ac1f6b6435d0,25 3,3 25
1aa26528-bbab-11e8-b2ba-ac1f6b6435d0,18 0,0 19 25
1aa2db5a-bbc6-11e8-b2bc-ac1f6b6435d0,23,23
1aa795da-bba5-11e8-b2ba-ac1f6b6435d0,0,0
1aacf8d8-bba8-11e8-b2ba-ac1f6b6435d0,11,11
1aad8f22-bba9-11e8-b2ba-ac1f6b6435d0,2 0,0 2
1aadcb5a-bbbc-11e8-b2ba-ac1f6b6435d0,25 4,4
1aae1950-bbc8-11e8-b2bc-ac1f6b6435d0,25,21 25
1ab08f44-bbc0-11e8-b2bb-ac1f6b6435d0,7 0,0 5 7
1ab2ce90-bbba-11e8-b2ba-ac1f6b6435d0,13 0,0 22
1ab6e786-bba7-11e8-b2ba-ac1f6b6435d0,7,7
1ab8aa2a-bba8-11e8-b2ba-ac1f6b6435d0,25 0,0 25
1abb014a-bbb6-11e8-b2ba-ac1f6b6435d0,21,21
1abb65fe-bbbb-11e8-b2ba-ac1f6b6435d0,19 25 3,19
1ac0c25a-bbb2-11e8-b2ba-ac1f6b6435d0,7 2,2 7
1ac2966a-bbb8-11e8-b2ba-ac1f6b6435d0,2,0 2
1ac6613a-bbb0-11e8-b2ba-ac1f6b6435d0,2,4
1ac68314-bba5-11e8-b2ba-ac1f6b6435d0,2 0,0
1ac84f16-bba3-11e8-b2b9-ac1f6b6435d0,14 0,0 14
1acab3ca-bbbf-11e8-b2ba-ac1f6b6435d0,6,23
1acac716-bbab-11e8-b2ba-ac1f6b6435d0,7,7
1acbe116-bbb8-11e8-b2ba-ac1f6b6435d0,7,23
1acc61b6-bb9c-11e8-b2b9-ac1f6b6435d0,25 4,0 25
1accf152-bbb6-11e8-b2ba-ac1f6b6435d0,0,0
1acd0e30-bbc0-11e8-b2bb-ac1f6b6435d0,22 0,0
1acd2128-bbab-11e8-b2ba-ac1f6b6435d0,25 0 21,0 21
1ace612a-bbae-11e8-b2ba-ac1f6b6435d0,4,4
1acebdae-bbb9-11e8-b2ba-ac1f6b6435d0,18 2 0,0 2 26
1acfaddc-bbbd-11e8-b2ba-ac1f6b6435d0,23,23
1ad0095c-bbaa-11e8-b2ba-ac1f6b6435d0,25 21,0 21 25
1ad11a96-bbb3-11e8-b2ba-ac1f6b6435d0,5,7
1ad13188-bba5-11e8-b2ba-ac1f6b6435d0,16 2 21,2 19
1ad416ea-bbbf-11e8-b2ba-ac1f6b6435d0,13,13
1ad4744c-bbc3-11e8-b2bc-ac1f6b6435d0,25 0,0 25
1ad6c052-bbab-11e8-b2ba-ac1f6b6435d0,25 0,0 25
1ad6e394-bbaa-11e8-b2ba-ac1f6b6435d0,20 23,5
1ad9ba32-bbc4-11e8-b2bc-ac1f6b6435d0,25 11 0,0 11 25
1adcca96-bbc5-11e8-b2bc-ac1f6b6435d0,6 2,2 25
1ae0cf08-bbc3-11e8-b2bc-ac1f6b6435d0,25 4,4 25
1ae12ee4-bb9b-11e8-b2b9-ac1f6b6435d0,23 0,23
1ae3f574-bbbf-11e8-b2ba-ac1f6b6435d0,25 21,21
1ae567e8-bbb4-11e8-b2ba-ac1f6b6435d0,7,7
1ae5e8a0-bbc6-11e8-b2bc-ac1f6b6435d0,20 4,4
1ae7492c-bba6-11e8-b2ba-ac1f6b6435d0,25 4,4
1ae86350-bba3-11e8-b2b9-ac1f6b6435d0,25 0,0 25
1ae88782-bbca-11e8-b2bc-ac1f6b6435d0,1 0,0 1
1ae9e544-bbb3-11e8-b2ba-ac1f6b6435d0,25 2,2 25
1aec33e6-bbb1-11e8-b2ba-ac1f6b6435d0,6,25
1aee477e-bbb3-11e8-b2ba-ac1f6b6435d0,0 21,0 21
1aeea3ae-bba4-11e8-b2b9-ac1f6b6435d0,4,4
1aeffbcc-bbaa-11e8-b2ba-ac1f6b6435d0,0,0
1af10e9c-bbb2-11e8-b2ba-ac1f6b6435d0,25 0,0
1af15a06-bba7-11e8-b2ba-ac1f6b6435d0,25 14 0,14 25
1af53dd4-bb9c-11e8-b2b9-ac1f6b6435d0,23,23
1af6e2ae-bbb7-11e8-b2ba-ac1f6b6435d0,3,3
1af90f8e-bbb7-11e8-b2ba-ac1f6b6435d0,0,0
1b034336-bbb8-11e8-b2ba-ac1f6b6435d0,18 5,18
1b1275d8-bba7-11e8-b2ba-ac1f6b6435d0,21,21
1b142636-bbba-11e8-b2ba-ac1f6b6435d0,5 2,2
1b166190-bbaa-11e8-b2ba-ac1f6b6435d0,25,25
1b18e256-bbca-11e8-b2bc-ac1f6b6435d0,25 3,14 25
1b1a19b6-bbc3-11e8-b2bc-ac1f6b6435d0,0,0
1b1a82e8-bbaf-11e8-b2ba-ac1f6b6435d0,25 23,26
1b1c8c2e-bbc7-11e8-b2bc-ac1f6b6435d0,25 0,0 26
1b1e0c9a-bbb1-11e8-b2ba-ac1f6b6435d0,23 0,0 23
1b1ff97c-bbae-11e8-b2ba-ac1f6b6435d0,25,25
1b2012da-bba5-11e8-b2ba-ac1f6b6435d0,2,2
1b202db2-bbad-11e8-b2ba-ac1f6b6435d0,25 1 0,1
1b2170aa-bbb2-11e8-b2ba-ac1f6b6435d0,4,4
1b22740a-bbb7-11e8-b2ba-ac1f6b6435d0,4,4 25
1b22aaba-bba3-11e8-b2b9-ac1f6b6435d0,1 0,0 1 19
1b27a6c6-bbc8-11e8-b2bc-ac1f6b6435d0,16 14 17,16 17 18
1b2aca32-bbbd-11e8-b2ba-ac1f6b6435d0,25,0
1b310526-bba6-11e8-b2ba-ac1f6b6435d0,14 0,0 14
1b31f032-bbb8-11e8-b2ba-ac1f6b6435d0,0,0 5
1b334588-bbb1-11e8-b2ba-ac1f6b6435d0,5,5
1b336cf0-bba9-11e8-b2ba-ac1f6b6435d0,25,25
1b3383ec-bbbe-11e8-b2ba-ac1f6b6435d0,25 11,11
1b35a434-bbc7-11e8-b2bc-ac1f6b6435d0,25 0,0 25
1b35d170-bba9-11e8-b2ba-ac1f6b6435d0,25 5,0 20
1b35f01e-bbc8-11e8-b2bc-ac1f6b6435d0,26 25 18,25
1b37c828-bba8-11e8-b2ba-ac1f6b6435d0,0,0
1b3b40b4-bbc3-11e8-b2bc-ac1f6b6435d0,4,0
1b3cf15c-bbb9-11e8-b2ba-ac1f6b6435d0,25 0,0 25
1b4169dc-bbb7-11e8-b2ba-ac1f6b6435d0,23,23
1b468998-bba9-11e8-b2ba-ac1f6b6435d0,25 4,4 5 25
1b46d63a-bbb0-11e8-b2ba-ac1f6b6435d0,25 3,3 25
1b485462-bbb8-11e8-b2ba-ac1f6b6435d0,25 5 0,2
1b48ba30-bb9d-11e8-b2b9-ac1f6b6435d0,23 0,0 2 23
1b49faf4-bba1-11e8-b2b9-ac1f6b6435d0,4,0
1b4a7b8e-bb9f-11e8-b2b9-ac1f6b6435d0,0,0
1b4a8af0-bbc4-11e8-b2bc-ac1f6b6435d0,2,2
1b4c5d3a-bbc9-11e8-b2bc-ac1f6b6435d0,25 0 21,0 21 25
1b4e9aea-bbc5-11e8-b2bc-ac1f6b6435d0,5 0,0 26
1b4f2e5a-bb9e-11e8-b2b9-ac1f6b6435d0,25 5 0,0 5
1b515bac-bbb3-11e8-b2ba-ac1f6b6435d0,22,21
1b608390-bba7-11e8-b2ba-ac1f6b6435d0,25 7 0,0 7 25
1b6b1fb8-bbb5-11e8-b2ba-ac1f6b6435d0,25 7,7
1b6d317c-bbbf-11e8-b2ba-ac1f6b6435d0,0,0
1b6d8a92-bbaa-11e8-b2ba-ac1f6b6435d0,18,23
1b73b71a-bbbd-11e8-b2ba-ac1f6b6435d0,4,4
1b76e74a-bbc3-11e8-b2bc-ac1f6b6435d0,7,7
1b774a58-bbb6-11e8-b2ba-ac1f6b6435d0,23 0,0 23
1b796d7e-bbb1-11e8-b2ba-ac1f6b6435d0,25 18,18 25
1b7de668-bb9f-11e8-b2b9-ac1f6b6435d0,0,0 25
1b7f094c-bba6-11e8-b2ba-ac1f6b6435d0,25 1,1
1b830afe-bbc1-11e8-b2bb-ac1f6b6435d0,25 7 2,2 7
1b838688-bbca-11e8-b2bc-ac1f6b6435d0,25 21,21 25
1b843484-bba7-11e8-b2ba-ac1f6b6435d0,13,22
1b8452ee-bbb0-11e8-b2ba-ac1f6b6435d0,19,19
1b86601a-bbb6-11e8-b2ba-ac1f6b6435d0,11,11
1b8812da-bbab-11e8-b2ba-ac1f6b6435d0,1 0,0 1
1b892390-bb9d-11e8-b2b9-ac1f6b6435d0,26,25 26
1b893884-bbc6-11e8-b2bc-ac1f6b6435d0,23 4,4
1b89cc70-bb9b-11e8-b2b9-ac1f6b6435d0,6,6
1b8aa47c-bbac-11e8-b2ba-ac1f6b6435d0,25 23 0,0 21
1b8b7b0a-bba1-11e8-b2b9-ac1f6b6435d0,25 4,4 21 25
1b8cda90-bbab-11e8-b2ba-ac1f6b6435d0,25 21,21 25
1b8ea3a4-bba9-11e8-b2ba-ac1f6b6435d0,19,19
1b8fb39e-bbad-11e8-b2ba-ac1f6b6435d0,2,0 2
1b9123e0-bba4-11e8-b2b9-ac1f6b6435d0,23 0,23
1b923f00-bbae-11e8-b2ba-ac1f6b6435d0,0 21,21
1b953820-bbc4-11e8-b2bc-ac1f6b6435d0,13,0
1b98a060-bbb4-11e8-b2ba-ac1f6b6435d0,14,14
1b98cd26-bbc1-11e8-b2bb-ac1f6b6435d0,21,21
1b9954f0-bbba-11e8-b2ba-ac1f6b6435d0,5,0
1b99c128-bb9d-11e8-b2b9-ac1f6b6435d0,4,4
1b9a8c16-bbbb-11e8-b2ba-ac1f6b6435d0,4,4
1b9a98d0-bbae-11e8-b2ba-ac1f6b6435d0,6 3,3 6 25
1b9ad240-bbbe-11e8-b2ba-ac1f6b6435d0,25,21
1b9c14ee-bb9a-11e8-b2b9-ac1f6b6435d0,21,21
1ba00516-bbb0-11e8-b2ba-ac1f6b6435d0,19,19
1ba23772-bbca-11e8-b2bc-ac1f6b6435d0,2,2 11
1ba46038-bbb1-11e8-b2ba-ac1f6b6435d0,23 0,0
1ba5e198-bbbf-11e8-b2ba-ac1f6b6435d0,7,7
1ba69c72-bbb6-11e8-b2ba-ac1f6b6435d0,6,6
1bac1f58-bbac-11e8-b2ba-ac1f6b6435d0,19 0,0 19
1baf483a-bbad-11e8-b2ba-ac1f6b6435d0,9,7 9 10
1bb00552-bbaf-11e8-b2ba-ac1f6b6435d0,23 3,23
1bb76bd2-bbad-11e8-b2ba-ac1f6b6435d0,25 0,0 25
1bb7ce28-bbc2-11e8-b2bb-ac1f6b6435d0,11 0,0 2
1bb87786-bbbf-11e8-b2ba-ac1f6b6435d0,25 0 21,0 21 25
1bb93560-bb9a-11e8-b2b9-ac1f6b6435d0,25 0 21,0 1 13 25
1bb9c98e-bbb9-11e8-b2ba-ac1f6b6435d0,0,0
1bc3f250-bbc9-11e8-b2bc-ac1f6b6435d0,7 0,0 7
1bca5128-bbaa-11e8-b2ba-ac1f6b6435d0,19 25 0,0 25
1bca6f46-bba0-11e8-b2b9-ac1f6b6435d0,4,4
1bcabcc2-bbb3-11e8-b2ba-ac1f6b6435d0,0 21,25
1bcbb220-bbaf-11e8-b2ba-ac1f6b6435d0,7 5 0,7
1bcd02dc-bbb0-11e8-b2ba-ac1f6b6435d0,25 0,25
1bd2cf32-bbb5-11e8-b2ba-ac1f6b6435d0,25,25
1bda714e-bbb8-11e8-b2ba-ac1f6b6435d0,22 16,22
1bdc729c-bbb7-11e8-b2ba-ac1f6b6435d0,19 0,0 19
1bdd5d66-bba2-11e8-b2b9-ac1f6b6435d0,25 18 4,4 25
1bdd9f84-bb9c-11e8-b2b9-ac1f6b6435d0,25,6
1be05b3e-bbba-11e8-b2ba-ac1f6b6435d0,4,4
1be905de-bbc6-11e8-b2bc-ac1f6b6435d0,25,6
1be97688-bba6-11e8-b2ba-ac1f6b6435d0,21,21
1be97d24-bba4-11e8-b2b9-ac1f6b6435d0,22 25,22
1bea6f6a-bbbb-11e8-b2ba-ac1f6b6435d0,5 0,0 5
1beb26ea-bbc9-11e8-b2bc-ac1f6b6435d0,0,0 25
1beb6f5c-bbc8-11e8-b2bc-ac1f6b6435d0,18,19
1bed23fc-bbae-11e8-b2ba-ac1f6b6435d0,5,0 5
1bf0290a-bbc0-11e8-b2bb-ac1f6b6435d0,3 0,3
1bf31e76-bba7-11e8-b2ba-ac1f6b6435d0,25 0,0 25
1bf96a84-bbb0-11e8-b2ba-ac1f6b6435d0,23 0,0 2 23
1bfa7900-bbca-11e8-b2bc-ac1f6b6435d0,0 21,0 11 21
1bfdd3d0-bbb0-11e8-b2ba-ac1f6b6435d0,19 7,7
1bff7588-bbc8-11e8-b2bc-ac1f6b6435d0,14 3,3 14
1c043e72-bba2-11e8-b2b9-ac1f6b6435d0,0 21,0 21
1c062730-bbc7-11e8-b2bc-ac1f6b6435d0,21,5 21
1c0b1ebe-bbbf-11e8-b2ba-ac1f6b6435d0,5 0,0 5
1c0c86a4-bbac-11e8-b2ba-ac1f6b6435d0,2,2
1c0ec5b4-bbab-11e8-b2ba-ac1f6b6435d0,21,21
1c10cb06-bbb6-11e8-b2ba-ac1f6b6435d0,7 2 0,0 2 7
1c1236c4-bb9f-11e8-b2b9-ac1f6b6435d0,25,25
1c151944-bbb2-11e8-b2ba-ac1f6b6435d0,5 0,0 5
1c178152-bbc6-11e8-b2bc-ac1f6b6435d0,23 0,0 23
1c187d2c-bbae-11e8-b2ba-ac1f6b6435d0,23,23
1c1b329c-bba9-11e8-b2ba-ac1f6b6435d0,3 0,3
1c1b46c0-bbc1-11e8-b2bb-ac1f6b6435d0,20 23 0,0 20
1c1b59b4-bbbf-11e8-b2ba-ac1f6b6435d0,5,5 25
1c1e8886-bbbb-11e8-b2ba-ac1f6b6435d0,19 0,19
1c1f6b88-bbc1-11e8-b2bb-ac1f6b6435d0,22 2,2
1c223ef2-bbc7-11e8-b2bc-ac1f6b6435d0,21,21
1c2330c2-bbaa-11e8-b2ba-ac1f6b6435d0,14 0,0 14
1c2378d2-bbbb-11e8-b2ba-ac1f6b6435d0,0,0
1c23f1e6-bba1-11e8-b2b9-ac1f6b6435d0,6,23
1c25ac16-bb9c-11e8-b2b9-ac1f6b6435d0,11 2,2 7 11
1c277b68-bbbf-11e8-b2ba-ac1f6b6435d0,7,7
1c2a0bea-bb9b-11e8-b2b9-ac1f6b6435d0,0 21,0 22
1c2d730e-bbbc-11e8-b2ba-ac1f6b6435d0,23,23
1c2dc922-bbca-11e8-b2bc-ac1f6b6435d0,24 5,0 5
1c2df124-bbb9-11e8-b2ba-ac1f6b6435d0,23 2 0,0 2 23
1c305806-bbbe-11e8-b2ba-ac1f6b6435d0,2 0,0 2
1c309a52-bbb2-11e8-b2ba-ac1f6b6435d0,25 4,4
1c32c6ba-bba8-11e8-b2ba-ac1f6b6435d0,0 21,0 21 25
1c365984-bbb6-11e8-b2ba-ac1f6b6435d0,25,0 5 25
1c370404-bba9-11e8-b2ba-ac1f6b6435d0,25 21,25
1c38ead6-bb9e-11e8-b2b9-ac1f6b6435d0,25,21 25
1c3a1966-bbb6-11e8-b2ba-ac1f6b6435d0,25 2 21,2 25
1c3de808-bba6-11e8-b2ba-ac1f6b6435d0,25 21,21 25
1c3e00f8-bba7-11e8-b2ba-ac1f6b6435d0,4,4
1c3ec4ea-bbb9-11e8-b2ba-ac1f6b6435d0,7,0 7 25
1c3ff030-bbb0-11e8-b2ba-ac1f6b6435d0,23,23
1c40f88a-bbbb-11e8-b2ba-ac1f6b6435d0,1,1
1c42b7ae-bb9a-11e8-b2b9-ac1f6b6435d0,25 0,0 5 25
1c469d4c-bbb3-11e8-b2ba-ac1f6b6435d0,5,5
1c4834ba-bbca-11e8-b2bc-ac1f6b6435d0,6,6
1c4b87f6-bba6-11e8-b2ba-ac1f6b6435d0,19,19
1c4c1116-bbbb-11e8-b2ba-ac1f6b6435d0,11,11
1c4d8f0c-bba0-11e8-b2b9-ac1f6b6435d0,2 0,0 2
1c5247ce-bb9e-11e8-b2b9-ac1f6b6435d0,14 5,5 14
1c529376-bba5-11e8-b2ba-ac1f6b6435d0,7,7
1c585dc2-bbca-11e8-b2bc-ac1f6b6435d0,23,23
1c590178-bba2-11e8-b2b9-ac1f6b6435d0,5 0,0 5
1c59c99c-bb9c-11e8-b2b9-ac1f6b6435d0,7,7
1c5a6e78-bbb6-11e8-b2ba-ac1f6b6435d0,3,3
1c5b819a-bbb2-11e8-b2ba-ac1f6b6435d0,7 5,5 7
1c5ba678-bbb9-11e8-b2ba-ac1f6b6435d0,2 0,0 2
1c5d4fe0-bbba-11e8-b2ba-ac1f6b6435d0,25 0,0
1c5d958e-bbb7-11e8-b2ba-ac1f6b6435d0,25 4,11
1c5db75c-bba4-11e8-b2b9-ac1f6b6435d0,25,25
1c5e9190-bbbd-11e8-b2ba-ac1f6b6435d0,26,20
1c6138e0-bbbe-11e8-b2ba-ac1f6b6435d0,12,12
1c62ffb6-bb9d-11e8-b2b9-ac1f6b6435d0,24,24
1c64e7dc-bbc4-11e8-b2bc-ac1f6b6435d0,25 0,0 25
1c67d54a-bbac-11e8-b2ba-ac1f6b6435d0,25,6 25
1c67fd4e-bbbc-11e8-b2ba-ac1f6b6435d0,7,7
1c68a4e2-bbc6-11e8-b2bc-ac1f6b6435d0,3,3
1c68e06e-bb9a-11e8-b2b9-ac1f6b6435d0,0,0
1c6d0af8-bbb4-11e8-b2ba-ac1f6b6435d0,0,0
1c6dd59e-bbc5-11e8-b2bc-ac1f6b6435d0,25 21,21 25
1c710b9a-bba4-11e8-b2b9-ac1f6b6435d0,25 5 0,25
1c7246d4-bba6-11e8-b2ba-ac1f6b6435d0,25 5 1 0,0 1
1c7a3d82-bbc7-11e8-b2bc-ac1f6b6435d0,6,6
1c7b1132-bbb6-11e8-b2ba-ac1f6b6435d0,12,11
1c7c2466-bbb4-11e8-b2ba-ac1f6b6435d0,0 21,0 21
1c82a2b2-bba7-11e8-b2ba-ac1f6b6435d0,0 21,0 21
1c88137a-bbc8-11e8-b2bc-ac1f6b6435d0,6,21
1c8cdb8a-bb9b-11e8-b2b9-ac1f6b6435d0,5 0,5
1c8d6e42-bbc8-11e8-b2bc-ac1f6b6435d0,3,3
1c8ee732-bba4-11e8-b2b9-ac1f6b6435d0,25 3,3 25
1c8fc93a-bbaf-11e8-b2ba-ac1f6b6435d0,5,23
1c8fddf2-bba1-11e8-b2b9-ac1f6b6435d0,25 0,25
1c916d60-bbc0-11e8-b2bb-ac1f6b6435d0,19,19
1c931568-bbc8-11e8-b2bc-ac1f6b6435d0,2,2
1c9774b6-bb9e-11e8-b2b9-ac1f6b6435d0,20 0,0 20
1c97b6d6-bbaa-11e8-b2ba-ac1f6b6435d0,23,23
1c980c8e-bb9c-11e8-b2b9-ac1f6b6435d0,25 2 0 21,0 2 21 25
1c999258-bbc8-11e8-b2bc-ac1f6b6435d0,0,0
1c9aa0b6-bbba-11e8-b2ba-ac1f6b6435d0,19,25
1c9d7b6e-bba7-11e8-b2ba-ac1f6b6435d0,22 21,21 22
1c9ea2e8-bba5-11e8-b2ba-ac1f6b6435d0,25,25
1ca2bd24-bbb4-11e8-b2ba-ac1f6b6435d0,0,0
1ca559d2-bbc6-11e8-b2bc-ac1f6b6435d0,19 0,0 19
1ca55e9e-bbaf-11e8-b2ba-ac1f6b6435d0,25 0,0 25
1ca5eb18-bbad-11e8-b2ba-ac1f6b6435d0,25 18 0,0 18 25
1ca792cc-bbaa-11e8-b2ba-ac1f6b6435d0,25 0,0 25
1ca83380-bbbe-11e8-b2ba-ac1f6b6435d0,25 1,0 1 3 25
1ca919b0-bbc5-11e8-b2bc-ac1f6b6435d0,25 0,25
1cb312a6-bbbd-11e8-b2ba-ac1f6b6435d0,25 0 21,0 21
1cb47990-bbac-11e8-b2ba-ac1f6b6435d0,4,4
1cb6bd56-bba5-11e8-b2ba-ac1f6b6435d0,25 1,1 25
1cba2582-bbc7-11e8-b2bc-ac1f6b6435d0,2,2
1cbbd4e8-bb9c-11e8-b2b9-ac1f6b6435d0,23 0,0 23
1cc19a56-bba9-11e8-b2ba-ac1f6b6435d0,11,11
1cc1d4c6-bbae-11e8-b2ba-ac1f6b6435d0,6 2,2 6 23
1cc3b416-bbbe-11e8-b2ba-ac1f6b6435d0,25 21,21 25
1cc53eee-bb9b-11e8-b2b9-ac1f6b6435d0,21,0
1cc5407e-bbaf-11e8-b2ba-ac1f6b6435d0,3,3
1cc60dae-bba2-11e8-b2b9-ac1f6b6435d0,21,6
1cc6bcf6-bba0-11e8-b2b9-ac1f6b6435d0,1 0,0 1
1cc80242-bb9f-11e8-b2b9-ac1f6b6435d0,4,4
1cc9283e-bbae-11e8-b2ba-ac1f6b6435d0,7,0 7
1ccbdb0e-bbb0-11e8-b2ba-ac1f6b6435d0,21,21
1ccf6cca-bba0-11e8-b2b9-ac1f6b6435d0,7,7
1cd443fe-bbbd-11e8-b2ba-ac1f6b6435d0,0 21,21
1cd51cb6-bbbd-11e8-b2ba-ac1f6b6435d0,18,19
1cd8bca0-bbb7-11e8-b2ba-ac1f6b6435d0,25 2 0 21,0 13
1cdae264-bbc6-11e8-b2bc-ac1f6b6435d0,7,7
1cdc5cc6-bbb1-11e8-b2ba-ac1f6b6435d0,25,25
1ce0220a-bb9f-11e8-b2b9-ac1f6b6435d0,26 3,3
1ce6ee0a-bbc2-11e8-b2bb-ac1f6b6435d0,2 0,0 2
1cea2702-bbc5-11e8-b2bc-ac1f6b6435d0,25,21 25
1cecf4cc-bbc1-11e8-b2bb-ac1f6b6435d0,25 21,21 25
1ced40c2-bbca-11e8-b2bc-ac1f6b6435d0,0,0
1ced6fda-bbc9-11e8-b2bc-ac1f6b6435d0,23,23
1cedb566-bbca-11e8-b2bc-ac1f6b6435d0,0,0
1cefcd82-bbad-11e8-b2ba-ac1f6b6435d0,21,21
1cf41482-bba8-11e8-b2ba-ac1f6b6435d0,3,3
1cf6c924-bb9f-11e8-b2b9-ac1f6b6435d0,2 0,0
1cf74826-bbaa-11e8-b2ba-ac1f6b6435d0,4,4 5
1cfb0018-bb9d-11e8-b2b9-ac1f6b6435d0,21,21
1cfbeda0-bb9a-11e8-b2b9-ac1f6b6435d0,21,21
1d02911a-bba8-11e8-b2ba-ac1f6b6435d0,21,25
1d031fb0-bbab-11e8-b2ba-ac1f6b6435d0,19 25,25
1d06ad4a-bba8-11e8-b2ba-ac1f6b6435d0,23,23
1d0a6f72-bbc4-11e8-b2bc-ac1f6b6435d0,1 0,0 1
1d0f97da-bba2-11e8-b2b9-ac1f6b6435d0,2,2 3
1d126a66-bbbe-11e8-b2ba-ac1f6b6435d0,3 0,0 3
1d1458cc-bbb3-11e8-b2ba-ac1f6b6435d0,14 0,0 14 16
1d170b5c-bbc3-11e8-b2bc-ac1f6b6435d0,3,3
1d183fa4-bbc3-11e8-b2bc-ac1f6b6435d0,23,23
1d184c6e-bbab-11e8-b2ba-ac1f6b6435d0,3 0,0 3
1d186268-bbb4-11e8-b2ba-ac1f6b6435d0,2,2
1d19f24c-bbc1-11e8-b2bb-ac1f6b6435d0,7,7
1d1bb596-bba8-11e8-b2ba-ac1f6b6435d0,13 4 21,4 25
1d1c1da4-bbaf-11e8-b2ba-ac1f6b6435d0,7 5 0,0 5 7
1d1fb8dc-bbc4-11e8-b2bc-ac1f6b6435d0,25 3,2 25 26
1d2019c8-bbae-11e8-b2ba-ac1f6b6435d0,25,25
1d20b962-bbb5-11e8-b2ba-ac1f6b6435d0,25 0,0 25
1d21966a-bbb6-11e8-b2ba-ac1f6b6435d0,5,5
1d223be2-bba2-11e8-b2b9-ac1f6b6435d0,0,0
1d22ce86-bb9d-11e8-b2b9-ac1f6b6435d0,25 21,21 25
1d25dbd8-bbb8-11e8-b2ba-ac1f6b6435d0,25,21 25
1d260d76-bba2-11e8-b2b9-ac1f6b6435d0,1 0,0 1
1d267ed6-bba8-11e8-b2ba-ac1f6b6435d0,19 0,0 19
1d27adba-bbbc-11e8-b2ba-ac1f6b6435d0,0,0
1d288574-bba2-11e8-b2b9-ac1f6b6435d0,0,0
1d2bf776-bba3-11e8-b2b9-ac1f6b6435d0,25 18,19
1d2e1d30-bbc6-11e8-b2bc-ac1f6b6435d0,4,4
1d3062ae-bbc9-11e8-b2bc-ac1f6b6435d0,0,0
1d345376-bbb7-11e8-b2ba-ac1f6b6435d0,25 0,0
1d3721d8-bbc0-11e8-b2bb-ac1f6b6435d0,7 0,0 7
1d37c452-bba8-11e8-b2ba-ac1f6b6435d0,25 7,21
1d382a22-bba4-11e8-b2b9-ac1f6b6435d0,24 25,7
1d3ed9f4-bbb2-11e8-b2ba-ac1f6b6435d0,2,2
1d404e68-bbb4-11e8-b2ba-ac1f6b6435d0,22 2 0,0 2
1d40d3f6-bba5-11e8-b2ba-ac1f6b6435d0,5,7
1d4318b4-bbaa-11e8-b2ba-ac1f6b6435d0,11,11
1d432d24-bb9e-11e8-b2b9-ac1f6b6435d0,25 5 0,0 19
1d4366ee-bba9-11e8-b2ba-ac1f6b6435d0,6,6
1d452908-bbb7-11e8-b2ba-ac1f6b6435d0,1 0,0 1
1d4d2152-bbc2-11e8-b2bb-ac1f6b6435d0,25 7 0,0 7
1d4d963e-bbc5-11e8-b2bc-ac1f6b6435d0,5 0,0
1d4da348-bbc7-11e8-b2bc-ac1f6b6435d0,6,6
1d4f621a-bbad-11e8-b2ba-ac1f6b6435d0,25 4,21
1d55c01c-bba1-11e8-b2b9-ac1f6b6435d0,21,21
1d560fd8-bbae-11e8-b2ba-ac1f6b6435d0,25 4,4 25
1d582362-bbc3-11e8-b2bc-ac1f6b6435d0,25 5,5
1d5ef75c-bba3-11e8-b2b9-ac1f6b6435d0,7 0 21,0 7 25
1d60c740-bb9d-11e8-b2b9-ac1f6b6435d0,19 25 21,19 21 25
1d61b1fe-bbad-11e8-b2ba-ac1f6b6435d0,19 0,0 19
1d64b79a-bbb8-11e8-b2ba-ac1f6b6435d0,19 25 0,0 25
1d66f902-bbad-11e8-b2ba-ac1f6b6435d0,24 5,5 24
1d684ed6-bbbe-11e8-b2ba-ac1f6b6435d0,5,5
1d6ef560-bbc3-11e8-b2bc-ac1f6b6435d0,25,25
1d6fc7ba-bb9b-11e8-b2b9-ac1f6b6435d0,2 0,0 2
1d706dfa-bbb4-11e8-b2ba-ac1f6b6435d0,7,7
1d725bb8-bbc0-11e8-b2bb-ac1f6b6435d0,0,0 25
1d72f6ec-bb9b-11e8-b2b9-ac1f6b6435d0,2,3
1d756984-bb9d-11e8-b2b9-ac1f6b6435d0,2 0,0 2 25
1d76561e-bbc5-11e8-b2bc-ac1f6b6435d0,25 2,2 25
1d7a9214-bbc6-11e8-b2bc-ac1f6b6435d0,13 21,25
1d7aa1c8-bbad-11e8-b2ba-ac1f6b6435d0,0,0
1d7aa1cc-bbc7-11e8-b2bc-ac1f6b6435d0,23 0,21 22 23
1d7c0068-bbc6-11e8-b2bc-ac1f6b6435d0,18,18
1d7cb8f0-bbbc-11e8-b2ba-ac1f6b6435d0,25 0,0 25
1d80cfce-bbc3-11e8-b2bc-ac1f6b6435d0,2,2
1d834b28-bbbe-11e8-b2ba-ac1f6b6435d0,6,6
1d8a2b4e-bb9d-11e8-b2b9-ac1f6b6435d0,11,11
1d8ac4c0-bbc8-11e8-b2bc-ac1f6b6435d0,0,0
1d90ef86-bbc2-11e8-b2bb-ac1f6b6435d0,21,21 25
1d92ee32-bb9d-11e8-b2b9-ac1f6b6435d0,2,2
1d939b04-bb9b-11e8-b2b9-ac1f6b6435d0,25 6,6 25
1d944e0e-bbb5-11e8-b2ba-ac1f6b6435d0,14,14
1d94ed04-bbbb-11e8-b2ba-ac1f6b6435d0,25 3,3 25
1d951fbc-bbb7-11e8-b2ba-ac1f6b6435d0,0,0 25
1d9c8724-bba4-11e8-b2b9-ac1f6b6435d0,23 2,2 21 23
1da23234-bbbb-11e8-b2ba-ac1f6b6435d0,23,23
1da3f908-bbc9-11e8-b2bc-ac1f6b6435d0,2 0,0 2
1da5df96-bba3-11e8-b2b9-ac1f6b6435d0,18,19
1da75ab6-bbc5-11e8-b2bc-ac1f6b6435d0,21,21
1da85198-bbc8-11e8-b2bc-ac1f6b6435d0,5,0
1daaffce-bbb9-11e8-b2ba-ac1f6b6435d0,25 4,4 25
1dabf6de-bbb1-11e8-b2ba-ac1f6b6435d0,7,7
1daebed6-bbbc-11e8-b2ba-ac1f6b6435d0,0,0
1daf46a6-bb9b-11e8-b2b9-ac1f6b6435d0,2,2
1dafef8e-bb9b-11e8-b2b9-ac1f6b6435d0,7,7 25
1db020d6-bb9f-11e8-b2b9-ac1f6b6435d0,3 0,0 3
1db1f1a4-bba4-11e8-b2b9-ac1f6b6435d0,0 21,21
1db71d10-bba8-11e8-b2ba-ac1f6b6435d0,12 25 0 21,0 12
1db7329e-bbaa-11e8-b2ba-ac1f6b6435d0,25 2 0,2 25
1db794a8-bba7-11e8-b2ba-ac1f6b6435d0,25 23 0,0 23
1db7d498-bbc2-11e8-b2bb-ac1f6b6435d0,25 3 0,0 3
1dbe879e-bbad-11e8-b2ba-ac1f6b6435d0,7 0,0 7
1dbeed30-bbb5-11e8-b2ba-ac1f6b6435d0,0,0 21
1dbfa642-bbb7-11e8-b2ba-ac1f6b6435d0,23 0,0 23 25
1dbfe762-bba6-11e8-b2ba-ac1f6b6435d0,26 0,0 26
1dc07bc6-bba3-11e8-b2b9-ac1f6b6435d0,0,0 7
1dc82694-bbaa-11e8-b2ba-ac1f6b6435d0,7,7 20
1dc8b914-bbbf-11e8-b2ba-ac1f6b6435d0,25 0,5 25
1dc9eadc-bb9c-11e8-b2b9-ac1f6b6435d0,7,7
1dd18ea8-bbc0-11e8-b2bb-ac1f6b6435d0,25 5 2,5 25
1dd3d980-bbc3-11e8-b2bc-ac1f6b6435d0,4,4
1dd505ce-bba7-11e8-b2ba-ac1f6b6435d0,13,13
1dd98bc4-bbb3-11e8-b2ba-ac1f6b6435d0,21,21
1ddc5056-bbb4-11e8-b2ba-ac1f6b6435d0,4 21,0 21
1ddc5494-bb9f-11e8-b2b9-ac1f6b6435d0,7,7
1ddcf706-bbb7-11e8-b2ba-ac1f6b6435d0,25 0,0 25
1ddec300-bb9a-11e8-b2b9-ac1f6b6435d0,0,0 25
1ddf8038-bbc7-11e8-b2bc-ac1f6b6435d0,5 0,0 5
1ddfc32c-bb9f-11e8-b2b9-ac1f6b6435d0,5,0 5
1de17b7c-bbc2-11e8-b2bb-ac1f6b6435d0,7 3,2 7
1de36744-bbbc-11e8-b2ba-ac1f6b6435d0,6,6
1de37f16-bba5-11e8-b2ba-ac1f6b6435d0,16 0,4
1de3dbda-bbc5-11e8-b2bc-ac1f6b6435d0,2 0,0 2
1de45dc0-bbb2-11e8-b2ba-ac1f6b6435d0,5 0,0 5
1de5b014-bbc9-11e8-b2bc-ac1f6b6435d0,23 0,23
1de84422-bbc5-11e8-b2bc-ac1f6b6435d0,25,25
1de91898-bba7-11e8-b2ba-ac1f6b6435d0,25 7,7 25
1deb4a9e-bb9f-11e8-b2b9-ac1f6b6435d0,7 0,0
1df13128-bbc4-11e8-b2bc-ac1f6b6435d0,1 0,0 1
1dfb77be-bbba-11e8-b2ba-ac1f6b6435d0,25 0,0 17 25
1dfb890a-bbb2-11e8-b2ba-ac1f6b6435d0,0,0
1dfe38f6-bbaa-11e8-b2ba-ac1f6b6435d0,6,6
1e02ed1a-bbc8-11e8-b2bc-ac1f6b6435d0,19 0,0 19
1e0350ec-bb9c-11e8-b2b9-ac1f6b6435d0,25 1 0,0 1 2 14
1e0377fe-bbae-11e8-b2ba-ac1f6b6435d0,7 0,0
1e088386-bbbb-11e8-b2ba-ac1f6b6435d0,1 0,1
1e08f0dc-bbb6-11e8-b2ba-ac1f6b6435d0,5,5
1e0a58aa-bbb6-11e8-b2ba-ac1f6b6435d0,5,5
1e0bb576-bb9b-11e8-b2b9-ac1f6b6435d0,25 2 0,2 21
1e0f9cc4-bbad-11e8-b2ba-ac1f6b6435d0,25,25
1e14ec08-bbc4-11e8-b2bc-ac1f6b6435d0,3 0,0 3
1e183686-bbc6-11e8-b2bc-ac1f6b6435d0,25 0 21,0 21
1e197e42-bb9e-11e8-b2b9-ac1f6b6435d0,1 2,1 2
1e1d4fc6-bb9a-11e8-b2b9-ac1f6b6435d0,25 0,0
1e1d67c0-bba6-11e8-b2ba-ac1f6b6435d0,23 0,23
1e1f1f9a-bbb8-11e8-b2ba-ac1f6b6435d0,23,23
1e23848a-bbaf-11e8-b2ba-ac1f6b6435d0,16,0 16
1e2794a0-bba8-11e8-b2ba-ac1f6b6435d0,11,11
1e2872e8-bb9a-11e8-b2b9-ac1f6b6435d0,2 3 0,0 2 3
1e2dd4d6-bb9a-11e8-b2b9-ac1f6b6435d0,25 7 0,20 25
1e312e66-bba8-11e8-b2ba-ac1f6b6435d0,4,0
1e3222dc-bbb0-11e8-b2ba-ac1f6b6435d0,0,0
1e325db6-bbaf-11e8-b2ba-ac1f6b6435d0,0,0 25
1e328d24-bbb7-11e8-b2ba-ac1f6b6435d0,16 23,16
1e3671fa-bbc1-11e8-b2bb-ac1f6b6435d0,2 0,0
1e372bb8-bb9e-11e8-b2b9-ac1f6b6435d0,14,14
1e38d1e6-bbbe-11e8-b2ba-ac1f6b6435d0,22 4,22
1e3b83ea-bbba-11e8-b2ba-ac1f6b6435d0,25 3,25
1e3cf1a0-bb9a-11e8-b2b9-ac1f6b6435d0,4,4
1e3f925e-bbb1-11e8-b2ba-ac1f6b6435d0,1,0 1
1e401402-bba4-11e8-b2b9-ac1f6b6435d0,0,0 23
1e42db1c-bbbb-11e8-b2ba-ac1f6b6435d0,25,25
1e4747fe-bbb3-11e8-b2ba-ac1f6b6435d0,25 18,25
1e480a64-bbb7-11e8-b2ba-ac1f6b6435d0,16 0,0
1e48964e-bbb4-11e8-b2ba-ac1f6b6435d0,5 0,5 21
1e493732-bbc0-11e8-b2bb-ac1f6b6435d0,6 0,0 1 25
1e4bfe04-bba7-11e8-b2ba-ac1f6b6435d0,25 0 21,0 21 25
1e4e7d4c-bbab-11e8-b2ba-ac1f6b6435d0,0,0
1e4f890a-bbb8-11e8-b2ba-ac1f6b6435d0,19 0,0 19
1e5451d0-bbac-11e8-b2ba-ac1f6b6435d0,4 0,4
1e5defc0-bbb5-11e8-b2ba-ac1f6b6435d0,13,13
1e5fcdaa-bbaf-11e8-b2ba-ac1f6b6435d0,16,0 25
1e62540a-bba3-11e8-b2b9-ac1f6b6435d0,11,11 24
1e63076a-bbb7-11e8-b2ba-ac1f6b6435d0,0,0 2
1e65a8c4-bbb9-11e8-b2ba-ac1f6b6435d0,24 25 11,0 11
1e667b72-bbc9-11e8-b2bc-ac1f6b6435d0,4,4
1e6c6ed0-bbbd-11e8-b2ba-ac1f6b6435d0,14 5,5 14
1e6e0fee-bbc5-11e8-b2bc-ac1f6b6435d0,2,2
1e6f7fb8-bbad-11e8-b2ba-ac1f6b6435d0,26,0 25
1e6f8aba-bb9b-11e8-b2b9-ac1f6b6435d0,25 5,5
1e72c1b2-bbbe-11e8-b2ba-ac1f6b6435d0,4,4
1e738cf2-bbc1-11e8-b2bb-ac1f6b6435d0,25 0,0 25
1e754a76-bbb5-11e8-b2ba-ac1f6b6435d0,25 7 4,4 7
1e7b19ee-bbc2-11e8-b2bb-ac1f6b6435d0,5,5
1e7bc276-bbc8-11e8-b2bc-ac1f6b6435d0,25 2,2 25
1e7c71de-bbba-11e8-b2ba-ac1f6b6435d0,0,0
1e7d15c4-bbc6-11e8-b2bc-ac1f6b6435d0,0,0 5
1e7e10e4-bbaa-11e8-b2ba-ac1f6b6435d0,7,7
1e7ef524-bbc1-11e8-b2bb-ac1f6b6435d0,7,23
1e828104-bbc0-11e8-b2bb-ac1f6b6435d0,6,21
1e830668-bb9f-11e8-b2b9-ac1f6b6435d0,7,7
1e83e58a-bbb6-11e8-b2ba-ac1f6b6435d0,22 25,22
1e83f390-bba7-11e8-b2ba-ac1f6b6435d0,25 7,7 25
1e84bd9e-bbba-11e8-b2ba-ac1f6b6435d0,25 21,21 25
1e8cf99c-bbaf-11e8-b2ba-ac1f6b6435d0,14,14
1e8fc510-bba9-11e8-b2ba-ac1f6b6435d0,5 3,0 3
1e91568a-bbc9-11e8-b2bc-ac1f6b6435d0,25 0,0 25
1e9683ee-bb9c-11e8-b2b9-ac1f6b6435d0,11,11
1e994004-bbc7-11e8-b2bc-ac1f6b6435d0,6,6 23
1ea27bb0-bb9f-11e8-b2b9-ac1f6b6435d0,25 21,21
1ea2ff2e-bbca-11e8-b2bc-ac1f6b6435d0,6,6
1ea6da32-bbc9-11e8-b2bc-ac1f6b6435d0,2,2
1ea985e4-bbb9-11e8-b2ba-ac1f6b6435d0,5 0,0 25
1eaa717e-bba1-11e8-b2b9-ac1f6b6435d0,1,1
1eafefba-bbc8-11e8-b2bc-ac1f6b6435d0,19 25 0,0
1eb06da8-bbc0-11e8-b2bb-ac1f6b6435d0,19,19
1eb135a2-bbad-11e8-b2ba-ac1f6b6435d0,23,23
1eb1c97a-bbc3-11e8-b2bc-ac1f6b6435d0,0,0 25
1eb76984-bbc3-11e8-b2bc-ac1f6b6435d0,25 5,5 25
1ebb9086-bba0-11e8-b2b9-ac1f6b6435d0,23,23
1ebd2cf6-bbb0-11e8-b2ba-ac1f6b6435d0,13,13
1ec0c27a-bbac-11e8-b2ba-ac1f6b6435d0,7,18
1ec17eb6-bbc7-11e8-b2bc-ac1f6b6435d0,19 0,0 19
1ec3408c-bbb5-11e8-b2ba-ac1f6b6435d0,2 0,0 2
1ec3e6a2-bbbc-11e8-b2ba-ac1f6b6435d0,25,25
1ec7393c-bb9f-11e8-b2b9-ac1f6b6435d0,2 0,0 5
1ec907de-bbaa-11e8-b2ba-ac1f6b6435d0,0,0
1eca6fae-bbc6-11e8-b2bc-ac1f6b6435d0,25 4,4 25
1ecfba1e-bbca-11e8-b2bc-ac1f6b6435d0,2 0,0 2
1ed0cc5e-bbbd-11e8-b2ba-ac1f6b6435d0,7,7
1ed19626-bbbc-11e8-b2ba-ac1f6b6435d0,16 6,6 14 16
1ed1d734-bbc7-11e8-b2bc-ac1f6b6435d0,7,7
1ed291d2-bba5-11e8-b2ba-ac1f6b6435d0,25,25
1ed35b5a-bb9e-11e8-b2b9-ac1f6b6435d0,7,7
1ed3d212-bbc9-11e8-b2bc-ac1f6b6435d0,25,25
1ed6f1a6-bba4-11e8-b2b9-ac1f6b6435d0,25 7 0,0 7 25
1ed91786-bbba-11e8-b2ba-ac1f6b6435d0,7 0,0 7 20
1ed99a6e-bbb8-11e8-b2ba-ac1f6b6435d0,7,7
1ed9a984-bbb6-11e8-b2ba-ac1f6b6435d0,25 6 0,0 16 25
1edc41da-bbc5-11e8-b2bc-ac1f6b6435d0,0 21,0 25
1edd9a1e-bbb4-11e8-b2ba-ac1f6b6435d0,7,7
1ede6240-bbc4-11e8-b2bc-ac1f6b6435d0,19,19
1edf0d4a-bba5-11e8-b2ba-ac1f6b6435d0,23,6 20
1ee23d16-bbb5-11e8-b2ba-ac1f6b6435d0,2 0,0
1ee2418a-bbc4-11e8-b2bc-ac1f6b6435d0,5,0
1ee3d074-bb9f-11e8-b2b9-ac1f6b6435d0,0,0
1ee64c10-bbb7-11e8-b2ba-ac1f6b6435d0,7 3,3
1ee6dd3a-bbab-11e8-b2ba-ac1f6b6435d0,25 5 0,0
1ee81466-bbc9-11e8-b2bc-ac1f6b6435d0,23,23
1ee96e88-bba6-11e8-b2ba-ac1f6b6435d0,4,3 4
1eeae556-bbc9-11e8-b2bc-ac1f6b6435d0,7,7
1eedbf8e-bbb4-11e8-b2ba-ac1f6b6435d0,7,7
1ef28c24-bbca-11e8-b2bc-ac1f6b6435d0,19 25 0,25
1ef328ce-bba1-11e8-b2b9-ac1f6b6435d0,26,26
1ef542c8-bba9-11e8-b2ba-ac1f6b6435d0,0,0
1ef839d6-bbc9-11e8-b2bc-ac1f6b6435d0,25 1,1 25
1f0331be-bbb6-11e8-b2ba-ac1f6b6435d0,3,3
1f04e8ee-bbbe-11e8-b2ba-ac1f6b6435d0,23 0,23
1f052dc8-bba9-11e8-b2ba-ac1f6b6435d0,5,5
1f0811d8-bb9e-11e8-b2b9-ac1f6b6435d0,3,3
1f10f862-bbbb-11e8-b2ba-ac1f6b6435d0,22,22
1f130d3c-bbc5-11e8-b2bc-ac1f6b6435d0,3,2 3
1f176592-bbb8-11e8-b2ba-ac1f6b6435d0,5,5
1f1ce258-bbb6-11e8-b2ba-ac1f6b6435d0,19 1,11
1f1d0464-bbab-11e8-b2ba-ac1f6b6435d0,1,1
1f1db84c-bbc8-11e8-b2bc-ac1f6b6435d0,7,7
1f1dcd84-bbb2-11e8-b2ba-ac1f6b6435d0,7 5,7
1f1f3baa-bb9f-11e8-b2b9-ac1f6b6435d0,24,24
1f20fa7c-bbc6-11e8-b2bc-ac1f6b6435d0,22 0,0 22
1f213e06-bbad-11e8-b2ba-ac1f6b6435d0,14,14
1f21540a-bbac-11e8-b2ba-ac1f6b6435d0,3,5
1f21c4ac-bbad-11e8-b2ba-ac1f6b6435d0,25,6 25
1f2511de-bba8-11e8-b2ba-ac1f6b6435d0,5 1 2 21,1 2 21 25
1f25f648-bbb3-11e8-b2ba-ac1f6b6435d0,0,0
1f26a3e4-bbaf-11e8-b2ba-ac1f6b6435d0,25 0,0 21 25
1f2ac78e-bb9c-11e8-b2b9-ac1f6b6435d0,12 0 21,0 12 21
1f2b974c-bbc2-11e8-b2bb-ac1f6b6435d0,18,19
1f2bc9c6-bbc0-11e8-b2bb-ac1f6b6435d0,25,25
1f2c0d22-bba8-11e8-b2ba-ac1f6b6435d0,14,14
1f2d7868-bbc8-11e8-b2bc-ac1f6b6435d0,22 11,2 22
1f347262-bba5-11e8-b2ba-ac1f6b6435d0,11,11 24
1f3771fe-bba7-11e8-b2ba-ac1f6b6435d0,25,21 25
1f3b193a-bbb1-11e8-b2ba-ac1f6b6435d0,14,14 16
1f3bf44e-bba3-11e8-b2b9-ac1f6b6435d0,25,26
1f3cf658-bb9b-11e8-b2b9-ac1f6b6435d0,4,4
1f41e99e-bba3-11e8-b2b9-ac1f6b6435d0,25,25
1f43745c-bbb8-11e8-b2ba-ac1f6b6435d0,1,1
1f443dda-bbb1-11e8-b2ba-ac1f6b6435d0,24 0,0 20 24
1f45c2ce-bbaa-11e8-b2ba-ac1f6b6435d0,7,7
1f479ffc-bba7-11e8-b2ba-ac1f6b6435d0,5,3
1f49700e-bbbe-11e8-b2ba-ac1f6b6435d0,0 21,21
1f497528-bbb3-11e8-b2ba-ac1f6b6435d0,5 0,0 5
1f49af86-bba7-11e8-b2ba-ac1f6b6435d0,25 2 0,0 3
1f4b6fb0-bba2-11e8-b2b9-ac1f6b6435d0,4,4
1f4d4be4-bbb8-11e8-b2ba-ac1f6b6435d0,2,2
1f4dcce4-bbb4-11e8-b2ba-ac1f6b6435d0,22 0,0 22
1f4fdacc-bbc6-11e8-b2bc-ac1f6b6435d0,25,24 25
1f533cbe-bbba-11e8-b2ba-ac1f6b6435d0,6 14,6 14
1f549052-bba4-11e8-b2b9-ac1f6b6435d0,1 0,0 1
1f55d808-bbaa-11e8-b2ba-ac1f6b6435d0,25 5,25
1f57484c-bbbd-11e8-b2ba-ac1f6b6435d0,5,5
1f5d25d6-bbc3-11e8-b2bc-ac1f6b6435d0,0 21,0 21
1f5de1b8-bba2-11e8-b2b9-ac1f6b6435d0,2 0,0 2
1f5fa17a-bbc4-11e8-b2bc-ac1f6b6435d0,5,5
1f5fcd56-bbc1-11e8-b2bb-ac1f6b6435d0,23,23
1f632900-bb9a-11e8-b2b9-ac1f6b6435d0,23,23
1f637c82-bbb0-11e8-b2ba-ac1f6b6435d0,0 21,0 2 21
1f67e988-bba7-11e8-b2ba-ac1f6b6435d0,25 0,0 25
1f681da2-bbc7-11e8-b2bc-ac1f6b6435d0,25 0,0 25
1f68f040-bbc4-11e8-b2bc-ac1f6b6435d0,25 3,2 3 25
1f69fd3e-bbae-11e8-b2ba-ac1f6b6435d0,3,3
1f6c38cc-bba1-11e8-b2b9-ac1f6b6435d0,6,6
1f6c4010-bba1-11e8-b2b9-ac1f6b6435d0,5,5
1f6c7d26-bba3-11e8-b2b9-ac1f6b6435d0,23,23
1f6dd3e4-bbab-11e8-b2ba-ac1f6b6435d0,12 2 0,0 2
1f781d48-bba8-11e8-b2ba-ac1f6b6435d0,25 0,0 25
1f78575c-bbc3-11e8-b2bc-ac1f6b6435d0,5 0,0 5
1f788b42-bbc2-11e8-b2bb-ac1f6b6435d0,7 2 0,0 2 7
1f7b188c-bbca-11e8-b2bc-ac1f6b6435d0,25 21,21 25
1f7eadda-bbac-11e8-b2ba-ac1f6b6435d0,0 21,21
1f7f7bc6-bb9c-11e8-b2b9-ac1f6b6435d0,0,0
1f840460-bba2-11e8-b2b9-ac1f6b6435d0,5,5
1f851802-bbb9-11e8-b2ba-ac1f6b6435d0,1 0,0 1
1f862b94-bbbd-11e8-b2ba-ac1f6b6435d0,5 0,0 5
1f867b02-bb9b-11e8-b2b9-ac1f6b6435d0,0,0
1f882b08-bba2-11e8-b2b9-ac1f6b6435d0,23,23
1f88c48e-bbb9-11e8-b2ba-ac1f6b6435d0,2 0,0 2
1f8a4b66-bb9f-11e8-b2b9-ac1f6b6435d0,25 0,0 25
1f8fea90-bb9e-11e8-b2b9-ac1f6b6435d0,25 23,25
1f91d9d2-bbc5-11e8-b2bc-ac1f6b6435d0,25 0,0 25
1f9a654a-bb9b-11e8-b2b9-ac1f6b6435d0,22 7 0,0 7 22
1f9baf7c-bb9b-11e8-b2b9-ac1f6b6435d0,11,11
1fa45820-bb9b-11e8-b2b9-ac1f6b6435d0,25 0,0 25
1fa5924c-bbb1-11e8-b2ba-ac1f6b6435d0,25 4,4 25
1fa6cd84-bbb5-11e8-b2ba-ac1f6b6435d0,7 0,0 7
1fa84b96-bbc9-11e8-b2bc-ac1f6b6435d0,12 0,0 23
1fa898b4-bbbd-11e8-b2ba-ac1f6b6435d0,25,21 25
1fa8ebc2-bba7-11e8-b2ba-ac1f6b6435d0,0,0
1faadbc6-bbca-11e8-b2bc-ac1f6b6435d0,12 4,4 21
1fabea3e-bba7-11e8-b2ba-ac1f6b6435d0,25 0,0
1fae1cf4-bba3-11e8-b2b9-ac1f6b6435d0,3 0,3
1fae846e-bba3-11e8-b2b9-ac1f6b6435d0,4,4
1faf4338-bbb5-11e8-b2ba-ac1f6b6435d0,25 0 21,0 21 25
1fb083c8-bb9d-11e8-b2b9-ac1f6b6435d0,18,14
1fb5ce98-bbbe-11e8-b2ba-ac1f6b6435d0,2 0,0
1fb6c56e-bbb9-11e8-b2ba-ac1f6b6435d0,11,11
1fb9d60c-bba3-11e8-b2b9-ac1f6b6435d0,19 1,0 1
1fbab1fa-bbab-11e8-b2ba-ac1f6b6435d0,25 21,21
1fbc4f2a-bbc3-11e8-b2bc-ac1f6b6435d0,7,0 7 25
1fbd1a24-bbb2-11e8-b2ba-ac1f6b6435d0,23,21
1fbe4ea4-bba2-11e8-b2b9-ac1f6b6435d0,0,0
1fc2b100-bbad-11e8-b2ba-ac1f6b6435d0,7,7
1fc5406e-bbb2-11e8-b2ba-ac1f6b6435d0,24 2 0,0 2 24
1fc627f8-bba9-11e8-b2ba-ac1f6b6435d0,25 6,25
1fc69104-bbca-11e8-b2bc-ac1f6b6435d0,25,0 25
1fc9733e-bbbf-11e8-b2ba-ac1f6b6435d0,19 23 0,5
1fc97c96-bb9a-11e8-b2b9-ac1f6b6435d0,7,7
1fcb98dc-bbb8-11e8-b2ba-ac1f6b6435d0,4,4
1fcc1166-bba1-11e8-b2b9-ac1f6b6435d0,5,0
1fcf8a2e-bba3-11e8-b2b9-ac1f6b6435d0,25 0 21,0 25
1fd53926-bbbf-11e8-b2ba-ac1f6b6435d0,0,0 5 25
1fd8b6b4-bbba-11e8-b2ba-ac1f6b6435d0,25 0,5 25
1fd9c4e8-bba4-11e8-b2b9-ac1f6b6435d0,7 5 0,0 5 7
1fd9e038-bbb1-11e8-b2ba-ac1f6b6435d0,1,1
1fda7b28-bb9e-11e8-b2b9-ac1f6b6435d0,5,5
1fdac3b0-bbaf-11e8-b2ba-ac1f6b6435d0,0,23
1fdc307e-bba0-11e8-b2b9-ac1f6b6435d0,21,17 21
1fdcf37a-bba4-11e8-b2b9-ac1f6b6435d0,25 3 0,0 2 25
1fdf68f0-bbc5-11e8-b2bc-ac1f6b6435d0,25 1 0,0 1 25
1fe068ec-bbb4-11e8-b2ba-ac1f6b6435d0,12 25 0,0 12
1fe140c8-bbb9-11e8-b2ba-ac1f6b6435d0,25 18,18 25
1fe189da-bba9-11e8-b2ba-ac1f6b6435d0,22 7,7
1fe1ae58-bba2-11e8-b2b9-ac1f6b6435d0,25 0,0 25
1fe2d58e-bbc6-11e8-b2bc-ac1f6b6435d0,21,21
1fe3da0a-bbc2-11e8-b2bb-ac1f6b6435d0,4,4
1fe5258a-bbbe-11e8-b2ba-ac1f6b6435d0,16 17 0,0 25
1fe6e22a-bbc4-11e8-b2bc-ac1f6b6435d0,23,23
1fe7149e-bbb4-11e8-b2ba-ac1f6b6435d0,14 17 21,14 17 21
1fe7864a-bb9b-11e8-b2b9-ac1f6b6435d0,23,23
1fec30de-bba8-11e8-b2ba-ac1f6b6435d0,25 2,2 25
1feea0fe-bba2-11e8-b2b9-ac1f6b6435d0,24 11,11
1fef8016-bb9b-11e8-b2b9-ac1f6b6435d0,25 0,0 25
1ff0b0b6-bbb5-11e8-b2ba-ac1f6b6435d0,7 4,0 7
1ffd81d8-bb9c-11e8-b2b9-ac1f6b6435d0,0,0
1ffdade0-bb9f-11e8-b2b9-ac1f6b6435d0,2,2
1fff164c-bbba-11e8-b2ba-ac1f6b6435d0,21,21
2002e2e2-bba4-11e8-b2b9-ac1f6b6435d0,19,19 25
2005f9cc-bba0-11e8-b2b9-ac1f6b6435d0,22 19 0,0 18 19
20064dbc-bbca-11e8-b2bc-ac1f6b6435d0,0,0
200682ca-bbb9-11e8-b2ba-ac1f6b6435d0,25 2 0,2 25
20093b84-bbc6-11e8-b2bc-ac1f6b6435d0,25 18,0 18 25
20096630-bbbd-11e8-b2ba-ac1f6b6435d0,0,0
200ae212-bb9a-11e8-b2b9-ac1f6b6435d0,18,7
200af754-bbc0-11e8-b2bb-ac1f6b6435d0,25 0,0 21 25
200bf156-bbc3-11e8-b2bc-ac1f6b6435d0,22 0,0 22
200caa6e-bbb0-11e8-b2ba-ac1f6b6435d0,1,1
200ea262-bba4-11e8-b2b9-ac1f6b6435d0,23,23
201114c6-bbb7-11e8-b2ba-ac1f6b6435d0,2 0,0 2
20112e6c-bbac-11e8-b2ba-ac1f6b6435d0,19 25 21,1 19 25
2013a04a-bbbe-11e8-b2ba-ac1f6b6435d0,19 25,3 23
20145e7e-bb9e-11e8-b2b9-ac1f6b6435d0,25,25
20150d7c-bbaa-11e8-b2ba-ac1f6b6435d0,21,21
201831d0-bbc0-11e8-b2bb-ac1f6b6435d0,1,1
201c2922-bba0-11e8-b2b9-ac1f6b6435d0,17 21,0 25
201d196e-bba4-11e8-b2b9-ac1f6b6435d0,2,2
201f4338-bb9a-11e8-b2b9-ac1f6b6435d0,23 0,0 23
202694be-bbac-11e8-b2ba-ac1f6b6435d0,25,25
202906ba-bba0-11e8-b2b9-ac1f6b6435d0,25 2,25
2029b8ee-bbbe-11e8-b2ba-ac1f6b6435d0,25 5,5
202e240a-bbc9-11e8-b2bc-ac1f6b6435d0,2,3
20396b94-bbbf-11e8-b2ba-ac1f6b6435d0,25 7,6 25
203cb114-bba6-11e8-b2ba-ac1f6b6435d0,3 0,0 2
20410256-bbc8-11e8-b2bc-ac1f6b6435d0,7 0,0 7
2042aa3a-bb9a-11e8-b2b9-ac1f6b6435d0,6 21,6 21
204b0e6e-bbae-11e8-b2ba-ac1f6b6435d0,7,7
204bb440-bbae-11e8-b2ba-ac1f6b6435d0,25,25
204ef7b2-bbc3-11e8-b2bc-ac1f6b6435d0,7 2,0 2 7
204f95f4-bbc4-11e8-b2bc-ac1f6b6435d0,25 5 0,5 25
205017cc-bba1-11e8-b2b9-ac1f6b6435d0,25 0,0 25
2050dcb0-bbac-11e8-b2ba-ac1f6b6435d0,25 7,25
205291a4-bba2-11e8-b2b9-ac1f6b6435d0,4 0,4
2052d4f6-bbc1-11e8-b2bb-ac1f6b6435d0,25 0,0
20559374-bbb4-11e8-b2ba-ac1f6b6435d0,25 2,2 25
2056a79e-bbb1-11e8-b2ba-ac1f6b6435d0,11 0,0 21
205834a8-bba5-11e8-b2ba-ac1f6b6435d0,14,14 16
20583ea2-bbc4-11e8-b2bc-ac1f6b6435d0,0,0
205b1550-bba6-11e8-b2ba-ac1f6b6435d0,5,3
205eab46-bbb2-11e8-b2ba-ac1f6b6435d0,3,3
2060c2f6-bbc0-11e8-b2bb-ac1f6b6435d0,0,0
20612062-bbb5-11e8-b2ba-ac1f6b6435d0,4,4
206195ee-bbb8-11e8-b2ba-ac1f6b6435d0,25,21 25
20619b72-bbbb-11e8-b2ba-ac1f6b6435d0,7,7
20654582-bbc6-11e8-b2bc-ac1f6b6435d0,24 22,24
20656d2c-bbc2-11e8-b2bb-ac1f6b6435d0,7,7
2065f016-bbc3-11e8-b2bc-ac1f6b6435d0,25 5,0 25
20681dc4-bbbd-11e8-b2ba-ac1f6b6435d0,25 1,1 6
207087b4-bbb5-11e8-b2ba-ac1f6b6435d0,5,5
2070df10-bbac-11e8-b2ba-ac1f6b6435d0,25 0,0
20725c90-bba3-11e8-b2b9-ac1f6b6435d0,2 0,0 2
2072c01a-bb9c-11e8-b2b9-ac1f6b6435d0,5,0 5
20743c5a-bba2-11e8-b2b9-ac1f6b6435d0,11,11
2074a572-bbc6-11e8-b2bc-ac1f6b6435d0,2,2
20763fea-bbb7-11e8-b2ba-ac1f6b6435d0,25 0,25
2079599e-bb9b-11e8-b2b9-ac1f6b6435d0,4,4
207dbc34-bba3-11e8-b2b9-ac1f6b6435d0,21,13 21
207dc46a-bb9c-11e8-b2b9-ac1f6b6435d0,14,14
207e9fd6-bbbd-11e8-b2ba-ac1f6b6435d0,0,0
207f9398-bba2-11e8-b2b9-ac1f6b6435d0,25 1 0,0 1 21
20862834-bb9d-11e8-b2b9-ac1f6b6435d0,23 0,0 23 25
20871ff8-bbc2-11e8-b2bb-ac1f6b6435d0,18 2,2 3 19
208787ce-bbb1-11e8-b2ba-ac1f6b6435d0,1,1
208a6e52-bba3-11e8-b2b9-ac1f6b6435d0,11,11
208fd39e-bbb0-11e8-b2ba-ac1f6b6435d0,23,23
208fe06c-bbb7-11e8-b2ba-ac1f6b6435d0,16 14 17,14 17
209021b6-bb9a-11e8-b2b9-ac1f6b6435d0,3,0 3
2091dd20-bbc3-11e8-b2bc-ac1f6b6435d0,11,11
209222fe-bbb3-11e8-b2ba-ac1f6b6435d0,0,0
2094f850-bbbb-11e8-b2ba-ac1f6b6435d0,2 0,0 25
20967b10-bba9-11e8-b2ba-ac1f6b6435d0,25 18,18 25
209adbb8-bbb5-11e8-b2ba-ac1f6b6435d0,5,5
209da99e-bb9a-11e8-b2b9-ac1f6b6435d0,2,2
209fa196-bbad-11e8-b2ba-ac1f6b6435d0,6,25
209ffb2a-bbb0-11e8-b2ba-ac1f6b6435d0,25 7,7 25
20a31ffa-bba9-11e8-b2ba-ac1f6b6435d0,26 7,23
20a60a76-bba9-11e8-b2ba-ac1f6b6435d0,7 0,0 7
20a740da-bbae-11e8-b2ba-ac1f6b6435d0,18,17 18
20a8215e-bbb2-11e8-b2ba-ac1f6b6435d0,18,18
20a8c9a0-bbc7-11e8-b2bc-ac1f6b6435d0,25 0,0 25
20aae470-bba8-11e8-b2ba-ac1f6b6435d0,25,25
20ab7ff6-bbbd-11e8-b2ba-ac1f6b6435d0,0,0
20aef5b0-bba3-11e8-b2b9-ac1f6b6435d0,25 13 0,13 22
20b2f632-bbb8-11e8-b2ba-ac1f6b6435d0,6,6
20b2fd98-bba5-11e8-b2ba-ac1f6b6435d0,25,25
20b7d47e-bbc5-11e8-b2bc-ac1f6b6435d0,23 0,0 23
20b8be88-bbad-11e8-b2ba-ac1f6b6435d0,25 2,11
20bcd73c-bbb4-11e8-b2ba-ac1f6b6435d0,18,19
20be7dc0-bbb5-11e8-b2ba-ac1f6b6435d0,25 0,0 25
20bead4e-bbca-11e8-b2bc-ac1f6b6435d0,0 21,0 21
20becf8c-bba1-11e8-b2b9-ac1f6b6435d0,19 25,19 25
20c0d8be-bbaa-11e8-b2ba-ac1f6b6435d0,25,11 25
20c2595e-bba6-11e8-b2ba-ac1f6b6435d0,26 25,25 26
20cc7e74-bb9d-11e8-b2b9-ac1f6b6435d0,23 0 21,25
20cd28ec-bbbb-11e8-b2ba-ac1f6b6435d0,5,5
20d2b914-bbc1-11e8-b2bb-ac1f6b6435d0,7,7
20d35282-bbaa-11e8-b2ba-ac1f6b6435d0,23,23
20d64de4-bba9-11e8-b2ba-ac1f6b6435d0,7 0,0 7
20d82004-bba1-11e8-b2b9-ac1f6b6435d0,25,25
20df3cbc-bbb1-11e8-b2ba-ac1f6b6435d0,23,7
20e1e09e-bb9c-11e8-b2b9-ac1f6b6435d0,25 1 21,0 1 21
20e47270-bbb3-11e8-b2ba-ac1f6b6435d0,5,5
20ecf3bc-bbbf-11e8-b2ba-ac1f6b6435d0,2,0 2 25
20f21dd2-bbca-11e8-b2bc-ac1f6b6435d0,23,23
20f3488e-bbb5-11e8-b2ba-ac1f6b6435d0,5,5
20fb8c68-bb9e-11e8-b2b9-ac1f6b6435d0,25 0 21,0 25
20fba948-bbb5-11e8-b2ba-ac1f6b6435d0,2 0,2
20fc83d0-bbca-11e8-b2bc-ac1f6b6435d0,11,11
2103fdda-bbc6-11e8-b2bc-ac1f6b6435d0,0,0
2105213a-bba1-11e8-b2b9-ac1f6b6435d0,23 2,2 23
210917b4-bbc3-11e8-b2bc-ac1f6b6435d0,23,23
210a7d02-bbb4-11e8-b2ba-ac1f6b6435d0,4,5
210afa30-bb9a-11e8-b2b9-ac1f6b6435d0,25 17 0,25
210b51b6-bbbc-11e8-b2ba-ac1f6b6435d0,25 7 2 0,0 7
210c4b98-bbc1-11e8-b2bb-ac1f6b6435d0,3,3
210d1568-bbb8-11e8-b2ba-ac1f6b6435d0,23,23
210d1658-bbc7-11e8-b2bc-ac1f6b6435d0,6 0,0 25
2110702e-bbad-11e8-b2ba-ac1f6b6435d0,25 0 21,0 21 25
2111212c-bbb7-11e8-b2ba-ac1f6b6435d0,19 25 0,0 21
211316e4-bbc1-11e8-b2bb-ac1f6b6435d0,25 0 21,0 25
2113db02-bbca-11e8-b2bc-ac1f6b6435d0,9,9 10 20
211a7f40-bbc8-11e8-b2bc-ac1f6b6435d0,0,0
2120deae-bb9f-11e8-b2b9-ac1f6b6435d0,21,21
212512f4-bbad-11e8-b2ba-ac1f6b6435d0,26,0 25
212b6f6e-bb9e-11e8-b2b9-ac1f6b6435d0,25,26
212c8410-bbb4-11e8-b2ba-ac1f6b6435d0,2 0,0 2
212d7210-bbbb-11e8-b2ba-ac1f6b6435d0,25,25
212dca06-bba4-11e8-b2b9-ac1f6b6435d0,0,0
21301276-bba8-11e8-b2ba-ac1f6b6435d0,4,4
21311968-bbb3-11e8-b2ba-ac1f6b6435d0,25 2 0,0 25
21326f30-bbb2-11e8-b2ba-ac1f6b6435d0,25 0,0 16 25
21344944-bb9f-11e8-b2b9-ac1f6b6435d0,25 5,5 25
2134587a-bba5-11e8-b2ba-ac1f6b6435d0,24 7,7 24
21345e94-bb9e-11e8-b2b9-ac1f6b6435d0,22 25 18 0,0 18 25
21356f38-bbb6-11e8-b2ba-ac1f6b6435d0,25 3 0,0 2
213d0a18-bbb6-11e8-b2ba-ac1f6b6435d0,0 21,0 18 21
21421906-bbb9-11e8-b2ba-ac1f6b6435d0,4,4
2144053c-bba9-11e8-b2ba-ac1f6b6435d0,23,25
214534be-bba1-11e8-b2b9-ac1f6b6435d0,23,23
2145f18c-bbc0-11e8-b2bb-ac1f6b6435d0,21,21 25
21493a88-bbc8-11e8-b2bc-ac1f6b6435d0,0,0
214c6116-bbbb-11e8-b2ba-ac1f6b6435d0,25 5,5
214e38cc-bbbd-11e8-b2ba-ac1f6b6435d0,7,7
214f1b2c-bbc5-11e8-b2bc-ac1f6b6435d0,25 23 0,0 23
214f78fc-bba6-11e8-b2ba-ac1f6b6435d0,3,3
21515f5a-bbab-11e8-b2ba-ac1f6b6435d0,7 0,0 7
2153ca1a-bbb5-11e8-b2ba-ac1f6b6435d0,5,0 5
21599f08-bbc4-11e8-b2bc-ac1f6b6435d0,25 2,2 25
215a4064-bbad-11e8-b2ba-ac1f6b6435d0,2,2
215a9fb6-bbc4-11e8-b2bc-ac1f6b6435d0,25 23,6
215bd094-bbbe-11e8-b2ba-ac1f6b6435d0,2,2
215d27fc-bbb2-11e8-b2ba-ac1f6b6435d0,25,1 21
215ddc0e-bbaa-11e8-b2ba-ac1f6b6435d0,25 23,6
21604bbe-bbc9-11e8-b2bc-ac1f6b6435d0,7 0,0 7
21639eaa-bbbe-11e8-b2ba-ac1f6b6435d0,5 2 0,0 2
2163ff58-bbbe-11e8-b2ba-ac1f6b6435d0,19 25 11,25
21647ace-bbb8-11e8-b2ba-ac1f6b6435d0,23 3,23
216c4af6-bbb3-11e8-b2ba-ac1f6b6435d0,25 1 0,0 1 25
216dee08-bba2-11e8-b2b9-ac1f6b6435d0,5,5
216eddae-bbb1-11e8-b2ba-ac1f6b6435d0,23,23
216f8b16-bbc8-11e8-b2bc-ac1f6b6435d0,25 13 0,0 13 25
2170785e-bbba-11e8-b2ba-ac1f6b6435d0,22 0,0 22
21718ff2-bbbd-11e8-b2ba-ac1f6b6435d0,25 0,0 25
217306fa-bbc9-11e8-b2bc-ac1f6b6435d0,0,0
21795f50-bb9c-11e8-b2b9-ac1f6b6435d0,0,0
217b47bc-bba0-11e8-b2b9-ac1f6b6435d0,7 0,0
217e1432-bba1-11e8-b2b9-ac1f6b6435d0,16 25 0,0 17 25
21804c98-bbab-11e8-b2ba-ac1f6b6435d0,1 0,0 1
21823d88-bbbe-11e8-b2ba-ac1f6b6435d0,2 0,0 2 7
21826aae-bba2-11e8-b2b9-ac1f6b6435d0,5,5
2184f63e-bba7-11e8-b2ba-ac1f6b6435d0,3,3
2185ec98-bba6-11e8-b2ba-ac1f6b6435d0,25 21,21 25
2189fa42-bbc7-11e8-b2bc-ac1f6b6435d0,22 4 21,21
218a20d4-bb9b-11e8-b2b9-ac1f6b6435d0,21,21
218bafce-bbac-11e8-b2ba-ac1f6b6435d0,4,4 25
218bb038-bbb0-11e8-b2ba-ac1f6b6435d0,23 0,0 23
218febec-bbc1-11e8-b2bb-ac1f6b6435d0,0,0
21917516-bbb2-11e8-b2ba-ac1f6b6435d0,0,0
2191a780-bbbb-11e8-b2ba-ac1f6b6435d0,18,18
2191df00-bba4-11e8-b2b9-ac1f6b6435d0,23 0,23
21939e4c-bbc4-11e8-b2bc-ac1f6b6435d0,16 0 21,0
2193b9d4-bbbc-11e8-b2ba-ac1f6b6435d0,25 2 0,0 2
21944c92-bbca-11e8-b2bc-ac1f6b6435d0,22 3,22
219c6a14-bb9b-11e8-b2b9-ac1f6b6435d0,7 0,0 7
219eac6a-bbb0-11e8-b2ba-ac1f6b6435d0,2 21,2 21
219eb042-bbca-11e8-b2bc-ac1f6b6435d0,6 2,6
219f6ae4-bbc7-11e8-b2bc-ac1f6b6435d0,23,23
21a0a374-bbb2-11e8-b2ba-ac1f6b6435d0,5,5
21a0cbf8-bbbf-11e8-b2ba-ac1f6b6435d0,0,0 5 25
21a207b6-bba6-11e8-b2ba-ac1f6b6435d0,25 0,0
21a59884-bb9e-11e8-b2b9-ac1f6b6435d0,25 0,0 25
21a86df6-bbc7-11e8-b2bc-ac1f6b6435d0,11,11
21a961a2-bbc2-11e8-b2bb-ac1f6b6435d0,4,4
21ac2094-bbb4-11e8-b2ba-ac1f6b6435d0,25 13 0,4
21ad8172-bb9c-11e8-b2b9-ac1f6b6435d0,25 4,4 25
21ae829a-bbbd-11e8-b2ba-ac1f6b6435d0,13 4 21,13 21
21afd642-bbc5-11e8-b2bc-ac1f6b6435d0,18 0,0 2
21b1551e-bba5-11e8-b2ba-ac1f6b6435d0,16 14 4,21
21b1a3a8-bbc7-11e8-b2bc-ac1f6b6435d0,25 18 17,17 18 25
21b58442-bba8-11e8-b2ba-ac1f6b6435d0,24,11 24
21b8b984-bbab-11e8-b2ba-ac1f6b6435d0,5,5
21b9261c-bbba-11e8-b2ba-ac1f6b6435d0,2,2
21becf30-bbc5-11e8-b2bc-ac1f6b6435d0,23,23
21c09f1c-bbbc-11e8-b2ba-ac1f6b6435d0,22,22
21c11ffa-bb9e-11e8-b2b9-ac1f6b6435d0,25 6 2,2 6 25
21c533c2-bbb4-11e8-b2ba-ac1f6b6435d0,7,7
21c542d4-bbac-11e8-b2ba-ac1f6b6435d0,19,19
21c5f3bc-bbbd-11e8-b2ba-ac1f6b6435d0,19 23,23
21c66634-bbc8-11e8-b2bc-ac1f6b6435d0,25 0,0 25
21c6a4ac-bbc1-11e8-b2bb-ac1f6b6435d0,0 21,0 25
21c840a4-bbc7-11e8-b2bc-ac1f6b6435d0,25,25
21c901d2-bbb9-11e8-b2ba-ac1f6b6435d0,21,21
21ca8da8-bbba-11e8-b2ba-ac1f6b6435d0,22 19,19 22
21cb9c2a-bbbf-11e8-b2ba-ac1f6b6435d0,25,0 25
21ceb526-bbb6-11e8-b2ba-ac1f6b6435d0,2 0,0 2
21d14f86-bbaf-11e8-b2ba-ac1f6b6435d0,25 2,2 21 25
21d1d3ea-bbad-11e8-b2ba-ac1f6b6435d0,12 25,25
21d73eb6-bbb2-11e8-b2ba-ac1f6b6435d0,6,6 23
21d88be4-bbae-11e8-b2ba-ac1f6b6435d0,2 0,0 2
21da5660-bbb1-11e8-b2ba-ac1f6b6435d0,25 21,21 25
21dc6a76-bbbc-11e8-b2ba-ac1f6b6435d0,25 0,0 21
21e10346-bb9a-11e8-b2b9-ac1f6b6435d0,0,0
21e3432a-bbbf-11e8-b2ba-ac1f6b6435d0,25 5 0,0 3 25
21e37a9c-bbca-11e8-b2bc-ac1f6b6435d0,3,3
21e49422-bbc5-11e8-b2bc-ac1f6b6435d0,25 0,0 25
21e4b6ce-bbba-11e8-b2ba-ac1f6b6435d0,25 11,25
21e7019a-bb9c-11e8-b2b9-ac1f6b6435d0,25 7,7 25
21eab8de-bbb1-11e8-b2ba-ac1f6b6435d0,2,2
21eb9482-bba9-11e8-b2ba-ac1f6b6435d0,6,0 23
21ee40f6-bbb3-11e8-b2ba-ac1f6b6435d0,23,23 25
21f12f04-bbc3-11e8-b2bc-ac1f6b6435d0,25 2,2 25
21f18d0c-bbb7-11e8-b2ba-ac1f6b6435d0,23 5,0
21f3ec6a-bbb6-11e8-b2ba-ac1f6b6435d0,25 0,0 25
21f4bb5a-bba6-11e8-b2ba-ac1f6b6435d0,2 0,0 2
21f99e68-bbc4-11e8-b2bc-ac1f6b6435d0,0,0
21fc1318-bbc0-11e8-b2bb-ac1f6b6435d0,18 5,18
21fe402c-bbc8-11e8-b2bc-ac1f6b6435d0,0,0
2201b6b6-bb9c-11e8-b2b9-ac1f6b6435d0,7 0,0 7
220598d8-bbb2-11e8-b2ba-ac1f6b6435d0,13 0,0 13
220a73dc-bbc9-11e8-b2bc-ac1f6b6435d0,12 23 2,2
220adaaa-bbb2-11e8-b2ba-ac1f6b6435d0,0,0 25
220c9564-bba5-11e8-b2ba-ac1f6b6435d0,7 0,0 7
220da274-bbb4-11e8-b2ba-ac1f6b6435d0,0 21,0 21
22103c40-bbba-11e8-b2ba-ac1f6b6435d0,5,3
2213790c-bbae-11e8-b2ba-ac1f6b6435d0,4,4
221480dc-bba3-11e8-b2b9-ac1f6b6435d0,16 14 4,0 16
2215f4c6-bba8-11e8-b2ba-ac1f6b6435d0,7,7
2216c7ca-bbad-11e8-b2ba-ac1f6b6435d0,23 5 3,0 3 23
22178f56-bb9a-11e8-b2b9-ac1f6b6435d0,25 0,0 25
22191a6c-bbbb-11e8-b2ba-ac1f6b6435d0,12 4 21,4 12 21
221c7b4e-bbc5-11e8-b2bc-ac1f6b6435d0,5,5
221d01a0-bbc9-11e8-b2bc-ac1f6b6435d0,2 0,0 2
221e26e2-bbc5-11e8-b2bc-ac1f6b6435d0,23,23
22200324-bbaa-11e8-b2ba-ac1f6b6435d0,7 0,7
2220d944-bbb8-11e8-b2ba-ac1f6b6435d0,12 23 0,0 12
222108c2-bbab-11e8-b2ba-ac1f6b6435d0,0 21,0
22214bba-bb9d-11e8-b2b9-ac1f6b6435d0,22 0,0 22
222300f0-bbab-11e8-b2ba-ac1f6b6435d0,4,4
222409b0-bba0-11e8-b2b9-ac1f6b6435d0,11 0,0 11
22264dca-bbc2-11e8-b2bb-ac1f6b6435d0,23 0,0 23
2228ff5a-bbbf-11e8-b2ba-ac1f6b6435d0,25 0,4 25
2229cd4e-bbca-11e8-b2bc-ac1f6b6435d0,0 21,0 21
222abc14-bbc9-11e8-b2bc-ac1f6b6435d0,4,4
222c67ea-bbbe-11e8-b2ba-ac1f6b6435d0,7,7
2237c76c-bb9a-11e8-b2b9-ac1f6b6435d0,21,21 25
2238d60a-bba1-11e8-b2b9-ac1f6b6435d0,18 0,0
223d3464-bbc1-11e8-b2bb-ac1f6b6435d0,25 0,0 25
223e0ffe-bbc3-11e8-b2bc-ac1f6b6435d0,25 0,25
2240be96-bbca-11e8-b2bc-ac1f6b6435d0,0,0
22421830-bbb7-11e8-b2ba-ac1f6b6435d0,7,5 7 21
224598ea-bbc4-11e8-b2bc-ac1f6b6435d0,5,5
22476e30-bbac-11e8-b2ba-ac1f6b6435d0,18 2,5
2249965e-bba4-11e8-b2b9-ac1f6b6435d0,12,12
224ae676-bba9-11e8-b2ba-ac1f6b6435d0,26,26
224fa0c8-bb9d-11e8-b2b9-ac1f6b6435d0,25,25
22507b04-bbae-11e8-b2ba-ac1f6b6435d0,25 0,0 25
2250e7ec-bbbd-11e8-b2ba-ac1f6b6435d0,25 0,0
22542e9c-bbaa-11e8-b2ba-ac1f6b6435d0,23,23
22546860-bbbb-11e8-b2ba-ac1f6b6435d0,6,24
225665a8-bbc4-11e8-b2bc-ac1f6b6435d0,11 21,11 21
22574640-bbb9-11e8-b2ba-ac1f6b6435d0,0,0
225ad1f4-bbbc-11e8-b2ba-ac1f6b6435d0,21,21
225c1c9a-bbb1-11e8-b2ba-ac1f6b6435d0,0 21,17 18 25
225e4608-bbc7-11e8-b2bc-ac1f6b6435d0,25,0 25
226005f0-bbb9-11e8-b2ba-ac1f6b6435d0,22,13 22
2261979e-bbc8-11e8-b2bc-ac1f6b6435d0,25 23,25
2262b064-bbbb-11e8-b2ba-ac1f6b6435d0,6,6
22640686-bbb0-11e8-b2ba-ac1f6b6435d0,1,1 25
2266b284-bbc7-11e8-b2bc-ac1f6b6435d0,19 25,19
22677726-bba6-11e8-b2ba-ac1f6b6435d0,25,25
2268275c-bbab-11e8-b2ba-ac1f6b6435d0,0,0 25
226882e6-bba2-11e8-b2b9-ac1f6b6435d0,25 0,21
226a63a6-bb9b-11e8-b2b9-ac1f6b6435d0,5,5
2270a5b8-bba5-11e8-b2ba-ac1f6b6435d0,5 0,0 5
22713fa6-bbae-11e8-b2ba-ac1f6b6435d0,7 0,0 7 20
22731788-bb9d-11e8-b2b9-ac1f6b6435d0,25 2,2 25
22767c32-bbae-11e8-b2ba-ac1f6b6435d0,25,25
2277b89c-bba7-11e8-b2ba-ac1f6b6435d0,5 0,0 5
227a4ca2-bbab-11e8-b2ba-ac1f6b6435d0,5,0 25
227cfad4-bba0-11e8-b2b9-ac1f6b6435d0,2 0,0 2
227d0eba-bbab-11e8-b2ba-ac1f6b6435d0,5,19
227e7508-bb9b-11e8-b2b9-ac1f6b6435d0,12 19 25,12 19 25
22807c72-bba5-11e8-b2ba-ac1f6b6435d0,14,14
2281cac2-bbc4-11e8-b2bc-ac1f6b6435d0,25,25
228d426c-bba6-11e8-b2ba-ac1f6b6435d0,3,3
228d86aa-bba1-11e8-b2b9-ac1f6b6435d0,25 0,0 25
228f7f08-bbc1-11e8-b2bb-ac1f6b6435d0,0,0 5
2290b3ba-bbb1-11e8-b2ba-ac1f6b6435d0,2,2
2293ade4-bbbc-11e8-b2ba-ac1f6b6435d0,19,21
2294df0c-bbbc-11e8-b2ba-ac1f6b6435d0,3 0,0 3
2295c908-bba3-11e8-b2b9-ac1f6b6435d0,16 25,16 25
2297f9be-bbab-11e8-b2ba-ac1f6b6435d0,0,0 5
2298264c-bbb4-11e8-b2ba-ac1f6b6435d0,4,4
22985df2-bb9f-11e8-b2b9-ac1f6b6435d0,1 0,0 1
229887d6-bbc3-11e8-b2bc-ac1f6b6435d0,23,23
229d8008-bbb7-11e8-b2ba-ac1f6b6435d0,7,7
229de18a-bba6-11e8-b2ba-ac1f6b6435d0,4,4
229f2812-bbc2-11e8-b2bb-ac1f6b6435d0,0,0 21
22a01e0c-bba4-11e8-b2b9-ac1f6b6435d0,7,7
22a105c6-bbbb-11e8-b2ba-ac1f6b6435d0,5,4 5
22a212b4-bbbf-11e8-b2ba-ac1f6b6435d0,22 21,21 22
22a3fb08-bba9-11e8-b2ba-ac1f6b6435d0,25 23 0,25
22a513d8-bbab-11e8-b2ba-ac1f6b6435d0,23,23
22a82734-bba7-11e8-b2ba-ac1f6b6435d0,7 4,4
22a9b216-bbb6-11e8-b2ba-ac1f6b6435d0,11,11
22b0a818-bbad-11e8-b2ba-ac1f6b6435d0,21,21 25
22b246b4-bbb2-11e8-b2ba-ac1f6b6435d0,7,0 20 23
22b2a656-bba1-11e8-b2b9-ac1f6b6435d0,25 0,0 16 25
22b5b7a6-bbb0-11e8-b2ba-ac1f6b6435d0,23,23
22b6a1c6-bbc3-11e8-b2bc-ac1f6b6435d0,7,7
22b76a50-bba7-11e8-b2ba-ac1f6b6435d0,0,0
22b9257e-bba3-11e8-b2b9-ac1f6b6435d0,2,2
22b96688-bba3-11e8-b2b9-ac1f6b6435d0,25 11 0,0 25
22b9c710-bb9c-11e8-b2b9-ac1f6b6435d0,6,25
22bd2ad8-bbc7-11e8-b2bc-ac1f6b6435d0,7,0 7
22c13a4c-bbbd-11e8-b2ba-ac1f6b6435d0,12,12
22c42d72-bbb0-11e8-b2ba-ac1f6b6435d0,25,25
22c49008-bb9e-11e8-b2b9-ac1f6b6435d0,23 0,0 23
22c521f2-bbbd-11e8-b2ba-ac1f6b6435d0,2 0,0 2 25
22c654bc-bba1-11e8-b2b9-ac1f6b6435d0,18,18
22c853ca-bba1-11e8-b2b9-ac1f6b6435d0,2 0,0 2 25
22c85eb4-bbac-11e8-b2ba-ac1f6b6435d0,25 11,5 11
22c8c5fe-bbaf-11e8-b2ba-ac1f6b6435d0,25 0,25
22d0c42c-bba3-11e8-b2b9-ac1f6b6435d0,21,21
22d15c92-bbb8-11e8-b2ba-ac1f6b6435d0,25 0,0
22d1ecec-bbbe-11e8-b2ba-ac1f6b6435d0,0 21,0 21
22d41734-bba9-11e8-b2ba-ac1f6b6435d0,3,2 3
22d496d4-bbb1-11e8-b2ba-ac1f6b6435d0,2,2 25
22d551fc-bba5-11e8-b2ba-ac1f6b6435d0,25 21,21
22dbb108-bba7-11e8-b2ba-ac1f6b6435d0,21,21
22dbcd20-bb9b-11e8-b2b9-ac1f6b6435d0,1,1
22e0e99a-bba0-11e8-b2b9-ac1f6b6435d0,5,19
22e30ac0-bbac-11e8-b2ba-ac1f6b6435d0,0,0
22e3455a-bba5-11e8-b2ba-ac1f6b6435d0,19 0,5
22e3561a-bbbb-11e8-b2ba-ac1f6b6435d0,25 18,18 19 25
22e3c650-bbba-11e8-b2ba-ac1f6b6435d0,21,21
22e4d170-bbb1-11e8-b2ba-ac1f6b6435d0,25,5 25
22e53866-bb9f-11e8-b2b9-ac1f6b6435d0,0,19
22ee5414-bbb3-11e8-b2ba-ac1f6b6435d0,0 21,0
22f21fd8-bbca-11e8-b2bc-ac1f6b6435d0,25 4,4
22f309d4-bbb1-11e8-b2ba-ac1f6b6435d0,4,4
22f583c6-bbca-11e8-b2bc-ac1f6b6435d0,2 0,0 2
22f61d6e-bb9c-11e8-b2b9-ac1f6b6435d0,26,24
22f8a470-bbb1-11e8-b2ba-ac1f6b6435d0,4,4
22fa334a-bba1-11e8-b2b9-ac1f6b6435d0,16 14,14 16
22fc4510-bbb3-11e8-b2ba-ac1f6b6435d0,19 3 0,0 19
22feab60-bbbe-11e8-b2ba-ac1f6b6435d0,0,0
22ff1eea-bba7-11e8-b2ba-ac1f6b6435d0,12,12
23016bbe-bbac-11e8-b2ba-ac1f6b6435d0,6,6
2302f7e6-bbb0-11e8-b2ba-ac1f6b6435d0,2 0,0
2304f58e-bba9-11e8-b2ba-ac1f6b6435d0,18,19
230812d2-bbb3-11e8-b2ba-ac1f6b6435d0,25 0,0 25
23093726-bbc1-11e8-b2bb-ac1f6b6435d0,2 0,0 2
230b581e-bba6-11e8-b2ba-ac1f6b6435d0,19 0,0
230b9414-bbbf-11e8-b2ba-ac1f6b6435d0,11,11
230d7dac-bbb4-11e8-b2ba-ac1f6b6435d0,7 0,0 7
230d83e6-bbba-11e8-b2ba-ac1f6b6435d0,7,25
230f059c-bbc2-11e8-b2bb-ac1f6b6435d0,14,14
2313573a-bbab-11e8-b2ba-ac1f6b6435d0,4,4
23157940-bbbd-11e8-b2ba-ac1f6b6435d0,4,4
23162e5c-bbc8-11e8-b2bc-ac1f6b6435d0,25 0,0 25
23177d44-bbc2-11e8-b2bb-ac1f6b6435d0,3,5
2317de66-bbbc-11e8-b2ba-ac1f6b6435d0,22 21,22
231992e0-bbaf-11e8-b2ba-ac1f6b6435d0,24 4,4 24
231d3194-bbbd-11e8-b2ba-ac1f6b6435d0,2,2
231f053e-bbc5-11e8-b2bc-ac1f6b6435d0,16 2 0,0 2 16
231f57ee-bbc2-11e8-b2bb-ac1f6b6435d0,0 21,0 21
231ff79e-bb9f-11e8-b2b9-ac1f6b6435d0,25 0,23 25
23224ab2-bba4-11e8-b2b9-ac1f6b6435d0,23,23
232342b4-bb9f-11e8-b2b9-ac1f6b6435d0,25 0 21,0 21
2323be60-bbb8-11e8-b2ba-ac1f6b6435d0,6,6
2328f570-bbbc-11e8-b2ba-ac1f6b6435d0,25 13 0,0 21
232b0632-bbc9-11e8-b2bc-ac1f6b6435d0,25 5,0 25
232c61f8-bbba-11e8-b2ba-ac1f6b6435d0,2,2
232e36de-bbc1-11e8-b2bb-ac1f6b6435d0,11,11
232f071a-bbc8-11e8-b2bc-ac1f6b6435d0,0,0
232f21a0-bba5-11e8-b2ba-ac1f6b6435d0,1 2 0,0 1 2
2331a1c6-bb9d-11e8-b2b9-ac1f6b6435d0,19,19
23340bc2-bbc6-11e8-b2bc-ac1f6b6435d0,7,7
233504d8-bbb6-11e8-b2ba-ac1f6b6435d0,5,5
233721a2-bba0-11e8-b2b9-ac1f6b6435d0,3,3
233a0498-bbc9-11e8-b2bc-ac1f6b6435d0,14,14
233d762e-bbc8-11e8-b2bc-ac1f6b6435d0,25 4 2,2 5 25
233fc090-bbb0-11e8-b2ba-ac1f6b6435d0,5,0 5
2341932c-bb9a-11e8-b2b9-ac1f6b6435d0,14 0,0 14
23433a80-bbac-11e8-b2ba-ac1f6b6435d0,25 0,0 25
2346dc84-bbad-11e8-b2ba-ac1f6b6435d0,25 5,5 25
2348db2a-bb9d-11e8-b2b9-ac1f6b6435d0,0,0
23495b68-bbac-11e8-b2ba-ac1f6b6435d0,0,0 25
234cf714-bba2-11e8-b2b9-ac1f6b6435d0,19 0,0 19
234db996-bba3-11e8-b2b9-ac1f6b6435d0,7,7
2355db38-bbc3-11e8-b2bc-ac1f6b6435d0,25 3 0,0 3
2355e5ea-bbb6-11e8-b2ba-ac1f6b6435d0,0,0
235bb9aa-bbbd-11e8-b2ba-ac1f6b6435d0,19,19
235c5ec4-bb9e-11e8-b2b9-ac1f6b6435d0,25 11 3,3 25
235e9fc2-bbad-11e8-b2ba-ac1f6b6435d0,25 0,0 25
2363a9b0-bbb0-11e8-b2ba-ac1f6b6435d0,13,13 22
2366e556-bba8-11e8-b2ba-ac1f6b6435d0,25,6
23672896-bba2-11e8-b2b9-ac1f6b6435d0,5 21,5
23681a5a-bba0-11e8-b2b9-ac1f6b6435d0,25 0 21,0 21 25
23693f42-bbb0-11e8-b2ba-ac1f6b6435d0,4,4
236dd3dc-bba0-11e8-b2b9-ac1f6b6435d0,4,4
2372268a-bbc8-11e8-b2bc-ac1f6b6435d0,26 0,0 26
23722a9e-bbab-11e8-b2ba-ac1f6b6435d0,19 14,14
2373402c-bbbb-11e8-b2ba-ac1f6b6435d0,25 0,0 25
23738388-bbbc-11e8-b2ba-ac1f6b6435d0,0,25
237554c2-bbb9-11e8-b2ba-ac1f6b6435d0,26 0,25
2378c180-bb9a-11e8-b2b9-ac1f6b6435d0,1 0,0 1
237c6484-bbb3-11e8-b2ba-ac1f6b6435d0,3,3
237cb370-bbc3-11e8-b2bc-ac1f6b6435d0,7 0,0 7 21
23837d58-bbba-11e8-b2ba-ac1f6b6435d0,6 21,1 6
2384acac-bbae-11e8-b2ba-ac1f6b6435d0,25 2 0,0 2 25
23854174-bbc9-11e8-b2bc-ac1f6b6435d0,4,4
2387d3e6-bb9f-11e8-b2b9-ac1f6b6435d0,0,0 25
238fe72e-bba5-11e8-b2ba-ac1f6b6435d0,22,21 22
2399e960-bbb7-11e8-b2ba-ac1f6b6435d0,12 21,21 25
239b49f8-bbb3-11e8-b2ba-ac1f6b6435d0,5,5
239bf182-bbc2-11e8-b2bb-ac1f6b6435d0,2 0,0 2
239d75da-bbbc-11e8-b2ba-ac1f6b6435d0,25 14,25
239d7716-bbac-11e8-b2ba-ac1f6b6435d0,25 0,0 25
239f0bc4-bbb3-11e8-b2ba-ac1f6b6435d0,0,0 16 25
23a0fae4-bb9d-11e8-b2b9-ac1f6b6435d0,21,22
23a1b34c-bba4-11e8-b2b9-ac1f6b6435d0,25 5 21,4 25
23a4ec7a-bbb2-11e8-b2ba-ac1f6b6435d0,6,6
23a8dd90-bbc0-11e8-b2bb-ac1f6b6435d0,25,25
23a97c08-bbae-11e8-b2ba-ac1f6b6435d0,19 1,1 2 25
23ae968a-bba3-11e8-b2b9-ac1f6b6435d0,1,0 1 25
23b17826-bbc8-11e8-b2bc-ac1f6b6435d0,5 0,0 5
23b60cae-bbc0-11e8-b2bb-ac1f6b6435d0,5,5
23b63af4-bba6-11e8-b2ba-ac1f6b6435d0,14,14
23b87bd2-bbc6-11e8-b2bc-ac1f6b6435d0,6,6
23b95acc-bbb5-11e8-b2ba-ac1f6b6435d0,11,11
23bd890e-bbb9-11e8-b2ba-ac1f6b6435d0,21,25
23be36aa-bbba-11e8-b2ba-ac1f6b6435d0,2 0,0 2
23c42a96-bbb6-11e8-b2ba-ac1f6b6435d0,7,7
23c4f42e-bbae-11e8-b2ba-ac1f6b6435d0,11 2,11
23c65b04-bbc5-11e8-b2bc-ac1f6b6435d0,7,7
23c74dba-bbb7-11e8-b2ba-ac1f6b6435d0,2 0,0 2
23c8cc60-bbb9-11e8-b2ba-ac1f6b6435d0,21,21
23c8ff76-bba2-11e8-b2b9-ac1f6b6435d0,25 3,3 25
23cd2210-bba5-11e8-b2ba-ac1f6b6435d0,26 0,0 25
23cdd5ee-bba9-11e8-b2ba-ac1f6b6435d0,12 0,0 12
23d707a2-bbc4-11e8-b2bc-ac1f6b6435d0,2 0,2
23d7b210-bbab-11e8-b2ba-ac1f6b6435d0,25 5,5 25
23d8d75c-bbb6-11e8-b2ba-ac1f6b6435d0,11,11
23db568e-bb9e-11e8-b2b9-ac1f6b6435d0,25,16 17
23dbb80e-bbb7-11e8-b2ba-ac1f6b6435d0,12 0,26
23dbd640-bbad-11e8-b2ba-ac1f6b6435d0,19 0,0 19
23e06470-bbb8-11e8-b2ba-ac1f6b6435d0,25 0,0 25
23e0a6a4-bbba-11e8-b2ba-ac1f6b6435d0,2 0,0
23e2b0b6-bbab-11e8-b2ba-ac1f6b6435d0,11,11
23e3fcc8-bbab-11e8-b2ba-ac1f6b6435d0,25 0,0 21
23e72682-bbb5-11e8-b2ba-ac1f6b6435d0,1 3 0,1 3
23e76e20-bbc5-11e8-b2bc-ac1f6b6435d0,19 0,0 25
23eaf4dc-bba7-11e8-b2ba-ac1f6b6435d0,25,18 25
23ee3fe2-bbc6-11e8-b2bc-ac1f6b6435d0,23,23
23f1ccaa-bbaa-11e8-b2ba-ac1f6b6435d0,2 0,0 21
23f39f3a-bbb9-11e8-b2ba-ac1f6b6435d0,25 3 21,3 25
23f71af8-bba4-11e8-b2b9-ac1f6b6435d0,6,6
23f7dc6a-bbbb-11e8-b2ba-ac1f6b6435d0,18 0,0 18
23fa6c9a-bb9e-11e8-b2b9-ac1f6b6435d0,13 0 21,0 13
23fbbf8c-bbb2-11e8-b2ba-ac1f6b6435d0,17 0,0
23fdf804-bbaa-11e8-b2ba-ac1f6b6435d0,21,21
23fee820-bbc5-11e8-b2bc-ac1f6b6435d0,0 21,21
24033a50-bbbc-11e8-b2ba-ac1f6b6435d0,12,12 25
2403615a-bbae-11e8-b2ba-ac1f6b6435d0,25 6 3 0,3 25
24064e74-bba9-11e8-b2ba-ac1f6b6435d0,2,23
24074f3e-bbb0-11e8-b2ba-ac1f6b6435d0,0 21,0 21
2408842a-bbbb-11e8-b2ba-ac1f6b6435d0,11,11
2408a74a-bbaf-11e8-b2ba-ac1f6b6435d0,7 0,0 7
24098304-bbb4-11e8-b2ba-ac1f6b6435d0,11,11
240b0e18-bbaa-11e8-b2ba-ac1f6b6435d0,0,0
240e9a14-bbbf-11e8-b2ba-ac1f6b6435d0,19 1 0,0 19
2410c6c4-bb9a-11e8-b2b9-ac1f6b6435d0,2 0,0 2
2413144a-bbc4-11e8-b2bc-ac1f6b6435d0,25,25
2413ad36-bba8-11e8-b2ba-ac1f6b6435d0,2 0,0 2
2414194c-bbb7-11e8-b2ba-ac1f6b6435d0,25,25
241aee48-bbc1-11e8-b2bb-ac1f6b6435d0,6,6
242598a0-bba5-11e8-b2ba-ac1f6b6435d0,14,14
2426130c-bbb4-11e8-b2ba-ac1f6b6435d0,7 0 21,7
24262238-bbc4-11e8-b2bc-ac1f6b6435d0,21,0 21
242786a0-bbbf-11e8-b2ba-ac1f6b6435d0,24 0,24
242851ba-bbc5-11e8-b2bc-ac1f6b6435d0,23,23
24297bee-bbb6-11e8-b2ba-ac1f6b6435d0,19,19
242f0c2c-bbbf-11e8-b2ba-ac1f6b6435d0,1 4 2 0,0 2
242f201e-bbbe-11e8-b2ba-ac1f6b6435d0,7,7
24308fea-bbb3-11e8-b2ba-ac1f6b6435d0,5,4
2432003e-bbca-11e8-b2bc-ac1f6b6435d0,25 1 0,0 25
2436b242-bbb5-11e8-b2ba-ac1f6b6435d0,23,6 23
2438eb58-bbaf-11e8-b2ba-ac1f6b6435d0,12 25 0,0 25
24394c80-bba8-11e8-b2ba-ac1f6b6435d0,25 0,0 25
243db78a-bbb1-11e8-b2ba-ac1f6b6435d0,23,23
2441f040-bbbe-11e8-b2ba-ac1f6b6435d0,17 0,0
2444994c-bba2-11e8-b2b9-ac1f6b6435d0,0,0
2446f970-bba8-11e8-b2ba-ac1f6b6435d0,5,5
24534e6a-bbc5-11e8-b2bc-ac1f6b6435d0,25 0,0 25
2454e74a-bbc8-11e8-b2bc-ac1f6b6435d0,0,0
2454fb88-bb9e-11e8-b2b9-ac1f6b6435d0,4,4
2458af7e-bba0-11e8-b2b9-ac1f6b6435d0,4 2,2 4
24595044-bba7-11e8-b2ba-ac1f6b6435d0,0,0
245abe2a-bbca-11e8-b2bc-ac1f6b6435d0,9,20 26
245d66a2-bbca-11e8-b2bc-ac1f6b6435d0,19 0,19
245e533c-bbb1-11e8-b2ba-ac1f6b6435d0,7 2 0,0 7
245e8274-bbbd-11e8-b2ba-ac1f6b6435d0,4 0,0
2462ae62-bba4-11e8-b2b9-ac1f6b6435d0,5,5
246b7f90-bba6-11e8-b2ba-ac1f6b6435d0,5,5
246c4c46-bba5-11e8-b2ba-ac1f6b6435d0,4,4
246c6e42-bbb4-11e8-b2ba-ac1f6b6435d0,25,25
246f9b14-bb9e-11e8-b2b9-ac1f6b6435d0,5,0
2470ea44-bbaa-11e8-b2ba-ac1f6b6435d0,23,23
24710942-bb9c-11e8-b2b9-ac1f6b6435d0,12,12
247488c2-bbc1-11e8-b2bb-ac1f6b6435d0,23 0,0 7
2474c6dc-bbb9-11e8-b2ba-ac1f6b6435d0,19,19
2475680c-bbb5-11e8-b2ba-ac1f6b6435d0,22 2 0,0 22
2477e43a-bbbd-11e8-b2ba-ac1f6b6435d0,25 0,0 25
24787fde-bbbe-11e8-b2ba-ac1f6b6435d0,7,7
247bb3d0-bbb3-11e8-b2ba-ac1f6b6435d0,26,26
247be7ae-bbc4-11e8-b2bc-ac1f6b6435d0,25 0,21 25
247e832e-bbc9-11e8-b2bc-ac1f6b6435d0,0 21,0 1 21
2480d9ae-bba5-11e8-b2ba-ac1f6b6435d0,7,7
24839e0c-bba8-11e8-b2ba-ac1f6b6435d0,25 0,5 25
24847b2a-bbc0-11e8-b2bb-ac1f6b6435d0,0,0
2488b452-bbab-11e8-b2ba-ac1f6b6435d0,25 0,0 25
2488fc40-bba2-11e8-b2b9-ac1f6b6435d0,2,2
2489a77c-bbb0-11e8-b2ba-ac1f6b6435d0,1,1
248ee90e-bbc3-11e8-b2bc-ac1f6b6435d0,25 21,21 22 25
24904a70-bba4-11e8-b2b9-ac1f6b6435d0,0,0
2491e042-bbb8-11e8-b2ba-ac1f6b6435d0,3 0,0 2
24941602-bbc0-11e8-b2bb-ac1f6b6435d0,25,25
249687f6-bbad-11e8-b2ba-ac1f6b6435d0,3,3
2497875e-bb9a-11e8-b2b9-ac1f6b6435d0,24 22 0,0 7
249bf67c-bbc2-11e8-b2bb-ac1f6b6435d0,0,0
249ec098-bbc0-11e8-b2bb-ac1f6b6435d0,25 2,0 2 25
249f08e2-bbc4-11e8-b2bc-ac1f6b6435d0,12 4,4 12
24a507ee-bbb3-11e8-b2ba-ac1f6b6435d0,25 21,25
24a9b5f4-bba5-11e8-b2ba-ac1f6b6435d0,25 14,14 21 25
24aba2ce-bbb4-11e8-b2ba-ac1f6b6435d0,25 13,21 25
24ad391c-bbc9-11e8-b2bc-ac1f6b6435d0,25 5,0 25
24b4817a-bba8-11e8-b2ba-ac1f6b6435d0,4,4
24b51dbc-bbb0-11e8-b2ba-ac1f6b6435d0,11,11
24b9090e-bb9c-11e8-b2b9-ac1f6b6435d0,5,5
24ba12c6-bba7-11e8-b2ba-ac1f6b6435d0,0 21,0 21
24ba3da0-bbbb-11e8-b2ba-ac1f6b6435d0,4,4
24bab892-bbbc-11e8-b2ba-ac1f6b6435d0,4 0 21,5 25
24bbceae-bbc0-11e8-b2bb-ac1f6b6435d0,7,7 25
24bbcfc2-bbc4-11e8-b2bc-ac1f6b6435d0,23 2 0,0 2 23
24bce7c4-bbb8-11e8-b2ba-ac1f6b6435d0,5,5 25
24be21d8-bbc3-11e8-b2bc-ac1f6b6435d0,19 0,0
24c7e4e6-bbb1-11e8-b2ba-ac1f6b6435d0,0 21,0
24c9cf52-bbb3-11e8-b2ba-ac1f6b6435d0,1 2,1 2
24cacf7a-bbb7-11e8-b2ba-ac1f6b6435d0,19 0,0 19
24cbc5a8-bba6-11e8-b2ba-ac1f6b6435d0,23,23
24cc4602-bbb2-11e8-b2ba-ac1f6b6435d0,6,6
24cc8cf8-bba7-11e8-b2ba-ac1f6b6435d0,22,22
24cd0d96-bbb0-11e8-b2ba-ac1f6b6435d0,1 0,0 1
24cde886-bba3-11e8-b2b9-ac1f6b6435d0,25,26
24ceff42-bbb6-11e8-b2ba-ac1f6b6435d0,7,7 25
24cfc470-bbc2-11e8-b2bb-ac1f6b6435d0,7 16 0,0 7 16
24d054d4-bbaf-11e8-b2ba-ac1f6b6435d0,5,5
24d1a87c-bbc1-11e8-b2bb-ac1f6b6435d0,2,2
24d1b9a2-bbad-11e8-b2ba-ac1f6b6435d0,12,12
24daf5b6-bb9a-11e8-b2b9-ac1f6b6435d0,24,0 11 24
24dca4fc-bbc6-11e8-b2bc-ac1f6b6435d0,18,18
24e28970-bb9f-11e8-b2b9-ac1f6b6435d0,2 21,2 21
24e5d9ea-bba4-11e8-b2b9-ac1f6b6435d0,13,13
24e65516-bb9d-11e8-b2b9-ac1f6b6435d0,18 21,21
24e90ed4-bbc8-11e8-b2bc-ac1f6b6435d0,21,21
24ead9e8-bbbf-11e8-b2ba-ac1f6b6435d0,11 23,23 25
24eade06-bbbb-11e8-b2ba-ac1f6b6435d0,14,14
24eae5f4-bbac-11e8-b2ba-ac1f6b6435d0,25 7 0,0 7
24eb1c86-bbca-11e8-b2bc-ac1f6b6435d0,0,0
24eba596-bb9a-11e8-b2b9-ac1f6b6435d0,23 3,3 23
24ebeca6-bb9d-11e8-b2b9-ac1f6b6435d0,23,23
24ee9bce-bbc8-11e8-b2bc-ac1f6b6435d0,25 0,0 25
24ef7872-bba1-11e8-b2b9-ac1f6b6435d0,25 18,18
24f464e6-bbbe-11e8-b2ba-ac1f6b6435d0,25 5 2,25
24f48df2-bbb6-11e8-b2ba-ac1f6b6435d0,14,14
24f4fc62-bba5-11e8-b2ba-ac1f6b6435d0,25,25
24f7003e-bba0-11e8-b2b9-ac1f6b6435d0,21,0 25
24f797fe-bbbb-11e8-b2ba-ac1f6b6435d0,11,11
24fa6c86-bbca-11e8-b2bc-ac1f6b6435d0,1 3,0 1 3
250396aa-bbaa-11e8-b2ba-ac1f6b6435d0,2 0,0 2
2508b628-bbbc-11e8-b2ba-ac1f6b6435d0,25 4,4 25
250e3a48-bba9-11e8-b2ba-ac1f6b6435d0,12 21,12
250f2c26-bbb5-11e8-b2ba-ac1f6b6435d0,25 0,25
25158db4-bbbf-11e8-b2ba-ac1f6b6435d0,18 0,0 18 25
25169a96-bbca-11e8-b2bc-ac1f6b6435d0,0,0
251b38f2-bbb2-11e8-b2ba-ac1f6b6435d0,2,2
251cbc98-bba0-11e8-b2b9-ac1f6b6435d0,0,5
251f4e86-bbaf-11e8-b2ba-ac1f6b6435d0,0,0
25213972-bba9-11e8-b2ba-ac1f6b6435d0,12 25,12
252444e2-bbc6-11e8-b2bc-ac1f6b6435d0,25 7 0,0 7
2525a974-bbc9-11e8-b2bc-ac1f6b6435d0,19,19
25266122-bb9a-11e8-b2b9-ac1f6b6435d0,0,0
2526abd6-bbb9-11e8-b2ba-ac1f6b6435d0,18 0,0 18
2527cb22-bbc5-11e8-b2bc-ac1f6b6435d0,0 21,0 21 25
25288178-bba9-11e8-b2ba-ac1f6b6435d0,25 0,0 25
2529e4ac-bb9d-11e8-b2b9-ac1f6b6435d0,5,0 5
252decf4-bb9e-11e8-b2b9-ac1f6b6435d0,0,0
2533bcc2-bba5-11e8-b2ba-ac1f6b6435d0,0,0
253566d6-bbae-11e8-b2ba-ac1f6b6435d0,0 21,0 5 21
2535dd72-bba5-11e8-b2ba-ac1f6b6435d0,19,19
2537faa4-bba4-11e8-b2b9-ac1f6b6435d0,0,0
2537fbcc-bbb2-11e8-b2ba-ac1f6b6435d0,2 0,0 2
2541fbde-bbb4-11e8-b2ba-ac1f6b6435d0,25 5 2,2 25
25435bd0-bbb1-11e8-b2ba-ac1f6b6435d0,13 0 21,0 13 22
25443532-bbc0-11e8-b2bb-ac1f6b6435d0,2,2
25443924-bbc5-11e8-b2bc-ac1f6b6435d0,3,3
2545a5c6-bbbf-11e8-b2ba-ac1f6b6435d0,23,23
254934b0-bbb6-11e8-b2ba-ac1f6b6435d0,12 25,12 25
254c0872-bbc8-11e8-b2bc-ac1f6b6435d0,1 0,0 1
254d2608-bbbe-11e8-b2ba-ac1f6b6435d0,7 0,0 7
25510358-bb9c-11e8-b2b9-ac1f6b6435d0,18 5,0 18 25
25513c16-bbaa-11e8-b2ba-ac1f6b6435d0,25 21,21 25
255572ac-bbca-11e8-b2bc-ac1f6b6435d0,25,25
25594398-bbaf-11e8-b2ba-ac1f6b6435d0,19 25 0,0 19 25
255ef63a-bbb9-11e8-b2ba-ac1f6b6435d0,23,23
2560e4c6-bbc9-11e8-b2bc-ac1f6b6435d0,5,5
25615280-bbb0-11e8-b2ba-ac1f6b6435d0,7 0,0 7
25627036-bbb3-11e8-b2ba-ac1f6b6435d0,3,3
2563ace8-bbb4-11e8-b2ba-ac1f6b6435d0,5,5
2564d49e-bbb7-11e8-b2ba-ac1f6b6435d0,25 18 0,0 21
2564f31e-bba0-11e8-b2b9-ac1f6b6435d0,23,0 23
256e285e-bba9-11e8-b2ba-ac1f6b6435d0,19,0
2570ad40-bb9f-11e8-b2b9-ac1f6b6435d0,5,5
2570fea4-bb9e-11e8-b2b9-ac1f6b6435d0,23,23
257244b6-bbc2-11e8-b2bb-ac1f6b6435d0,0 21,21 25
2576c1d6-bbad-11e8-b2ba-ac1f6b6435d0,13,0
25771584-bb9c-11e8-b2b9-ac1f6b6435d0,14,14 25
257807cc-bbc5-11e8-b2bc-ac1f6b6435d0,22 25,22
257861a6-bbc8-11e8-b2bc-ac1f6b6435d0,25 0,0 22 25
2580fa40-bbb5-11e8-b2ba-ac1f6b6435d0,25 5 2,0 25
25813350-bbbc-11e8-b2ba-ac1f6b6435d0,2 0,0 2
258180b4-bbbf-11e8-b2ba-ac1f6b6435d0,4,0
2584a494-bbb8-11e8-b2ba-ac1f6b6435d0,25 0,0
258508f6-bbc9-11e8-b2bc-ac1f6b6435d0,0,0
2585dc96-bbc8-11e8-b2bc-ac1f6b6435d0,14 21,14 21
2586aafc-bbb1-11e8-b2ba-ac1f6b6435d0,7,0 7
2586f456-bbb8-11e8-b2ba-ac1f6b6435d0,14,2 14
258850ec-bba6-11e8-b2ba-ac1f6b6435d0,16 14 17,14 16 17
258a409e-bbc6-11e8-b2bc-ac1f6b6435d0,2 0 21,21
258b6f22-bbc7-11e8-b2bc-ac1f6b6435d0,25 0,0 25
258b83cc-bbc7-11e8-b2bc-ac1f6b6435d0,25 5,23 25
258b9126-bbb5-11e8-b2ba-ac1f6b6435d0,23 5,5 23
258d10d0-bbc6-11e8-b2bc-ac1f6b6435d0,21,25
258dcce6-bbad-11e8-b2ba-ac1f6b6435d0,25,25
259110f0-bbb6-11e8-b2ba-ac1f6b6435d0,25 21,21
2591b5a4-bbbc-11e8-b2ba-ac1f6b6435d0,21,21
25951c6a-bbaa-11e8-b2ba-ac1f6b6435d0,25 21,25
25951f04-bbb8-11e8-b2ba-ac1f6b6435d0,25,0 25
25953a56-bba0-11e8-b2b9-ac1f6b6435d0,3,3
259565aa-bbc1-11e8-b2bb-ac1f6b6435d0,5 0,5
25960cc6-bbad-11e8-b2ba-ac1f6b6435d0,25 21,21 25
25968874-bbab-11e8-b2ba-ac1f6b6435d0,4,4
25969fa6-bbb7-11e8-b2ba-ac1f6b6435d0,11,11
259ab000-bbb2-11e8-b2ba-ac1f6b6435d0,5,5
259ab92e-bbc6-11e8-b2bc-ac1f6b6435d0,25 2 0,0 24 25
259dd678-bbc0-11e8-b2bb-ac1f6b6435d0,5 0,0 5
259ee7ca-bbbb-11e8-b2ba-ac1f6b6435d0,20 23 0,23
25a945d4-bbc1-11e8-b2bb-ac1f6b6435d0,7,7 22
25aed5de-bbbd-11e8-b2ba-ac1f6b6435d0,19 25 0,0 19 25
25af585a-bba5-11e8-b2ba-ac1f6b6435d0,3 0,0 2 3
25b477ac-bbc5-11e8-b2bc-ac1f6b6435d0,1 2 0,0 2
25b66970-bbc7-11e8-b2bc-ac1f6b6435d0,23 3 0,0 23
25b73894-bbba-11e8-b2ba-ac1f6b6435d0,7,7
25be8544-bba7-11e8-b2ba-ac1f6b6435d0,0,0
25bfbfda-bbad-11e8-b2ba-ac1f6b6435d0,21,21
25c03f14-bbb2-11e8-b2ba-ac1f6b6435d0,25 13,13 21
25c31fb6-bbaf-11e8-b2ba-ac1f6b6435d0,12,12
25c382f2-bba6-11e8-b2ba-ac1f6b6435d0,4,4
25c53a90-bbb3-11e8-b2ba-ac1f6b6435d0,4 0,4
25c7ca58-bba9-11e8-b2ba-ac1f6b6435d0,23 0,23
25cc5a94-bbb0-11e8-b2ba-ac1f6b6435d0,19,19
25cedffe-bbb9-11e8-b2ba-ac1f6b6435d0,0 21,0 21 25
25d01b70-bba6-11e8-b2ba-ac1f6b6435d0,25,6
25d14fa6-bba9-11e8-b2ba-ac1f6b6435d0,4 21,4 21
25d35d9a-bbc3-11e8-b2bc-ac1f6b6435d0,0,0 25
25d4613e-bb9d-11e8-b2b9-ac1f6b6435d0,23,23
25d6e226-bbbe-11e8-b2ba-ac1f6b6435d0,23 0,0 23
25d9a444-bbc2-11e8-b2bb-ac1f6b6435d0,19 0,0 25
25dc4962-bbc5-11e8-b2bc-ac1f6b6435d0,3 0,0 3
25df4358-bbc3-11e8-b2bc-ac1f6b6435d0,3,3
25e07ffa-bbc0-11e8-b2bb-ac1f6b6435d0,20,25
25e24142-bbb5-11e8-b2ba-ac1f6b6435d0,0,0
25e25744-bbb6-11e8-b2ba-ac1f6b6435d0,3,3
25e2f304-bb9b-11e8-b2b9-ac1f6b6435d0,25,25
25e7b0d2-bbba-11e8-b2ba-ac1f6b6435d0,0 21,0 25
25e8577e-bbb2-11e8-b2ba-ac1f6b6435d0,25,25
25eca05a-bbca-11e8-b2bc-ac1f6b6435d0,14 2,2 14 25
25eee5b4-bbc4-11e8-b2bc-ac1f6b6435d0,23,23
25f1ec06-bb9b-11e8-b2b9-ac1f6b6435d0,7 4 21,4 25
25f2a91c-bbc7-11e8-b2bc-ac1f6b6435d0,25 2,2 25
25f388d8-bba8-11e8-b2ba-ac1f6b6435d0,2,2 25
25f9aa1e-bbb8-11e8-b2ba-ac1f6b6435d0,16 2 0,2
26008cc8-bbb6-11e8-b2ba-ac1f6b6435d0,25 7 0,0 7 25
2600f354-bbaf-11e8-b2ba-ac1f6b6435d0,25,5 25
2602a6ae-bbb9-11e8-b2ba-ac1f6b6435d0,25 0,25
2602fae8-bbb2-11e8-b2ba-ac1f6b6435d0,0 21,0 23
260937d8-bbb1-11e8-b2ba-ac1f6b6435d0,20 0,0
260a8424-bb9a-11e8-b2b9-ac1f6b6435d0,23,23
260ace10-bbbe-11e8-b2ba-ac1f6b6435d0,25 2 0,0 2 25
260ad954-bba1-11e8-b2b9-ac1f6b6435d0,7 0,0 7
260e4598-bbac-11e8-b2ba-ac1f6b6435d0,25 21,21 25
2611518c-bb9a-11e8-b2b9-ac1f6b6435d0,6 1 0,0 1 6
2611fd98-bbb9-11e8-b2ba-ac1f6b6435d0,25,21 25
26124a68-bba1-11e8-b2b9-ac1f6b6435d0,2 0,0 2
2613df82-bbaa-11e8-b2ba-ac1f6b6435d0,19 11 0,0 11
26147c52-bbab-11e8-b2ba-ac1f6b6435d0,25 0,0 25
26165ede-bba9-11e8-b2ba-ac1f6b6435d0,5 0,0 1 2
26178090-bba2-11e8-b2b9-ac1f6b6435d0,2,2
261c18f4-bbba-11e8-b2ba-ac1f6b6435d0,0 21,0 21
261e444a-bbaa-11e8-b2ba-ac1f6b6435d0,16 25 0,0
261e9f50-bbc6-11e8-b2bc-ac1f6b6435d0,4 0,4
26220998-bbac-11e8-b2ba-ac1f6b6435d0,25 21,21 25
2626a924-bbb3-11e8-b2ba-ac1f6b6435d0,25 0,0 19
2628fa0a-bbca-11e8-b2bc-ac1f6b6435d0,23,23
262aaf80-bb9d-11e8-b2b9-ac1f6b6435d0,0 21,0
262b50cc-bbc3-11e8-b2bc-ac1f6b6435d0,7,7
262f6060-bbb7-11e8-b2ba-ac1f6b6435d0,12 25 0,0 12 25
263106fa-bb9d-11e8-b2b9-ac1f6b6435d0,6,25
2632b0cc-bba2-11e8-b2b9-ac1f6b6435d0,0,0
26360920-bbac-11e8-b2ba-ac1f6b6435d0,7,7
26372cb4-bbb2-11e8-b2ba-ac1f6b6435d0,4,4
263d5244-bbb0-11e8-b2ba-ac1f6b6435d0,7 0,0 7
263deb9a-bb9d-11e8-b2b9-ac1f6b6435d0,25 0,0 25
263f9fc6-bbac-11e8-b2ba-ac1f6b6435d0,7 4,4 25
26401796-bbaf-11e8-b2ba-ac1f6b6435d0,4,4
26460ff0-bbbb-11e8-b2ba-ac1f6b6435d0,0,0 25
2646d5c2-bba0-11e8-b2b9-ac1f6b6435d0,23,23
26483e4e-bb9b-11e8-b2b9-ac1f6b6435d0,25 0,0 25
264bf066-bbaa-11e8-b2ba-ac1f6b6435d0,7 1 0,1 7
264bfc56-bbb8-11e8-b2ba-ac1f6b6435d0,23,23
26508610-bbb1-11e8-b2ba-ac1f6b6435d0,19 25,2 25
2652d4de-bbab-11e8-b2ba-ac1f6b6435d0,0 21,0
2652f340-bbc1-11e8-b2bb-ac1f6b6435d0,25 7,7
265574a2-bb9f-11e8-b2b9-ac1f6b6435d0,23,23
265670a0-bbb8-11e8-b2ba-ac1f6b6435d0,2,2
265a8e88-bbb8-11e8-b2ba-ac1f6b6435d0,0,0
265c5f90-bba1-11e8-b2b9-ac1f6b6435d0,12,12
26609920-bbc4-11e8-b2bc-ac1f6b6435d0,5,5
2662a198-bbb0-11e8-b2ba-ac1f6b6435d0,23,25
2664746c-bbb7-11e8-b2ba-ac1f6b6435d0,2 0,0 2
2664d9c8-bba5-11e8-b2ba-ac1f6b6435d0,25 2 0,0 2 25
26664f6c-bbb2-11e8-b2ba-ac1f6b6435d0,6,6
26697476-bba3-11e8-b2b9-ac1f6b6435d0,22 0 21,0 22
266b0b7c-bba0-11e8-b2b9-ac1f6b6435d0,21,21
266f22b0-bb9c-11e8-b2b9-ac1f6b6435d0,0,0
2671c214-bba0-11e8-b2b9-ac1f6b6435d0,23,23
2677fe5e-bbbe-11e8-b2ba-ac1f6b6435d0,7,7 25
26786c10-bbb7-11e8-b2ba-ac1f6b6435d0,0,0
267b06dc-bbb7-11e8-b2ba-ac1f6b6435d0,11 3 0,0 11
267c4ae8-bbb6-11e8-b2ba-ac1f6b6435d0,23 0,0 23
267cc2b8-bbc8-11e8-b2bc-ac1f6b6435d0,18 0,0 18
267d875c-bbb9-11e8-b2ba-ac1f6b6435d0,0 21,0 21
267d8b9a-bbae-11e8-b2ba-ac1f6b6435d0,3,0 3
267ed068-bbae-11e8-b2ba-ac1f6b6435d0,7 0,0 7
267f2e0e-bbaf-11e8-b2ba-ac1f6b6435d0,23,23
267f49c4-bbbf-11e8-b2ba-ac1f6b6435d0,25,25
26801b6e-bbbb-11e8-b2ba-ac1f6b6435d0,5 21,5 21
2688fb02-bbad-11e8-b2ba-ac1f6b6435d0,0 21,21
26890070-bbc1-11e8-b2bb-ac1f6b6435d0,1,1
268aa9f2-bba8-11e8-b2ba-ac1f6b6435d0,0,0
268b7a42-bbc8-11e8-b2bc-ac1f6b6435d0,26,25
268d064c-bbb3-11e8-b2ba-ac1f6b6435d0,0,0
268e705e-bb9a-11e8-b2b9-ac1f6b6435d0,25 4,4 25
268fee58-bba3-11e8-b2b9-ac1f6b6435d0,25 2,2 25
269025e2-bbaf-11e8-b2ba-ac1f6b6435d0,4,2 4
26913b24-bba7-11e8-b2ba-ac1f6b6435d0,19 0,0 18
2695c7dc-bbb8-11e8-b2ba-ac1f6b6435d0,7 0,7
269660e4-bb9e-11e8-b2b9-ac1f6b6435d0,25,7 25
269b2e0a-bbc9-11e8-b2bc-ac1f6b6435d0,7,7
269cc3d6-bba2-11e8-b2b9-ac1f6b6435d0,2,2
269cd2a0-bbab-11e8-b2ba-ac1f6b6435d0,25 0,0
269e1d06-bbc7-11e8-b2bc-ac1f6b6435d0,2,2
26a0a7ba-bbb3-11e8-b2ba-ac1f6b6435d0,7 0,21
26a0e4f6-bbc6-11e8-b2bc-ac1f6b6435d0,25 2 0,0 2 25
26a2fc20-bba6-11e8-b2ba-ac1f6b6435d0,25,3 25
26a3d1cc-bbc4-11e8-b2bc-ac1f6b6435d0,14,14
26a4590c-bbac-11e8-b2ba-ac1f6b6435d0,19 0 21,0 19 21
26a4c948-bba0-11e8-b2b9-ac1f6b6435d0,13 11,13
26aaf878-bba9-11e8-b2ba-ac1f6b6435d0,5 0,0 5
26ab618a-bb9c-11e8-b2b9-ac1f6b6435d0,13,0 13
26b23e7c-bba3-11e8-b2b9-ac1f6b6435d0,23,23
26b5c852-bbbd-11e8-b2ba-ac1f6b6435d0,16 0,26
26b5f8e6-bb9e-11e8-b2b9-ac1f6b6435d0,25 0,25
26bd20ba-bba0-11e8-b2b9-ac1f6b6435d0,16 25 17 0,0 16 17 25
26bd8418-bbb6-11e8-b2ba-ac1f6b6435d0,4,4
26bdcf90-bbc0-11e8-b2bb-ac1f6b6435d0,23 0,0 23
26be893e-bba8-11e8-b2ba-ac1f6b6435d0,25 7 0,25
26c3c5b2-bbbb-11e8-b2ba-ac1f6b6435d0,4,4
26c3cd14-bbb1-11e8-b2ba-ac1f6b6435d0,25 18 0,18
26c47c0a-bba7-11e8-b2ba-ac1f6b6435d0,22 0,0
26c8c94c-bb9b-11e8-b2b9-ac1f6b6435d0,19 25,19 25
26cd03f2-bbca-11e8-b2bc-ac1f6b6435d0,6,6
26cd4e34-bbc0-11e8-b2bb-ac1f6b6435d0,7,7
26cf8c74-bbb8-11e8-b2ba-ac1f6b6435d0,14 21,14 21
26d10e94-bbbf-11e8-b2ba-ac1f6b6435d0,3,3
26d33e16-bbb1-11e8-b2ba-ac1f6b6435d0,7,7
26d5f742-bba6-11e8-b2ba-ac1f6b6435d0,23,23
26d8715a-bba3-11e8-b2b9-ac1f6b6435d0,25 7 0 21,0 7
26dd1772-bba9-11e8-b2ba-ac1f6b6435d0,23 0,0 23
26ddb050-bbc3-11e8-b2bc-ac1f6b6435d0,21,21
26ddf514-bbc9-11e8-b2bc-ac1f6b6435d0,0,0
26e0a556-bbac-11e8-b2ba-ac1f6b6435d0,23,23
26e3503a-bbac-11e8-b2ba-ac1f6b6435d0,22,26
26e558ca-bbbc-11e8-b2ba-ac1f6b6435d0,25 7,7 25
26e5bc72-bbba-11e8-b2ba-ac1f6b6435d0,4,4
26e832fa-bb9b-11e8-b2b9-ac1f6b6435d0,18 0,0 18
26e90e6a-bb9a-11e8-b2b9-ac1f6b6435d0,6,6
26e97b44-bbbc-11e8-b2ba-ac1f6b6435d0,25 5,5 25
26eba05a-bbca-11e8-b2bc-ac1f6b6435d0,2 0,0 2
26ef54d0-bba6-11e8-b2ba-ac1f6b6435d0,25 18 17,25
26effe48-bba7-11e8-b2ba-ac1f6b6435d0,14 0,0 14 25
26f27b68-bbad-11e8-b2ba-ac1f6b6435d0,12 25 0,0 25
26f40624-bba6-11e8-b2ba-ac1f6b6435d0,25,6
26f4ee3a-bba7-11e8-b2ba-ac1f6b6435d0,23 0,0 23
26f77b8c-bbbb-11e8-b2ba-ac1f6b6435d0,25 0,0 25
26f8ffa6-bbad-11e8-b2ba-ac1f6b6435d0,26 16 2,2
26faa73a-bbb1-11e8-b2ba-ac1f6b6435d0,25 5,5 25
26fc8d18-bbc3-11e8-b2bc-ac1f6b6435d0,25 2 0,2
26ffb92a-bb9b-11e8-b2b9-ac1f6b6435d0,22 0,0 22
27018abc-bb9a-11e8-b2b9-ac1f6b6435d0,13 0,0 13
270441a6-bbb5-11e8-b2ba-ac1f6b6435d0,25 3 0,3
2705493c-bbbc-11e8-b2ba-ac1f6b6435d0,12 2,2
27076fd0-bbaf-11e8-b2ba-ac1f6b6435d0,25 3 0,0 3 25
2708c69a-bba1-11e8-b2b9-ac1f6b6435d0,25 14,14
270da912-bbb0-11e8-b2ba-ac1f6b6435d0,6,6
270df00a-bbc1-11e8-b2bb-ac1f6b6435d0,25 0,5 25
270e8eac-bb9e-11e8-b2b9-ac1f6b6435d0,5,5
2710b292-bbab-11e8-b2ba-ac1f6b6435d0,23,23
27113d92-bba2-11e8-b2b9-ac1f6b6435d0,23 2,2 23
2712f02a-bbbf-11e8-b2ba-ac1f6b6435d0,18 23 0 21,0 21 23
2714a7cc-bbbe-11e8-b2ba-ac1f6b6435d0,0 21,0 21
2714e904-bb9f-11e8-b2b9-ac1f6b6435d0,25 2 21,25
271944aa-bbbc-11e8-b2ba-ac1f6b6435d0,4,4
2719fe40-bb9e-11e8-b2b9-ac1f6b6435d0,19 0,0
271a9726-bbc4-11e8-b2bc-ac1f6b6435d0,1 0,0 1 25
271aea22-bbb1-11e8-b2ba-ac1f6b6435d0,25 18,25
271d05c2-bbc1-11e8-b2bb-ac1f6b6435d0,11 2 0,11 24
271f6ecc-bb9c-11e8-b2b9-ac1f6b6435d0,5 1,1 5
2720d564-bbc9-11e8-b2bc-ac1f6b6435d0,4,4
2722c2de-bba1-11e8-b2b9-ac1f6b6435d0,25 5 0,5 25
2722e696-bbb6-11e8-b2ba-ac1f6b6435d0,19 25 0,0 19
272313d8-bba1-11e8-b2b9-ac1f6b6435d0,16 21,21
2727262c-bbc3-11e8-b2bc-ac1f6b6435d0,23,0 23
272859ca-bb9b-11e8-b2b9-ac1f6b6435d0,25 1,1 25
272f131e-bbbe-11e8-b2ba-ac1f6b6435d0,5,5
27305330-bbca-11e8-b2bc-ac1f6b6435d0,25 18 14,25
2731021c-bbc5-11e8-b2bc-ac1f6b6435d0,25,25
2734487c-bbad-11e8-b2ba-ac1f6b6435d0,4,0 4
2734a248-bbaa-11e8-b2ba-ac1f6b6435d0,21,21
273c2726-bba4-11e8-b2b9-ac1f6b6435d0,19 0,25
27440888-bba4-11e8-b2b9-ac1f6b6435d0,2 0 21,0 2 25
2746c85a-bba1-11e8-b2b9-ac1f6b6435d0,14,14
27474e84-bbb9-11e8-b2ba-ac1f6b6435d0,2 0,0 2 5
274b7156-bbc0-11e8-b2bb-ac1f6b6435d0,6,25
274d0f7a-bbc5-11e8-b2bc-ac1f6b6435d0,25 7,7 25
274dc1f8-bba8-11e8-b2ba-ac1f6b6435d0,18 1,18
274e7214-bb9f-11e8-b2b9-ac1f6b6435d0,25 0,21 25
274ebdc0-bbc5-11e8-b2bc-ac1f6b6435d0,12 0,0 12 21
275070a8-bbba-11e8-b2ba-ac1f6b6435d0,24 5,5 24
2753d3c8-bbbb-11e8-b2ba-ac1f6b6435d0,5,4 5
275815f2-bbaa-11e8-b2ba-ac1f6b6435d0,0 21,0 21
275a47f2-bbad-11e8-b2ba-ac1f6b6435d0,25 21,5 21 25
275d9804-bbc0-11e8-b2bb-ac1f6b6435d0,0,0
275e9ece-bbc6-11e8-b2bc-ac1f6b6435d0,7 3 0,0 3
275eda3c-bbb3-11e8-b2ba-ac1f6b6435d0,0,0 25
2762cf32-bbab-11e8-b2ba-ac1f6b6435d0,13 18,13 22
2763356c-bbb5-11e8-b2ba-ac1f6b6435d0,0,5
2764aa12-bbc1-11e8-b2bb-ac1f6b6435d0,7 0,0 7
2765dc5c-bbbc-11e8-b2ba-ac1f6b6435d0,1 4,1 4
2767d744-bb9b-11e8-b2b9-ac1f6b6435d0,0,0
2767dd0e-bba8-11e8-b2ba-ac1f6b6435d0,6,6
276a84ec-bb9d-11e8-b2b9-ac1f6b6435d0,25 0 21,0 25
276ddcf4-bbc1-11e8-b2bb-ac1f6b6435d0,23,6
2772740e-bbac-11e8-b2ba-ac1f6b6435d0,25 7 2,25
277917de-bbb9-11e8-b2ba-ac1f6b6435d0,20 0,0 20
277d17da-bbaf-11e8-b2ba-ac1f6b6435d0,25 0,0 25
277e992a-bba5-11e8-b2ba-ac1f6b6435d0,23,23
277ea34e-bbae-11e8-b2ba-ac1f6b6435d0,23,23
277f4476-bba3-11e8-b2b9-ac1f6b6435d0,2,0 2
27819d02-bbb7-11e8-b2ba-ac1f6b6435d0,13,13
2788b370-bba4-11e8-b2b9-ac1f6b6435d0,25 2 21,2 21 25
278af18a-bbb8-11e8-b2ba-ac1f6b6435d0,19 0,0 19
278da2e6-bbad-11e8-b2ba-ac1f6b6435d0,0,0
278e448a-bba8-11e8-b2ba-ac1f6b6435d0,25 0,0 25
27901190-bbc9-11e8-b2bc-ac1f6b6435d0,12 25 21,21
279045cc-bbae-11e8-b2ba-ac1f6b6435d0,0,0
2791564c-bbc7-11e8-b2bc-ac1f6b6435d0,7 0,0 7
279706b6-bba7-11e8-b2ba-ac1f6b6435d0,25,6
279bb53e-bbb7-11e8-b2ba-ac1f6b6435d0,21,21
279bd808-bbbb-11e8-b2ba-ac1f6b6435d0,4,4
279e67ce-bbc7-11e8-b2bc-ac1f6b6435d0,20,20
27a0884c-bbb3-11e8-b2ba-ac1f6b6435d0,4,4
27a18834-bb9d-11e8-b2b9-ac1f6b6435d0,14,21
27a52c7e-bbb0-11e8-b2ba-ac1f6b6435d0,12,12
27ae7dda-bbae-11e8-b2ba-ac1f6b6435d0,0,0
27b484b2-bb9c-11e8-b2b9-ac1f6b6435d0,0 21,0
27b68bc4-bba9-11e8-b2ba-ac1f6b6435d0,22 21,22
27b6a964-bba0-11e8-b2b9-ac1f6b6435d0,19,18 19
27b92880-bbbc-11e8-b2ba-ac1f6b6435d0,23 0,4
27bf3a80-bbc2-11e8-b2bb-ac1f6b6435d0,7 0 21,0 7 21
27c17e44-bbb3-11e8-b2ba-ac1f6b6435d0,19 0,0 19
27c1e3d8-bbaf-11e8-b2ba-ac1f6b6435d0,0 21,0
27c40576-bb9d-11e8-b2b9-ac1f6b6435d0,0,0 25
27c6ace2-bbc8-11e8-b2bc-ac1f6b6435d0,5 21,18 21
27c6e338-bb9b-11e8-b2b9-ac1f6b6435d0,2,0
27c998f8-bbb4-11e8-b2ba-ac1f6b6435d0,3,3
27c9f25e-bbc7-11e8-b2bc-ac1f6b6435d0,4,4
27cb5cd6-bba7-11e8-b2ba-ac1f6b6435d0,25 3,3 25
27cbb1b2-bbb2-11e8-b2ba-ac1f6b6435d0,3 0,3
27cea68e-bbc5-11e8-b2bc-ac1f6b6435d0,25 1,1 25
27d1c5fc-bbad-11e8-b2ba-ac1f6b6435d0,19 2 0,0 2 19
27d3f3dc-bb9d-11e8-b2b9-ac1f6b6435d0,0,0
27d56908-bbaf-11e8-b2ba-ac1f6b6435d0,25 4,4 25
27d5bd98-bb9d-11e8-b2b9-ac1f6b6435d0,2,0 2
27d63684-bbc9-11e8-b2bc-ac1f6b6435d0,4,4
27de06f4-bbc2-11e8-b2bb-ac1f6b6435d0,0 21,0 25
27e0859e-bbba-11e8-b2ba-ac1f6b6435d0,25,21
27e26620-bbb5-11e8-b2ba-ac1f6b6435d0,25 2 0,0 25
27e2a860-bbc9-11e8-b2bc-ac1f6b6435d0,25 2,2 25
27e40a9e-bba0-11e8-b2b9-ac1f6b6435d0,25 0,0 7
27e5a69c-bba0-11e8-b2b9-ac1f6b6435d0,23 0,0 20 23
27edb716-bbb8-11e8-b2ba-ac1f6b6435d0,7,2 25
27ede492-bbb4-11e8-b2ba-ac1f6b6435d0,25,7 25
27f156e0-bbb4-11e8-b2ba-ac1f6b6435d0,23 0,0 23
27f2efae-bb9c-11e8-b2b9-ac1f6b6435d0,23,21 23
27f4f6ac-bbc7-11e8-b2bc-ac1f6b6435d0,14,11
27f57ce2-bb9c-11e8-b2b9-ac1f6b6435d0,0,0
27f7b2e4-bbbc-11e8-b2ba-ac1f6b6435d0,5,5
27f97e16-bb9a-11e8-b2b9-ac1f6b6435d0,25 5 3 0,5 25
27f9a3ce-bbb7-11e8-b2ba-ac1f6b6435d0,19 2,19
27fbaaea-bbc4-11e8-b2bc-ac1f6b6435d0,5,5
28001ba4-bba4-11e8-b2b9-ac1f6b6435d0,1 0,0 1
28008ac4-bbc4-11e8-b2bc-ac1f6b6435d0,23,23
2803456c-bba0-11e8-b2b9-ac1f6b6435d0,25 5,3 5
28058c5a-bbbe-11e8-b2ba-ac1f6b6435d0,2 21,2 21
2806c72e-bbae-11e8-b2ba-ac1f6b6435d0,25 21,21
2807517e-bbb0-11e8-b2ba-ac1f6b6435d0,0,0 25
280af4d2-bbba-11e8-b2ba-ac1f6b6435d0,21,21
280c3b98-bb9d-11e8-b2b9-ac1f6b6435d0,25 6,25
280cf752-bbbd-11e8-b2ba-ac1f6b6435d0,7 0 21,7 21
280d5c64-bbbe-11e8-b2ba-ac1f6b6435d0,7 0,0 7
280f88c2-bba5-11e8-b2ba-ac1f6b6435d0,0,0
2814cf60-bbac-11e8-b2ba-ac1f6b6435d0,25 0 21,0 5 21 25
281899b4-bbb2-11e8-b2ba-ac1f6b6435d0,18 5,5 18
28194236-bba5-11e8-b2ba-ac1f6b6435d0,12 11,11
281f55ca-bbc0-11e8-b2bb-ac1f6b6435d0,11,11
282155b0-bbbf-11e8-b2ba-ac1f6b6435d0,13 0,0
2822917a-bba4-11e8-b2b9-ac1f6b6435d0,7 0,0 7
2824ecb8-bb9f-11e8-b2b9-ac1f6b6435d0,0,0
2825e900-bbbe-11e8-b2ba-ac1f6b6435d0,4,4
28277880-bba8-11e8-b2ba-ac1f6b6435d0,23,23
28281c0a-bb9d-11e8-b2b9-ac1f6b6435d0,25 1,6 25
282a6f48-bbc8-11e8-b2bc-ac1f6b6435d0,21,25
282d49d2-bbb1-11e8-b2ba-ac1f6b6435d0,0,0
28304e6a-bba8-11e8-b2ba-ac1f6b6435d0,23,23
2831def4-bbc8-11e8-b2bc-ac1f6b6435d0,4,4
28321da4-bbac-11e8-b2ba-ac1f6b6435d0,25,18 25
2832c354-bbc9-11e8-b2bc-ac1f6b6435d0,21,0
28371cbe-bbbb-11e8-b2ba-ac1f6b6435d0,4,0 4
283b4288-bba9-11e8-b2ba-ac1f6b6435d0,2 0,0 2 21
283bb030-bbca-11e8-b2bc-ac1f6b6435d0,25 4,4
283c5d56-bb9c-11e8-b2b9-ac1f6b6435d0,25 23,7 25
283eb4b4-bbc6-11e8-b2bc-ac1f6b6435d0,0,0 4
283f573e-bba3-11e8-b2b9-ac1f6b6435d0,11,11
284419f6-bbc4-11e8-b2bc-ac1f6b6435d0,25 3 0,0 3 25
2846934c-bbc0-11e8-b2bb-ac1f6b6435d0,5 0,5
284d75c6-bbbc-11e8-b2ba-ac1f6b6435d0,4,4
285275e8-bb9f-11e8-b2b9-ac1f6b6435d0,25 0 21,0 21
2857f52e-bba2-11e8-b2b9-ac1f6b6435d0,7,12
28593eb8-bbb4-11e8-b2ba-ac1f6b6435d0,0,0
28594ada-bbae-11e8-b2ba-ac1f6b6435d0,3 21,3
285add08-bbbf-11e8-b2ba-ac1f6b6435d0,25 5,0 5 25
285b6756-bb9b-11e8-b2b9-ac1f6b6435d0,25 4,4 25
28614bde-bba6-11e8-b2ba-ac1f6b6435d0,4,4 25
2864b8d4-bba9-11e8-b2ba-ac1f6b6435d0,16 0,0
2867b978-bba2-11e8-b2b9-ac1f6b6435d0,22 19 0,0 21
28698158-bb9e-11e8-b2b9-ac1f6b6435d0,4,4
286bce76-bb9a-11e8-b2b9-ac1f6b6435d0,25 2,2 25
286c2042-bbae-11e8-b2ba-ac1f6b6435d0,14 3 0,0 3 14
287193ac-bbad-11e8-b2ba-ac1f6b6435d0,23,23
2874b51a-bbc5-11e8-b2bc-ac1f6b6435d0,23 2 0,0 2 23
28770b22-bbba-11e8-b2ba-ac1f6b6435d0,25 6,6 25
28798ada-bba8-11e8-b2ba-ac1f6b6435d0,25 0,0 25
287a1114-bbb0-11e8-b2ba-ac1f6b6435d0,23,23
287da3f0-bbc0-11e8-b2bb-ac1f6b6435d0,4,0 4
287fc88a-bbc3-11e8-b2bc-ac1f6b6435d0,25 23,14 25
2885d11e-bb9e-11e8-b2b9-ac1f6b6435d0,0,0
288916a0-bba6-11e8-b2ba-ac1f6b6435d0,14 0,14
2889b144-bbc1-11e8-b2bb-ac1f6b6435d0,25,25
288bc988-bb9f-11e8-b2b9-ac1f6b6435d0,7,7
288c05b8-bbb5-11e8-b2ba-ac1f6b6435d0,0,0
28906f34-bba3-11e8-b2b9-ac1f6b6435d0,25,25
28909964-bbb2-11e8-b2ba-ac1f6b6435d0,25 1,1 6
2890d264-bbbf-11e8-b2ba-ac1f6b6435d0,23 0,23
28943c26-bba4-11e8-b2b9-ac1f6b6435d0,14 23,23
2895d860-bba4-11e8-b2b9-ac1f6b6435d0,16 14 21,14
2899a0c2-bbc6-11e8-b2bc-ac1f6b6435d0,6 2,4
289e8b94-bba0-11e8-b2b9-ac1f6b6435d0,4,4
289fd836-bb9c-11e8-b2b9-ac1f6b6435d0,5 0,0 5
289ff3da-bb9b-11e8-b2b9-ac1f6b6435d0,11 0,0 11
28a7b174-bbaf-11e8-b2ba-ac1f6b6435d0,22 25 0,0 25
28ac572a-bbb8-11e8-b2ba-ac1f6b6435d0,0,0
28afdc6a-bbb3-11e8-b2ba-ac1f6b6435d0,11 0,0 11
28b0d8c4-bbac-11e8-b2ba-ac1f6b6435d0,21,21
28b3a97e-bbba-11e8-b2ba-ac1f6b6435d0,12,12
28b50aaa-bbbd-11e8-b2ba-ac1f6b6435d0,0,0
28b8d5e4-bb9b-11e8-b2b9-ac1f6b6435d0,21,25
28ba778a-bbca-11e8-b2bc-ac1f6b6435d0,24,24
28badd28-bbb7-11e8-b2ba-ac1f6b6435d0,25 0,26
28bae982-bbc9-11e8-b2bc-ac1f6b6435d0,2,2
28bde048-bbb9-11e8-b2ba-ac1f6b6435d0,3,3
28be0d70-bb9b-11e8-b2b9-ac1f6b6435d0,25 18,21
28be7d5e-bbbf-11e8-b2ba-ac1f6b6435d0,11,11
28c1d7b0-bbab-11e8-b2ba-ac1f6b6435d0,12,12
28c2c5d2-bbb3-11e8-b2ba-ac1f6b6435d0,6,25
28c36822-bba2-11e8-b2b9-ac1f6b6435d0,25 0,0 25
28c435f6-bbb9-11e8-b2ba-ac1f6b6435d0,19,18 19
28c4e530-bb9d-11e8-b2b9-ac1f6b6435d0,18,18
28c5be1c-bbaf-11e8-b2ba-ac1f6b6435d0,5,5
28c5bef2-bbb5-11e8-b2ba-ac1f6b6435d0,13,13
28c634fe-bb9c-11e8-b2b9-ac1f6b6435d0,26 3,3
28cdeb72-bbc4-11e8-b2bc-ac1f6b6435d0,23 0,23
28ce261a-bbbe-11e8-b2ba-ac1f6b6435d0,3,3 25
28d0a43a-bbb9-11e8-b2ba-ac1f6b6435d0,4,4
28d200ba-bb9f-11e8-b2b9-ac1f6b6435d0,12,21
28d2377e-bba9-11e8-b2ba-ac1f6b6435d0,7 0,0
28d3a24e-bbae-11e8-b2ba-ac1f6b6435d0,13 0,22
28d4a4bc-bbba-11e8-b2ba-ac1f6b6435d0,12 25 21,12
28d7011c-bbc4-11e8-b2bc-ac1f6b6435d0,23,23
28d7a2a4-bb9a-11e8-b2b9-ac1f6b6435d0,19 25,19 25
28da79da-bbc1-11e8-b2bb-ac1f6b6435d0,7 0,0 7
28db4566-bbaa-11e8-b2ba-ac1f6b6435d0,9,7
28dd80a0-bba6-11e8-b2ba-ac1f6b6435d0,2 0,0
28e45854-bba5-11e8-b2ba-ac1f6b6435d0,14 5,5 14
28e5e928-bbbc-11e8-b2ba-ac1f6b6435d0,23,23
28e83b36-bbc3-11e8-b2bc-ac1f6b6435d0,2 0,2
28e86192-bbaa-11e8-b2ba-ac1f6b6435d0,6 1,1 6
28ec3d5e-bbb3-11e8-b2ba-ac1f6b6435d0,7,23
28ef8988-bbc6-11e8-b2bc-ac1f6b6435d0,1,0 1
28f434da-bbb5-11e8-b2ba-ac1f6b6435d0,5,0 5
28f4a4ba-bbab-11e8-b2ba-ac1f6b6435d0,16 0,0 16
28f9fa98-bbbd-11e8-b2ba-ac1f6b6435d0,0,0
28fc2000-bb9c-11e8-b2b9-ac1f6b6435d0,2,2
28fca548-bbc4-11e8-b2bc-ac1f6b6435d0,25 0,0 25
28fffdd4-bbb4-11e8-b2ba-ac1f6b6435d0,12,12
2900a418-bbbf-11e8-b2ba-ac1f6b6435d0,7 0,0 5 7
2904b708-bbbd-11e8-b2ba-ac1f6b6435d0,25,21 25
290780cc-bbb4-11e8-b2ba-ac1f6b6435d0,22 0,22
290a491c-bb9e-11e8-b2b9-ac1f6b6435d0,25 1,25
290bc596-bbc9-11e8-b2bc-ac1f6b6435d0,25 2 0,0
290e8e20-bbb0-11e8-b2ba-ac1f6b6435d0,14 0 21,0 14
290ef0d2-bba0-11e8-b2b9-ac1f6b6435d0,25,26
2910458c-bbc2-11e8-b2bb-ac1f6b6435d0,25 0,0 25
291226ba-bbbb-11e8-b2ba-ac1f6b6435d0,25 1 0,0 1 25
29126c4a-bbc2-11e8-b2bb-ac1f6b6435d0,2 0,0 1 2
2916fcaa-bb9b-11e8-b2b9-ac1f6b6435d0,4,4
2917f686-bbb5-11e8-b2ba-ac1f6b6435d0,25 5,5 25
29187a94-bbc3-11e8-b2bc-ac1f6b6435d0,21,21
291e52f0-bbb6-11e8-b2ba-ac1f6b6435d0,0 21,0
291fc96c-bba4-11e8-b2b9-ac1f6b6435d0,0,0
2924911a-bbb6-11e8-b2ba-ac1f6b6435d0,23 0,0 23
2924a24e-bbc6-11e8-b2bc-ac1f6b6435d0,22,22
2924acc8-bbb0-11e8-b2ba-ac1f6b6435d0,7 0,7
292520c0-bba8-11e8-b2ba-ac1f6b6435d0,25 0,0 25
2925e41c-bbba-11e8-b2ba-ac1f6b6435d0,3,3
2929d3be-bba7-11e8-b2ba-ac1f6b6435d0,14,14
292a0d0a-bbb3-11e8-b2ba-ac1f6b6435d0,2,2
292acb6c-bbc4-11e8-b2bc-ac1f6b6435d0,3,3
292b3822-bbb5-11e8-b2ba-ac1f6b6435d0,19,19
292c3d7a-bbb1-11e8-b2ba-ac1f6b6435d0,7,7
292d9824-bba1-11e8-b2b9-ac1f6b6435d0,3,3
29321dde-bbad-11e8-b2ba-ac1f6b6435d0,11,11
2933a6bc-bba9-11e8-b2ba-ac1f6b6435d0,19 2,2
2933e710-bb9c-11e8-b2b9-ac1f6b6435d0,23,6
29345af8-bbc7-11e8-b2bc-ac1f6b6435d0,25 23 3,0 7 25
293684b8-bb9f-11e8-b2b9-ac1f6b6435d0,16 25 14 0,14
2936d584-bbbe-11e8-b2ba-ac1f6b6435d0,23 0,0 23
29372710-bba4-11e8-b2b9-ac1f6b6435d0,1 0,0 1
2938275a-bba9-11e8-b2ba-ac1f6b6435d0,16 2 21,0 2 19 21
293965ca-bbc2-11e8-b2bb-ac1f6b6435d0,22 2 0,0 2 22
293a234a-bbb6-11e8-b2ba-ac1f6b6435d0,2 0,0 2
293ab53c-bba5-11e8-b2ba-ac1f6b6435d0,0,0
293b3cba-bb9f-11e8-b2b9-ac1f6b6435d0,5,0
293d505a-bba3-11e8-b2b9-ac1f6b6435d0,6,6
293f7fa4-bbb9-11e8-b2ba-ac1f6b6435d0,19,11
29411d62-bbc5-11e8-b2bc-ac1f6b6435d0,25 3,3 7
29447b66-bba1-11e8-b2b9-ac1f6b6435d0,23,23
294715f0-bba7-11e8-b2ba-ac1f6b6435d0,23,0 23
2947830a-bbc5-11e8-b2bc-ac1f6b6435d0,25 2 0,2
294805d8-bbb5-11e8-b2ba-ac1f6b6435d0,0,0 21
294d8978-bbaf-11e8-b2ba-ac1f6b6435d0,19,24
29527d38-bbab-11e8-b2ba-ac1f6b6435d0,25,14 17 25
2953de56-bba8-11e8-b2ba-ac1f6b6435d0,23 3 0,0 25
295b4c8c-bba2-11e8-b2b9-ac1f6b6435d0,23 0,23
295b9050-bbb8-11e8-b2ba-ac1f6b6435d0,4,4
295e55a0-bbb4-11e8-b2ba-ac1f6b6435d0,7 0,0 7
295ef346-bbb6-11e8-b2ba-ac1f6b6435d0,0,0 25
295f65d8-bbc5-11e8-b2bc-ac1f6b6435d0,0 21,21
296238d0-bbc0-11e8-b2bb-ac1f6b6435d0,25 0,0 25
29627768-bba3-11e8-b2b9-ac1f6b6435d0,25 1,1 2 25
29628112-bb9f-11e8-b2b9-ac1f6b6435d0,25,25
2962b17a-bbb6-11e8-b2ba-ac1f6b6435d0,18,18
296ae2ea-bbad-11e8-b2ba-ac1f6b6435d0,3,3
296c504e-bbad-11e8-b2ba-ac1f6b6435d0,23,23
296c6146-bbc7-11e8-b2bc-ac1f6b6435d0,5,5
296e844e-bbae-11e8-b2ba-ac1f6b6435d0,18,19
296f6c58-bbc5-11e8-b2bc-ac1f6b6435d0,12,12 25
2971b464-bba6-11e8-b2ba-ac1f6b6435d0,22 0,0 22
2972cd1c-bbb6-11e8-b2ba-ac1f6b6435d0,18,18 19 25
2972da88-bbc9-11e8-b2bc-ac1f6b6435d0,25 0,0 25
29756076-bbc6-11e8-b2bc-ac1f6b6435d0,5,5
2979ce68-bbc6-11e8-b2bc-ac1f6b6435d0,7 2 0,0 2
297c6340-bb9d-11e8-b2b9-ac1f6b6435d0,7 0,0 7
297da5a2-bbb6-11e8-b2ba-ac1f6b6435d0,21,21
297ecaea-bbac-11e8-b2ba-ac1f6b6435d0,24,24 25
297f5ff4-bba3-11e8-b2b9-ac1f6b6435d0,1 2 0,0 1 2
29811fe4-bbab-11e8-b2ba-ac1f6b6435d0,25 13,13 22 25
2983692c-bbc2-11e8-b2bb-ac1f6b6435d0,25,25
2984420e-bba2-11e8-b2b9-ac1f6b6435d0,25,25
29886072-bb9e-11e8-b2b9-ac1f6b6435d0,25,25
298ba7e6-bbc6-11e8-b2bc-ac1f6b6435d0,16 25 14,0 16 25
298be4e4-bbc7-11e8-b2bc-ac1f6b6435d0,19 0,0 19
298e927c-bbc0-11e8-b2bb-ac1f6b6435d0,2 0,0 2
29906a6a-bba3-11e8-b2b9-ac1f6b6435d0,0,0
29907fbe-bbb7-11e8-b2ba-ac1f6b6435d0,7,7
29946d74-bbc4-11e8-b2bc-ac1f6b6435d0,0,0
2995dbf6-bbaa-11e8-b2ba-ac1f6b6435d0,25,25
299842ba-bbb9-11e8-b2ba-ac1f6b6435d0,3,3
299ba560-bbad-11e8-b2ba-ac1f6b6435d0,21,21
299c4954-bbba-11e8-b2ba-ac1f6b6435d0,23,7
299d5660-bba5-11e8-b2ba-ac1f6b6435d0,5,5 7
29a28c5a-bbbb-11e8-b2ba-ac1f6b6435d0,25 0,0 23
29a319c0-bba4-11e8-b2b9-ac1f6b6435d0,22 0,0 22
29a489fe-bba4-11e8-b2b9-ac1f6b6435d0,19 0,0 19
29a794ca-bbb1-11e8-b2ba-ac1f6b6435d0,7 0,0 7
29a94398-bbc9-11e8-b2bc-ac1f6b6435d0,25,25
29adae50-bbc0-11e8-b2bb-ac1f6b6435d0,25 5,0 25
29af0d84-bbc7-11e8-b2bc-ac1f6b6435d0,23,23
29b10b8c-bbb5-11e8-b2ba-ac1f6b6435d0,0,0
29b2d9e4-bbba-11e8-b2ba-ac1f6b6435d0,2,2
29b33868-bbc3-11e8-b2bc-ac1f6b6435d0,1,1
29b429c6-bbbe-11e8-b2ba-ac1f6b6435d0,25,25
29b97562-bba9-11e8-b2ba-ac1f6b6435d0,0,0
29b9b0d0-bbb9-11e8-b2ba-ac1f6b6435d0,21,0
29bb964a-bbb2-11e8-b2ba-ac1f6b6435d0,25,0 23
29bd0508-bbbb-11e8-b2ba-ac1f6b6435d0,22 21,25
29c2151e-bbb8-11e8-b2ba-ac1f6b6435d0,21,13 21
29c594d8-bbb7-11e8-b2ba-ac1f6b6435d0,25 0,0 25
29cc6df6-bbc3-11e8-b2bc-ac1f6b6435d0,7,7
29ce7106-bba4-11e8-b2b9-ac1f6b6435d0,5,0 5
29cf7214-bbb2-11e8-b2ba-ac1f6b6435d0,5 2,2 5
29d3c288-bba8-11e8-b2ba-ac1f6b6435d0,0,0
29d52e18-bbbf-11e8-b2ba-ac1f6b6435d0,23,21
29d9afb8-bbc1-11e8-b2bb-ac1f6b6435d0,24 18,24
29dc0a8c-bbae-11e8-b2ba-ac1f6b6435d0,2 0,0 2
29de3fba-bbc1-11e8-b2bb-ac1f6b6435d0,25,25 26
29e17266-bbc1-11e8-b2bb-ac1f6b6435d0,23,23
29e3f392-bbc6-11e8-b2bc-ac1f6b6435d0,25 2 0,0 2 25
29e7647c-bb9f-11e8-b2b9-ac1f6b6435d0,11,11
29e837da-bba4-11e8-b2b9-ac1f6b6435d0,25 0,0 21
29eaba96-bb9f-11e8-b2b9-ac1f6b6435d0,19 0,0 19 26
29eb8c12-bbab-11e8-b2ba-ac1f6b6435d0,2,2
29eda9c4-bb9d-11e8-b2b9-ac1f6b6435d0,2,2
29edbb0e-bbba-11e8-b2ba-ac1f6b6435d0,26 25,21 25 26
29ef04e0-bbca-11e8-b2bc-ac1f6b6435d0,4,4
29f081f8-bb9d-11e8-b2b9-ac1f6b6435d0,5,5
29f11ef8-bbbe-11e8-b2ba-ac1f6b6435d0,21,21
29f54236-bbb8-11e8-b2ba-ac1f6b6435d0,22 21,21
29f80b3a-bbb1-11e8-b2ba-ac1f6b6435d0,14,14
29f82e60-bba9-11e8-b2ba-ac1f6b6435d0,19 0,0
29fb2d5e-bbc2-11e8-b2bb-ac1f6b6435d0,5 0,0 5
29fbe392-bbbe-11e8-b2ba-ac1f6b6435d0,25 0,21 25
29fe8420-bbc4-11e8-b2bc-ac1f6b6435d0,20,20
2a0227aa-bba2-11e8-b2b9-ac1f6b6435d0,19 25 0,0 19
2a0402d4-bbc8-11e8-b2bc-ac1f6b6435d0,25 0,0 25
2a0b8fe6-bba9-11e8-b2ba-ac1f6b6435d0,25 6,25
2a0c781a-bba0-11e8-b2b9-ac1f6b6435d0,3,3
2a0d434a-bba4-11e8-b2b9-ac1f6b6435d0,2,2
2a0dce0a-bb9a-11e8-b2b9-ac1f6b6435d0,26 4 2,4 26
2a0de132-bbb9-11e8-b2ba-ac1f6b6435d0,21,21
2a133e1e-bbca-11e8-b2bc-ac1f6b6435d0,0 21,0 21 22
2a18ed26-bbb8-11e8-b2ba-ac1f6b6435d0,19 25,19 25
2a1d43c0-bbbe-11e8-b2ba-ac1f6b6435d0,25 0,0 5
2a1f3ce4-bba9-11e8-b2ba-ac1f6b6435d0,3,3
2a27ceac-bbb0-11e8-b2ba-ac1f6b6435d0,25 0,0
2a28701e-bba1-11e8-b2b9-ac1f6b6435d0,0 21,21
2a28f798-bbc7-11e8-b2bc-ac1f6b6435d0,13 1 0,0 5 13
2a2aeeb0-bbac-11e8-b2ba-ac1f6b6435d0,2,2
2a30256a-bbc0-11e8-b2bb-ac1f6b6435d0,23 0,0 23
2a305c3a-bbc8-11e8-b2bc-ac1f6b6435d0,16 14 0 21,14
2a37412e-bbc5-11e8-b2bc-ac1f6b6435d0,4,0 26
2a37cc90-bb9b-11e8-b2b9-ac1f6b6435d0,23,19
2a3d92de-bbb8-11e8-b2ba-ac1f6b6435d0,25 21,25
2a3f93b2-bbb4-11e8-b2ba-ac1f6b6435d0,25 0,0 25
2a423c5a-bba7-11e8-b2ba-ac1f6b6435d0,11,11
2a46f094-bbc8-11e8-b2bc-ac1f6b6435d0,1 21,0 21
2a4ba650-bb9d-11e8-b2b9-ac1f6b6435d0,25 2 0,0 2 25
2a4bbb0a-bba6-11e8-b2ba-ac1f6b6435d0,22,22
2a4c0a6c-bbbd-11e8-b2ba-ac1f6b6435d0,23 0,0 23
2a4f89b4-bbbb-11e8-b2ba-ac1f6b6435d0,19 21,19 21
2a50a484-bbc5-11e8-b2bc-ac1f6b6435d0,0,0
2a51e49a-bba0-11e8-b2b9-ac1f6b6435d0,7,7
2a53ad46-bba2-11e8-b2b9-ac1f6b6435d0,2 0,0 2
2a56314c-bbb1-11e8-b2ba-ac1f6b6435d0,1 0,0 1
2a5b44ce-bb9e-11e8-b2b9-ac1f6b6435d0,25 4,4 25
2a5b6174-bb9a-11e8-b2b9-ac1f6b6435d0,11,11
2a5d3218-bbb0-11e8-b2ba-ac1f6b6435d0,23,0
2a5e1588-bbac-11e8-b2ba-ac1f6b6435d0,25,25
2a601a30-bba3-11e8-b2b9-ac1f6b6435d0,11,11
2a62c81e-bb9b-11e8-b2b9-ac1f6b6435d0,2 0,0 2
2a638266-bb9d-11e8-b2b9-ac1f6b6435d0,7,7
2a65217a-bba7-11e8-b2ba-ac1f6b6435d0,25 0,0
2a662372-bbc0-11e8-b2bb-ac1f6b6435d0,0,0
2a676ab2-bba1-11e8-b2b9-ac1f6b6435d0,25 2,25
2a67bd92-bbaf-11e8-b2ba-ac1f6b6435d0,0 21,0 12 21
2a67da00-bbb1-11e8-b2ba-ac1f6b6435d0,21,21
2a68692c-bb9b-11e8-b2b9-ac1f6b6435d0,21,21 25
2a699664-bba3-11e8-b2b9-ac1f6b6435d0,11 0,0 2 25
2a6afb42-bb9b-11e8-b2b9-ac1f6b6435d0,25,20
2a790dfa-bbb8-11e8-b2ba-ac1f6b6435d0,25,25
2a7da2f6-bba5-11e8-b2ba-ac1f6b6435d0,7,7
2a7e958a-bbb9-11e8-b2ba-ac1f6b6435d0,19,19
2a80b6cc-bbc7-11e8-b2bc-ac1f6b6435d0,23 0,0 23
2a814504-bbc9-11e8-b2bc-ac1f6b6435d0,25 0,0 25
2a86ee68-bba7-11e8-b2ba-ac1f6b6435d0,2 0,0 2
2a87388e-bbc3-11e8-b2bc-ac1f6b6435d0,25 0,0 25
2a8801aa-bba1-11e8-b2b9-ac1f6b6435d0,23 0,0 7
2a883f2a-bba2-11e8-b2b9-ac1f6b6435d0,0,0
2a891b70-bbb1-11e8-b2ba-ac1f6b6435d0,25 6 0,0 25
2a89585e-bba4-11e8-b2b9-ac1f6b6435d0,0,0 25
2a8c95b8-bbb9-11e8-b2ba-ac1f6b6435d0,13 21,13
2a8ca614-bbca-11e8-b2bc-ac1f6b6435d0,23,23
2a8e6322-bba3-11e8-b2b9-ac1f6b6435d0,7,7 11
2a8ebd96-bbb6-11e8-b2ba-ac1f6b6435d0,23,23
2a932348-bbb8-11e8-b2ba-ac1f6b6435d0,4,4
2a947e68-bbaa-11e8-b2ba-ac1f6b6435d0,11,11
2a959f0a-bb9b-11e8-b2b9-ac1f6b6435d0,23,23
2a96019c-bbc9-11e8-b2bc-ac1f6b6435d0,0,0
2a97982c-bbc9-11e8-b2bc-ac1f6b6435d0,0 21,0 21
2a9873ba-bbaa-11e8-b2ba-ac1f6b6435d0,23,23
2a9a4760-bba7-11e8-b2ba-ac1f6b6435d0,7,7
2a9cc9ac-bbae-11e8-b2ba-ac1f6b6435d0,25 4,4 25
2a9ee688-bbc2-11e8-b2bb-ac1f6b6435d0,2,23
2aa11958-bbbd-11e8-b2ba-ac1f6b6435d0,4,4
2aa42846-bbc2-11e8-b2bb-ac1f6b6435d0,25 21,21 25
2aa451e8-bbb0-11e8-b2ba-ac1f6b6435d0,5,5
2aa45830-bbb2-11e8-b2ba-ac1f6b6435d0,7 0,0 7
2aa482aa-bbc2-11e8-b2bb-ac1f6b6435d0,25 11,11
2aa67550-bbc3-11e8-b2bc-ac1f6b6435d0,25 0,0
2aa7c3ce-bbb4-11e8-b2ba-ac1f6b6435d0,22,0 21 22
2aa96bde-bba0-11e8-b2b9-ac1f6b6435d0,23 0,0 23
2aa98592-bba5-11e8-b2ba-ac1f6b6435d0,23,23
2aac08cc-bba9-11e8-b2ba-ac1f6b6435d0,14,2
2aac47ca-bbbc-11e8-b2ba-ac1f6b6435d0,23 0,0 23 25
2ab0fb2a-bb9f-11e8-b2b9-ac1f6b6435d0,0,0
2ab23e0e-bbbd-11e8-b2ba-ac1f6b6435d0,25 0,0 25
2ab58f76-bbbf-11e8-b2ba-ac1f6b6435d0,26 4,4 25
2ab9afbe-bbc6-11e8-b2bc-ac1f6b6435d0,25 0,0 4 21 25
2abdbf0c-bbb5-11e8-b2ba-ac1f6b6435d0,4,4
2ac17024-bbb1-11e8-b2ba-ac1f6b6435d0,18,18
2ac1d1a4-bbb6-11e8-b2ba-ac1f6b6435d0,14,14
2ac38132-bbae-11e8-b2ba-ac1f6b6435d0,7 0,0 7 23
2ac7a49a-bba6-11e8-b2ba-ac1f6b6435d0,25,0 5 25
2ac842f2-bbc3-11e8-b2bc-ac1f6b6435d0,26 0 21,0 26
2acade0e-bbb4-11e8-b2ba-ac1f6b6435d0,3,3
2acb9048-bbc7-11e8-b2bc-ac1f6b6435d0,26 25,25
2acbee30-bb9a-11e8-b2b9-ac1f6b6435d0,12,12
2ad13358-bbc8-11e8-b2bc-ac1f6b6435d0,11,11
2ad1f15c-bbb5-11e8-b2ba-ac1f6b6435d0,1 0,0
2ad41c8e-bbc9-11e8-b2bc-ac1f6b6435d0,5,5
2ad5c376-bbb6-11e8-b2ba-ac1f6b6435d0,12 25,12
2ad6a1f2-bbba-11e8-b2ba-ac1f6b6435d0,22 25 0,0 12 22
2ad72f26-bba8-11e8-b2ba-ac1f6b6435d0,0,0
2ad963e0-bb9e-11e8-b2b9-ac1f6b6435d0,6,6 25
2adbadaa-bbba-11e8-b2ba-ac1f6b6435d0,16 14 17,14
2adbafe0-bbaf-11e8-b2ba-ac1f6b6435d0,19 0,0 19 25
2ae23f8e-bbc5-11e8-b2bc-ac1f6b6435d0,19,19
2ae38cfa-bbb5-11e8-b2ba-ac1f6b6435d0,23 0,0 23
2ae59902-bbae-11e8-b2ba-ac1f6b6435d0,7 0 21,0 7 21
2ae73aec-bba8-11e8-b2ba-ac1f6b6435d0,25 18,25
2aecc14a-bbb4-11e8-b2ba-ac1f6b6435d0,19 25,5
2af1838a-bba8-11e8-b2ba-ac1f6b6435d0,6,6
2af20858-bbbe-11e8-b2ba-ac1f6b6435d0,22 16 25 18,21
2af24084-bbc8-11e8-b2bc-ac1f6b6435d0,0 21,0 5
2af5ecce-bbb0-11e8-b2ba-ac1f6b6435d0,14 0,14
2af97522-bbb7-11e8-b2ba-ac1f6b6435d0,25 2 0,0 19 21 25
2afc48b4-bbbd-11e8-b2ba-ac1f6b6435d0,7,7
2afd8276-bbb6-11e8-b2ba-ac1f6b6435d0,0,0
2afdaeb0-bbb4-11e8-b2ba-ac1f6b6435d0,5,5
2b0265b6-bbca-11e8-b2bc-ac1f6b6435d0,0,0
2b02f15e-bbc8-11e8-b2bc-ac1f6b6435d0,2 0,0 2 25
2b095542-bbca-11e8-b2bc-ac1f6b6435d0,0,18 22
2b0cafc4-bbc2-11e8-b2bb-ac1f6b6435d0,5 0,0 5
2b0d1612-bbbd-11e8-b2ba-ac1f6b6435d0,2,2
2b0edb28-bba4-11e8-b2b9-ac1f6b6435d0,23,23
2b1295a2-bbb2-11e8-b2ba-ac1f6b6435d0,14,14
2b135580-bbc3-11e8-b2bc-ac1f6b6435d0,0 21,0 21
2b157ab2-bbb5-11e8-b2ba-ac1f6b6435d0,1,1
2b15fa5a-bbbf-11e8-b2ba-ac1f6b6435d0,23,23
2b1b32fe-bbc4-11e8-b2bc-ac1f6b6435d0,6,6
2b1b8dbc-bba6-11e8-b2ba-ac1f6b6435d0,19,19
2b1d15e2-bbbf-11e8-b2ba-ac1f6b6435d0,25 4,25 26
2b1dcb30-bbbb-11e8-b2ba-ac1f6b6435d0,3 0,0 3
2b1fd2a6-bbbe-11e8-b2ba-ac1f6b6435d0,14,14
2b1fda7e-bbb1-11e8-b2ba-ac1f6b6435d0,19 0,0 18 25
2b20e0a4-bbac-11e8-b2ba-ac1f6b6435d0,11,11
2b21c43e-bbab-11e8-b2ba-ac1f6b6435d0,25 7 0,0 7 25
2b21dc5e-bbb9-11e8-b2ba-ac1f6b6435d0,25 21,17 18 21
2b2211c6-bba3-11e8-b2b9-ac1f6b6435d0,19 0,0 25
2b22b792-bbc7-11e8-b2bc-ac1f6b6435d0,7,7
2b2690f2-bba3-11e8-b2b9-ac1f6b6435d0,4,4
2b2ce1c8-bbb2-11e8-b2ba-ac1f6b6435d0,23 0,0 23
2b2d6486-bbb7-11e8-b2ba-ac1f6b6435d0,1 0,0 1
2b2dd430-bba2-11e8-b2b9-ac1f6b6435d0,5 21,0 5 21
2b2f2e8a-bbc4-11e8-b2bc-ac1f6b6435d0,1,1
2b2f5bb0-bbad-11e8-b2ba-ac1f6b6435d0,25,25
2b304900-bb9c-11e8-b2b9-ac1f6b6435d0,25 7,7 25
2b3206fe-bbca-11e8-b2bc-ac1f6b6435d0,2,2
2b38c73c-bba7-11e8-b2ba-ac1f6b6435d0,22,22
2b38d6cc-bba3-11e8-b2b9-ac1f6b6435d0,7 2 0,0 2 7
2b3ce424-bba8-11e8-b2ba-ac1f6b6435d0,5 0 27,0 5 27
2b40682c-bbbe-11e8-b2ba-ac1f6b6435d0,6,25
2b4349ce-bbc9-11e8-b2bc-ac1f6b6435d0,7,7
2b43a784-bbbf-11e8-b2ba-ac1f6b6435d0,25 0 21,0 21
2b44cbfc-bbc2-11e8-b2bb-ac1f6b6435d0,13 21,13
2b45df00-bba5-11e8-b2ba-ac1f6b6435d0,25 0,0 25
2b469370-bbb7-11e8-b2ba-ac1f6b6435d0,1,1
2b4863fa-bbba-11e8-b2ba-ac1f6b6435d0,1,1 2
2b4bed0c-bbb2-11e8-b2ba-ac1f6b6435d0,4,4
2b4e3550-bbbf-11e8-b2ba-ac1f6b6435d0,4 0,4
2b4f6794-bb9d-11e8-b2b9-ac1f6b6435d0,5 0,0 5
2b508922-bba1-11e8-b2b9-ac1f6b6435d0,23,0 23
2b51f456-bbb0-11e8-b2ba-ac1f6b6435d0,25 23,25
2b531350-bbaa-11e8-b2ba-ac1f6b6435d0,7 2 0,3 7
2b538cdc-bb9a-11e8-b2b9-ac1f6b6435d0,8,8 20
2b54c136-bbbf-11e8-b2ba-ac1f6b6435d0,25 20 0,0
2b57eabc-bbbc-11e8-b2ba-ac1f6b6435d0,21,21 25
2b5cdd78-bbc7-11e8-b2bc-ac1f6b6435d0,23,0 5
2b5cf148-bbb6-11e8-b2ba-ac1f6b6435d0,7 0,0 7 25
2b5d8342-bbbb-11e8-b2ba-ac1f6b6435d0,0 21,0 25
2b5dbcf0-bbba-11e8-b2ba-ac1f6b6435d0,0 21,0 21
2b5e7f08-bbc6-11e8-b2bc-ac1f6b6435d0,25 0,0 2
2b624ac4-bbb3-11e8-b2ba-ac1f6b6435d0,25 2,6
2b663a20-bbbe-11e8-b2ba-ac1f6b6435d0,23,5
2b67a5c8-bb9a-11e8-b2b9-ac1f6b6435d0,1 0,0 1
2b689a20-bbbb-11e8-b2ba-ac1f6b6435d0,0 21,0
2b69645a-bbb6-11e8-b2ba-ac1f6b6435d0,25,21 25
2b69eb06-bba1-11e8-b2b9-ac1f6b6435d0,3 0,0
2b6baaac-bba8-11e8-b2ba-ac1f6b6435d0,7 0,0 2
2b6c2bc0-bba4-11e8-b2b9-ac1f6b6435d0,4,4
2b7854bc-bbb4-11e8-b2ba-ac1f6b6435d0,23,23
2b7ad210-bba9-11e8-b2ba-ac1f6b6435d0,11,11
2b7e0e6a-bbab-11e8-b2ba-ac1f6b6435d0,5 0,0 25
2b8058a0-bba1-11e8-b2b9-ac1f6b6435d0,7,7
2b816978-bbad-11e8-b2ba-ac1f6b6435d0,6 5,4 14
2b81a984-bba2-11e8-b2b9-ac1f6b6435d0,12,12
2b82914e-bbb8-11e8-b2ba-ac1f6b6435d0,22 16 2,2 16
2b833b58-bbb8-11e8-b2ba-ac1f6b6435d0,7 16,7
2b835c66-bbc0-11e8-b2bb-ac1f6b6435d0,4 0,4
2b83f71e-bbae-11e8-b2ba-ac1f6b6435d0,19 25 0,0 25
2b84f3a4-bbb2-11e8-b2ba-ac1f6b6435d0,19 0,19
2b8745d6-bbc7-11e8-b2bc-ac1f6b6435d0,1 2,1
2b878430-bbb6-11e8-b2ba-ac1f6b6435d0,25 0,0 25
2b8b436e-bbba-11e8-b2ba-ac1f6b6435d0,2 21,2
2b8ddd08-bbb1-11e8-b2ba-ac1f6b6435d0,20,0
2b8e92aa-bbae-11e8-b2ba-ac1f6b6435d0,13 1 0,0 1
2b923b52-bba5-11e8-b2ba-ac1f6b6435d0,25 0,0 5
2b94f302-bb9f-11e8-b2b9-ac1f6b6435d0,18,18
2b9664ae-bbc6-11e8-b2bc-ac1f6b6435d0,1 0,0 1
2b96d9f8-bbc0-11e8-b2bb-ac1f6b6435d0,11,11
2b9a25c8-bbb0-11e8-b2ba-ac1f6b6435d0,23 0,6
2b9bcf68-bbba-11e8-b2ba-ac1f6b6435d0,3,3
2b9f2afa-bba6-11e8-b2ba-ac1f6b6435d0,1,1
2ba00442-bbac-11e8-b2ba-ac1f6b6435d0,11,0 25
2ba264f0-bba0-11e8-b2b9-ac1f6b6435d0,21,21 25
2ba53350-bba6-11e8-b2ba-ac1f6b6435d0,25,25
2ba8bde8-bbc6-11e8-b2bc-ac1f6b6435d0,19 0,0 19
2baaab90-bba7-11e8-b2ba-ac1f6b6435d0,2 0,0 2
2bae2b2a-bbb2-11e8-b2ba-ac1f6b6435d0,2 0,0 2
2baf67f0-bb9a-11e8-b2b9-ac1f6b6435d0,25 21,25
2bb44c7c-bba2-11e8-b2b9-ac1f6b6435d0,16 0,0 14 16 17
2bb665c6-bbbf-11e8-b2ba-ac1f6b6435d0,12 13 0,0 12
2bb710f6-bbac-11e8-b2ba-ac1f6b6435d0,13 21,13 21
2bbad5fc-bbba-11e8-b2ba-ac1f6b6435d0,25 0,0 25
2bbc36e0-bbb0-11e8-b2ba-ac1f6b6435d0,4,4
2bbdfc52-bbb8-11e8-b2ba-ac1f6b6435d0,4,4
2bbfc332-bb9c-11e8-b2b9-ac1f6b6435d0,23,23
2bc0f2a8-bbb4-11e8-b2ba-ac1f6b6435d0,23 0,0 23
2bc22cbc-bbab-11e8-b2ba-ac1f6b6435d0,25 1,1 6
2bc23f98-bbbc-11e8-b2ba-ac1f6b6435d0,14,14
2bc2e162-bbb4-11e8-b2ba-ac1f6b6435d0,25 17,0 16 17 25
2bc3fdac-bbc0-11e8-b2bb-ac1f6b6435d0,7,23
2bc9bc1e-bb9e-11e8-b2b9-ac1f6b6435d0,5 0,5
2bca26da-bb9a-11e8-b2b9-ac1f6b6435d0,13 0,0 13
2bce4d5a-bba9-11e8-b2ba-ac1f6b6435d0,1 2,1 2
2bd37b5c-bbc4-11e8-b2bc-ac1f6b6435d0,7,7
2bd4d83c-bb9f-11e8-b2b9-ac1f6b6435d0,23 3,3 23
2bd9aa96-bbc8-11e8-b2bc-ac1f6b6435d0,18 21,21
2bda9976-bbad-11e8-b2ba-ac1f6b6435d0,25,4 25
2bdaa354-bbbb-11e8-b2ba-ac1f6b6435d0,11,11
2bdc29cc-bbac-11e8-b2ba-ac1f6b6435d0,25 0,0
2be12910-bbb9-11e8-b2ba-ac1f6b6435d0,2 0,0 2
2be24582-bbb1-11e8-b2ba-ac1f6b6435d0,25 5,5
2bea0ebc-bba6-11e8-b2ba-ac1f6b6435d0,21,25
2bea6578-bbc5-11e8-b2bc-ac1f6b6435d0,25 23 5,2 6
2bed283e-bbc1-11e8-b2bb-ac1f6b6435d0,7,23
2befbf82-bbc0-11e8-b2bb-ac1f6b6435d0,23,7
2bf2d2c4-bbbd-11e8-b2ba-ac1f6b6435d0,13 7,13
2bf44f30-bba1-11e8-b2b9-ac1f6b6435d0,11,11
2bf5a8ee-bbc9-11e8-b2bc-ac1f6b6435d0,0,0
2bf66106-bbb7-11e8-b2ba-ac1f6b6435d0,25 0 21,0 13 22 25
2bfa213a-bba6-11e8-b2ba-ac1f6b6435d0,24,23
2bfe2556-bb9b-11e8-b2b9-ac1f6b6435d0,21,21
2bfeeff2-bbbb-11e8-b2ba-ac1f6b6435d0,23,23 25
2c024e5e-bbbb-11e8-b2ba-ac1f6b6435d0,23 3,2
2c02f950-bbaf-11e8-b2ba-ac1f6b6435d0,4,0
2c04b20a-bbb3-11e8-b2ba-ac1f6b6435d0,0,0
2c04ec6c-bbad-11e8-b2ba-ac1f6b6435d0,0,0
2c0adbfe-bbbc-11e8-b2ba-ac1f6b6435d0,25 3,3 25
2c10ca64-bbb2-11e8-b2ba-ac1f6b6435d0,21,21
2c11a4d0-bbc5-11e8-b2bc-ac1f6b6435d0,7 0,0 7
2c1223f6-bbca-11e8-b2bc-ac1f6b6435d0,5,5
2c12d078-bbaf-11e8-b2ba-ac1f6b6435d0,25 23 5,25
2c13dc48-bbbe-11e8-b2ba-ac1f6b6435d0,0,5
2c150f6a-bb9a-11e8-b2b9-ac1f6b6435d0,25 4,4 25
2c16dfc4-bbb4-11e8-b2ba-ac1f6b6435d0,25,25
2c17d590-bbab-11e8-b2ba-ac1f6b6435d0,7 21,25
2c187f0a-bbbe-11e8-b2ba-ac1f6b6435d0,6,6
2c1886b0-bbc5-11e8-b2bc-ac1f6b6435d0,26,26
2c1c30ea-bbc4-11e8-b2bc-ac1f6b6435d0,2 21,2 21
2c1c696e-bbad-11e8-b2ba-ac1f6b6435d0,25,25
2c1fe16e-bbaa-11e8-b2ba-ac1f6b6435d0,0 21,0 12
2c1ffef0-bbb0-11e8-b2ba-ac1f6b6435d0,19 0,0 19
2c215ca6-bbb9-11e8-b2ba-ac1f6b6435d0,1 0,0 1 25
2c24f0a0-bbc8-11e8-b2bc-ac1f6b6435d0,0,0 7
2c2730f2-bbca-11e8-b2bc-ac1f6b6435d0,25 0,0 21
2c2a12bc-bb9e-11e8-b2b9-ac1f6b6435d0,0,0
2c2c69c4-bba6-11e8-b2ba-ac1f6b6435d0,0,0
2c2cd422-bbab-11e8-b2ba-ac1f6b6435d0,12,12 21
2c2e653e-bba2-11e8-b2b9-ac1f6b6435d0,21,21 25
2c35005c-bbbf-11e8-b2ba-ac1f6b6435d0,22 7 0,0 7
2c371ae0-bba6-11e8-b2ba-ac1f6b6435d0,25 18,25
2c37f00c-bba4-11e8-b2b9-ac1f6b6435d0,23,23
2c3c20cc-bbb9-11e8-b2ba-ac1f6b6435d0,25 6,23
2c3e80b6-bb9a-11e8-b2b9-ac1f6b6435d0,3,3
2c3ef042-bbb7-11e8-b2ba-ac1f6b6435d0,25 11 0,0 7
2c40b2c6-bba6-11e8-b2ba-ac1f6b6435d0,18,18
2c43bdcc-bba6-11e8-b2ba-ac1f6b6435d0,2 0 21,2 21
2c4661ea-bb9b-11e8-b2b9-ac1f6b6435d0,14,14
2c475ca6-bbca-11e8-b2bc-ac1f6b6435d0,7,7
2c496dcc-bba5-11e8-b2ba-ac1f6b6435d0,25 0,0 25
2c4bc7c0-bba5-11e8-b2ba-ac1f6b6435d0,23,23
2c4c8048-bbaa-11e8-b2ba-ac1f6b6435d0,11,11
2c4fdab8-bb9b-11e8-b2b9-ac1f6b6435d0,25 5 0,0 5 25
2c523024-bbaf-11e8-b2ba-ac1f6b6435d0,25 1,1 25
2c530eac-bbbb-11e8-b2ba-ac1f6b6435d0,25 0,0
2c533ef6-bbbe-11e8-b2ba-ac1f6b6435d0,25 4,4
2c545fd8-bbab-11e8-b2ba-ac1f6b6435d0,4,0
2c567304-bb9c-11e8-b2b9-ac1f6b6435d0,11,11
2c56d0b2-bba9-11e8-b2ba-ac1f6b6435d0,23,7 23
2c58ecc0-bbb4-11e8-b2ba-ac1f6b6435d0,11,11
2c60c556-bba2-11e8-b2b9-ac1f6b6435d0,23,23
2c60fcde-bbb5-11e8-b2ba-ac1f6b6435d0,25 0,0 25
2c65d3a8-bbba-11e8-b2ba-ac1f6b6435d0,18,18
2c6719bc-bbc8-11e8-b2bc-ac1f6b6435d0,1 0,0 1
2c690c46-bbc7-11e8-b2bc-ac1f6b6435d0,7,7
2c694a1c-bbae-11e8-b2ba-ac1f6b6435d0,0 21,0 21
2c6f1476-bbac-11e8-b2ba-ac1f6b6435d0,16 14 0,0 14 16
2c704c04-bb9f-11e8-b2b9-ac1f6b6435d0,4,2 4
2c71ccce-bbb2-11e8-b2ba-ac1f6b6435d0,0 21,0 21
2c76c520-bba9-11e8-b2ba-ac1f6b6435d0,18,18
2c8084e8-bbc2-11e8-b2bb-ac1f6b6435d0,6 5,5 6
2c821ca6-bba7-11e8-b2ba-ac1f6b6435d0,0,0
2c831638-bb9d-11e8-b2b9-ac1f6b6435d0,25,11 25
2c83ee4c-bb9c-11e8-b2b9-ac1f6b6435d0,25 0,0 5 25
2c864f5c-bbbf-11e8-b2ba-ac1f6b6435d0,26,4
2c8ff142-bbc4-11e8-b2bc-ac1f6b6435d0,23,23
2c908aa8-bbc4-11e8-b2bc-ac1f6b6435d0,5 0,0 5
2c91d00e-bb9a-11e8-b2b9-ac1f6b6435d0,2,2
2c94110a-bb9c-11e8-b2b9-ac1f6b6435d0,7,7
2c96adda-bbc8-11e8-b2bc-ac1f6b6435d0,25 2,2 25
2c976c3e-bbb9-11e8-b2ba-ac1f6b6435d0,23,23
2c997d60-bbbb-11e8-b2ba-ac1f6b6435d0,4,4
2c9c097c-bbac-11e8-b2ba-ac1f6b6435d0,11,11
2c9c8e00-bbad-11e8-b2ba-ac1f6b6435d0,25 7 2 0,2 25
2c9d5192-bbb1-11e8-b2ba-ac1f6b6435d0,11,11
2c9e2252-bb9d-11e8-b2b9-ac1f6b6435d0,12 25,12
2c9e4fb8-bbc3-11e8-b2bc-ac1f6b6435d0,25 5,25
2ca4e612-bb9f-11e8-b2b9-ac1f6b6435d0,22 25 7,22
2ca7e13a-bbba-11e8-b2ba-ac1f6b6435d0,11,11
2ca8a4f8-bbbf-11e8-b2ba-ac1f6b6435d0,0 21,21 22 25
2cab52bc-bb9b-11e8-b2b9-ac1f6b6435d0,0 21,0 21
2cabfc06-bb9d-11e8-b2b9-ac1f6b6435d0,21,21
2cac28fa-bbae-11e8-b2ba-ac1f6b6435d0,7 0,5 7
2caf7f12-bb9c-11e8-b2b9-ac1f6b6435d0,1,1
2cb02586-bba9-11e8-b2ba-ac1f6b6435d0,25 17 0,0 16 17 25
2cb0f758-bbb4-11e8-b2ba-ac1f6b6435d0,1 21,0 1 21 25
2cb1859c-bbaa-11e8-b2ba-ac1f6b6435d0,0,0
2cb58486-bbae-11e8-b2ba-ac1f6b6435d0,21,21
2cb68024-bba5-11e8-b2ba-ac1f6b6435d0,7 0,7
2cb7ba1e-bbac-11e8-b2ba-ac1f6b6435d0,0,0
2cb89494-bbab-11e8-b2ba-ac1f6b6435d0,25 21,25
2cbb5982-bba5-11e8-b2ba-ac1f6b6435d0,14 17,14
2cbe5910-bbb5-11e8-b2ba-ac1f6b6435d0,6,6
2cc00882-bba1-11e8-b2b9-ac1f6b6435d0,1,1
2cc2cb64-bbbd-11e8-b2ba-ac1f6b6435d0,3 0,0 3
2cc4837c-bb9b-11e8-b2b9-ac1f6b6435d0,25 0,0 25
2cc6032a-bba3-11e8-b2b9-ac1f6b6435d0,19,18 19
2cc7f20e-bba6-11e8-b2ba-ac1f6b6435d0,0 21,0 21
2cc8d264-bbc4-11e8-b2bc-ac1f6b6435d0,0,0
2cca4740-bbb3-11e8-b2ba-ac1f6b6435d0,0,0
2ccb5c2e-bbaf-11e8-b2ba-ac1f6b6435d0,3 0,0
2ccbe13a-bbb9-11e8-b2ba-ac1f6b6435d0,19 0,0 19
2ccd19b4-bbc4-11e8-b2bc-ac1f6b6435d0,25 0,0 25
2cced850-bbb3-11e8-b2ba-ac1f6b6435d0,23 0,0 23
2ccf1cf4-bbbb-11e8-b2ba-ac1f6b6435d0,5 0,0 5
2ccf4fc2-bba6-11e8-b2ba-ac1f6b6435d0,5 0,0
2cd241bc-bbc6-11e8-b2bc-ac1f6b6435d0,4,4
2cd26eec-bbc8-11e8-b2bc-ac1f6b6435d0,22 14,14
2cd28bf4-bbbc-11e8-b2ba-ac1f6b6435d0,3,3
2cd2c2d8-bb9c-11e8-b2b9-ac1f6b6435d0,7 0,0 7
2cd329b0-bbc1-11e8-b2bb-ac1f6b6435d0,25 21,21
2cd4669e-bb9a-11e8-b2b9-ac1f6b6435d0,22 2,2
2cd73424-bbbc-11e8-b2ba-ac1f6b6435d0,19 5 1 0,0 1
2cda1060-bbab-11e8-b2ba-ac1f6b6435d0,14,14
2cdc4c22-bbbf-11e8-b2ba-ac1f6b6435d0,25 14,14
2cde2248-bb9e-11e8-b2b9-ac1f6b6435d0,23,23
2cdeafc8-bbb8-11e8-b2ba-ac1f6b6435d0,25 3 0,0 3
2ce0c6c4-bbad-11e8-b2ba-ac1f6b6435d0,2,2 23
2ce3f140-bbb3-11e8-b2ba-ac1f6b6435d0,0,0
2ce4fb14-bbc5-11e8-b2bc-ac1f6b6435d0,7,7
2cea24d4-bba4-11e8-b2b9-ac1f6b6435d0,23 3 0,0 3 25
2cecad2c-bbb7-11e8-b2ba-ac1f6b6435d0,25,23
2ced0ad2-bba4-11e8-b2b9-ac1f6b6435d0,6,25
2ceda3da-bbc1-11e8-b2bb-ac1f6b6435d0,25 0,0 25
2cf13372-bbb4-11e8-b2ba-ac1f6b6435d0,25,23
2cf2c73e-bba8-11e8-b2ba-ac1f6b6435d0,6,6
2cf80272-bba2-11e8-b2b9-ac1f6b6435d0,21,0 21
2cf8a870-bbb2-11e8-b2ba-ac1f6b6435d0,23 0,0 23
2cfa7bc2-bba4-11e8-b2b9-ac1f6b6435d0,23,23
2cff2206-bbab-11e8-b2ba-ac1f6b6435d0,25 4,20
2cff58f0-bba8-11e8-b2ba-ac1f6b6435d0,2,3
2cffa8fc-bbbf-11e8-b2ba-ac1f6b6435d0,0,0
2d014f8c-bba0-11e8-b2b9-ac1f6b6435d0,12,0 12
2d03efbc-bbbe-11e8-b2ba-ac1f6b6435d0,0 21,0 21
2d048bf4-bbc1-11e8-b2bb-ac1f6b6435d0,7,7
2d086c98-bbb1-11e8-b2ba-ac1f6b6435d0,6,6 20
2d099e16-bb9c-11e8-b2b9-ac1f6b6435d0,2,0 2
2d0baa22-bbaa-11e8-b2ba-ac1f6b6435d0,24,24
2d0c159c-bbba-11e8-b2ba-ac1f6b6435d0,12 25,1
2d0ce2ce-bbba-11e8-b2ba-ac1f6b6435d0,19 25,19
2d0d67a2-bbb1-11e8-b2ba-ac1f6b6435d0,4,4
2d0f93a0-bba3-11e8-b2b9-ac1f6b6435d0,21,21 25
2d10be38-bbc1-11e8-b2bb-ac1f6b6435d0,1 0,0 1 25
2d12659e-bbc1-11e8-b2bb-ac1f6b6435d0,14,14 21
2d127a12-bbc5-11e8-b2bc-ac1f6b6435d0,0 21,0 21
2d147fe8-bbab-11e8-b2ba-ac1f6b6435d0,21,21
2d14918c-bba5-11e8-b2ba-ac1f6b6435d0,4,4
2d1a9ab6-bbc1-11e8-b2bb-ac1f6b6435d0,12 5,12
2d2393fe-bba4-11e8-b2b9-ac1f6b6435d0,12 0,0 12
2d23d10a-bbc9-11e8-b2bc-ac1f6b6435d0,25 13,25
2d25ba8e-bbbe-11e8-b2ba-ac1f6b6435d0,25 4,4 25
2d279bd6-bbb1-11e8-b2ba-ac1f6b6435d0,16 14 0,0
2d2af0fe-bbb3-11e8-b2ba-ac1f6b6435d0,11 0,0 11
2d2d12a2-bbaa-11e8-b2ba-ac1f6b6435d0,25,21 25 26
2d2da0b8-bba1-11e8-b2b9-ac1f6b6435d0,11,4 11
2d2f0006-bba7-11e8-b2ba-ac1f6b6435d0,25,21
2d310b40-bb9c-11e8-b2b9-ac1f6b6435d0,20 0,0
2d318648-bbaf-11e8-b2ba-ac1f6b6435d0,11,11
2d33812a-bbad-11e8-b2ba-ac1f6b6435d0,23,23
2d36f8bc-bbc3-11e8-b2bc-ac1f6b6435d0,25 0,0 25
2d3809ec-bbbd-11e8-b2ba-ac1f6b6435d0,25 2,2 25
2d395998-bba2-11e8-b2b9-ac1f6b6435d0,23,23
2d3a89f8-bbb1-11e8-b2ba-ac1f6b6435d0,25 0,0 21 25
2d3a9894-bba7-11e8-b2ba-ac1f6b6435d0,25 11,11 25
2d3aef44-bbaf-11e8-b2ba-ac1f6b6435d0,25,25
2d3b3776-bbad-11e8-b2ba-ac1f6b6435d0,7,7
2d3f2a04-bba1-11e8-b2b9-ac1f6b6435d0,2,2
2d406f80-bbb6-11e8-b2ba-ac1f6b6435d0,0,0 26
2d42862a-bbc6-11e8-b2bc-ac1f6b6435d0,23,25
2d42c6bc-bbbc-11e8-b2ba-ac1f6b6435d0,25 0,0 25
2d4300b0-bba7-11e8-b2ba-ac1f6b6435d0,23 2,2 3 23
2d435dfe-bbc9-11e8-b2bc-ac1f6b6435d0,6 14 2,2 6 14
2d491298-bbca-11e8-b2bc-ac1f6b6435d0,12,12
2d4ac5a6-bba3-11e8-b2b9-ac1f6b6435d0,2,0 2
2d4c08b6-bbae-11e8-b2ba-ac1f6b6435d0,3 0,4
2d4c3194-bba2-11e8-b2b9-ac1f6b6435d0,2,2
2d53af7c-bbc1-11e8-b2bb-ac1f6b6435d0,25 0,0
2d54d462-bbba-11e8-b2ba-ac1f6b6435d0,13 7 0,0 7
2d590f76-bbb2-11e8-b2ba-ac1f6b6435d0,25 0,0
2d5915a8-bba7-11e8-b2ba-ac1f6b6435d0,0 21,0 21
2d59be4e-bbbc-11e8-b2ba-ac1f6b6435d0,14,14
2d59f556-bb9b-11e8-b2b9-ac1f6b6435d0,0,0
2d5d8f10-bba8-11e8-b2ba-ac1f6b6435d0,23,0 23
2d5e6768-bba4-11e8-b2b9-ac1f6b6435d0,0,0
2d616f14-bbac-11e8-b2ba-ac1f6b6435d0,2 0,2
2d62538c-bbae-11e8-b2ba-ac1f6b6435d0,25 1 0,0 1 25
2d678d4a-bba2-11e8-b2b9-ac1f6b6435d0,25,21 25
2d69f584-bbc1-11e8-b2bb-ac1f6b6435d0,22 21,22
2d6e1208-bba9-11e8-b2ba-ac1f6b6435d0,1 0,0 1
2d6f7e9a-bbc2-11e8-b2bb-ac1f6b6435d0,23 0,0 23
2d711bb2-bbac-11e8-b2ba-ac1f6b6435d0,4,4
2d718038-bbc6-11e8-b2bc-ac1f6b6435d0,21,21
2d76e1e0-bbb7-11e8-b2ba-ac1f6b6435d0,21,21
2d7ac9fc-bbb4-11e8-b2ba-ac1f6b6435d0,6,6
2d7c026c-bbab-11e8-b2ba-ac1f6b6435d0,25 0,0 21
2d83f06c-bbb5-11e8-b2ba-ac1f6b6435d0,0,0
2d851166-bbc6-11e8-b2bc-ac1f6b6435d0,25 7 0,0 7 25
2d86908e-bba0-11e8-b2b9-ac1f6b6435d0,23,23
2d86dc9a-bbb6-11e8-b2ba-ac1f6b6435d0,18 0,18 19
2d8bf834-bbc9-11e8-b2bc-ac1f6b6435d0,14 2,2 14
2d8d9720-bbc4-11e8-b2bc-ac1f6b6435d0,0,0
2d8ed0a6-bbb3-11e8-b2ba-ac1f6b6435d0,6 3,3
2d8fc63c-bba4-11e8-b2b9-ac1f6b6435d0,24,24
2d90c1f6-bbac-11e8-b2ba-ac1f6b6435d0,0,0
2d91f5e0-bbb5-11e8-b2ba-ac1f6b6435d0,0,0
2d9269a8-bb9c-11e8-b2b9-ac1f6b6435d0,25 0,0
2d974fe0-bbab-11e8-b2ba-ac1f6b6435d0,7,7 20
2d982978-bbb1-11e8-b2ba-ac1f6b6435d0,5 0,0 25
2da04718-bba0-11e8-b2b9-ac1f6b6435d0,26,26
2da04ca4-bba0-11e8-b2b9-ac1f6b6435d0,11,11
2da2ef3c-bbbd-11e8-b2ba-ac1f6b6435d0,5,5
2da34bfa-bbb6-11e8-b2ba-ac1f6b6435d0,0,0
2da3b43c-bbc0-11e8-b2bb-ac1f6b6435d0,23,0 23
2da3e70c-bb9a-11e8-b2b9-ac1f6b6435d0,5,5
2da4c758-bb9f-11e8-b2b9-ac1f6b6435d0,23 0,0 23
2da59b68-bbb0-11e8-b2ba-ac1f6b6435d0,5,5
2da6f2d6-bbc1-11e8-b2bb-ac1f6b6435d0,23,23
2da838cc-bbca-11e8-b2bc-ac1f6b6435d0,23,23
2daa9b3e-bbb2-11e8-b2ba-ac1f6b6435d0,16 25 14,16 25
2dab046e-bba5-11e8-b2ba-ac1f6b6435d0,23 21,23
2dab7d44-bbab-11e8-b2ba-ac1f6b6435d0,1 0,0 1
2dac2632-bba5-11e8-b2ba-ac1f6b6435d0,25 5 0,0
2daec10e-bbc2-11e8-b2bb-ac1f6b6435d0,7,7
2db31904-bba2-11e8-b2b9-ac1f6b6435d0,25 0,0 25
2db5d90e-bba8-11e8-b2ba-ac1f6b6435d0,7,7
2db65030-bbb4-11e8-b2ba-ac1f6b6435d0,21,21
2db6667e-bb9b-11e8-b2b9-ac1f6b6435d0,19 25,19 25
2db9e20e-bba5-11e8-b2ba-ac1f6b6435d0,7,7
2dbb4fec-bba3-11e8-b2b9-ac1f6b6435d0,21,21 22
2dbb6ae6-bbca-11e8-b2bc-ac1f6b6435d0,25 5,0 5 25
2dbc4010-bbbb-11e8-b2ba-ac1f6b6435d0,14,14
2dbcf952-bb9c-11e8-b2b9-ac1f6b6435d0,25 0,0 25
2dbf7772-bb9c-11e8-b2b9-ac1f6b6435d0,7,7
2dbfea18-bbc4-11e8-b2bc-ac1f6b6435d0,23,23
2dc160c6-bb9e-11e8-b2b9-ac1f6b6435d0,0 21,0 21
2dc44532-bbc8-11e8-b2bc-ac1f6b6435d0,4,4
2dc4c3a4-bb9b-11e8-b2b9-ac1f6b6435d0,11 0,7 11 25
2dc6d6de-bbb5-11e8-b2ba-ac1f6b6435d0,23,23
2dd37170-bbb3-11e8-b2ba-ac1f6b6435d0,13 2 0,0 2
2dd9907c-bbb4-11e8-b2ba-ac1f6b6435d0,25,26
2dd9eb5e-bbae-11e8-b2ba-ac1f6b6435d0,25,24 25
2ddbcd2c-bb9d-11e8-b2b9-ac1f6b6435d0,23,23
2ddc38d4-bbbb-11e8-b2ba-ac1f6b6435d0,22 0 21,0 25
2ddea64a-bbc6-11e8-b2bc-ac1f6b6435d0,0,0
2de1d7fe-bbb0-11e8-b2ba-ac1f6b6435d0,18,18
2de24e46-bba6-11e8-b2ba-ac1f6b6435d0,25 5 3 0,5 25
2de85018-bbbd-11e8-b2ba-ac1f6b6435d0,21,21
2dea8d7a-bba8-11e8-b2ba-ac1f6b6435d0,21,21 25
2deb390c-bbb0-11e8-b2ba-ac1f6b6435d0,2,2
2deb7d32-bbc3-11e8-b2bc-ac1f6b6435d0,7 2 0,0 2 7
2dec99ea-bbc0-11e8-b2bb-ac1f6b6435d0,0,0
2ded4a66-bbb6-11e8-b2ba-ac1f6b6435d0,18 0,0 18
2dedec58-bb9f-11e8-b2b9-ac1f6b6435d0,2,2
2df08b00-bbba-11e8-b2ba-ac1f6b6435d0,25 0 21,0 21
2df165b0-bbc5-11e8-b2bc-ac1f6b6435d0,7 2 0,0 2 7
2df48890-bbab-11e8-b2ba-ac1f6b6435d0,6 0,6
2df5aa70-bba3-11e8-b2b9-ac1f6b6435d0,0 21,0 25
2df78754-bbb8-11e8-b2ba-ac1f6b6435d0,6,21
2df7ddaa-bbb6-11e8-b2ba-ac1f6b6435d0,26,26
2df9c794-bb9a-11e8-b2b9-ac1f6b6435d0,25 13,13 25
2df9fef0-bbc0-11e8-b2bb-ac1f6b6435d0,14,21 25
2dfacb0e-bbad-11e8-b2ba-ac1f6b6435d0,7,7
2dfc4218-bba3-11e8-b2b9-ac1f6b6435d0,25 0,0 25
2e0397a6-bbbd-11e8-b2ba-ac1f6b6435d0,25 21,21
2e0608f2-bba8-11e8-b2ba-ac1f6b6435d0,3 0,0 3
2e064b18-bbb8-11e8-b2ba-ac1f6b6435d0,16,16
2e06e254-bba8-11e8-b2ba-ac1f6b6435d0,5,0 25
2e0c21f6-bbb7-11e8-b2ba-ac1f6b6435d0,3 0,0 3
2e0dbbae-bbaa-11e8-b2ba-ac1f6b6435d0,25 0,21
2e0f8e98-bbaf-11e8-b2ba-ac1f6b6435d0,0,0
2e102788-bbb2-11e8-b2ba-ac1f6b6435d0,3,2 3
2e107362-bbaf-11e8-b2ba-ac1f6b6435d0,25 0,0 2 25
2e12df76-bb9b-11e8-b2b9-ac1f6b6435d0,6 1,1
2e148bfc-bbb7-11e8-b2ba-ac1f6b6435d0,7 5,0 7
2e15d89e-bbae-11e8-b2ba-ac1f6b6435d0,0,0
2e169314-bbc3-11e8-b2bc-ac1f6b6435d0,11,11
2e18e742-bba3-11e8-b2b9-ac1f6b6435d0,2 0,0 2
2e1ac1da-bbb6-11e8-b2ba-ac1f6b6435d0,25 6,2 25
2e1b333c-bbc4-11e8-b2bc-ac1f6b6435d0,23,7
2e1daab6-bbb7-11e8-b2ba-ac1f6b6435d0,7,7
2e1db106-bbca-11e8-b2bc-ac1f6b6435d0,0,0 7
2e20c81a-bbab-11e8-b2ba-ac1f6b6435d0,7,7
2e23bcb0-bba5-11e8-b2ba-ac1f6b6435d0,23 0,23
2e2485ee-bba7-11e8-b2ba-ac1f6b6435d0,25 2,3 25
2e277dbe-bbb9-11e8-b2ba-ac1f6b6435d0,23,23
2e2b9454-bbb8-11e8-b2ba-ac1f6b6435d0,21,21
2e2e36e0-bbb4-11e8-b2ba-ac1f6b6435d0,19 0,19
2e309f4c-bbb5-11e8-b2ba-ac1f6b6435d0,23,23
2e30a0b0-bb9b-11e8-b2b9-ac1f6b6435d0,2 0,0 2
2e3674b6-bbbb-11e8-b2ba-ac1f6b6435d0,26 4,4
2e378f86-bba7-11e8-b2ba-ac1f6b6435d0,12 25 2,2 25
2e3af156-bba9-11e8-b2ba-ac1f6b6435d0,1 0,0 1
2e3b9b34-bb9e-11e8-b2b9-ac1f6b6435d0,5 0,5
2e3d4b32-bbad-11e8-b2ba-ac1f6b6435d0,7,7
2e413c20-bb9d-11e8-b2b9-ac1f6b6435d0,0,0
2e424322-bbb6-11e8-b2ba-ac1f6b6435d0,4,4
2e43d6a8-bbbe-11e8-b2ba-ac1f6b6435d0,0,0
2e44886e-bbb9-11e8-b2ba-ac1f6b6435d0,25,25
2e455b5a-bbbd-11e8-b2ba-ac1f6b6435d0,23 2,23
2e49a550-bbc9-11e8-b2bc-ac1f6b6435d0,0,0
2e4ab374-bb9b-11e8-b2b9-ac1f6b6435d0,2,0 2 25
2e4d0810-bbbc-11e8-b2ba-ac1f6b6435d0,1 0,0
2e4d4cf0-bbbf-11e8-b2ba-ac1f6b6435d0,5,5
2e4d53ec-bba3-11e8-b2b9-ac1f6b6435d0,2,2 19
2e4d9752-bbb3-11e8-b2ba-ac1f6b6435d0,25,21 25
2e502d04-bbc3-11e8-b2bc-ac1f6b6435d0,2 0,0 2
2e520340-bbc8-11e8-b2bc-ac1f6b6435d0,4,4 21
2e53b28c-bbad-11e8-b2ba-ac1f6b6435d0,4,0
2e553f78-bbb0-11e8-b2ba-ac1f6b6435d0,5 0,0 5
2e56397c-bba7-11e8-b2ba-ac1f6b6435d0,19,19
2e5691f6-bbac-11e8-b2ba-ac1f6b6435d0,23 0 21,23
2e5931ec-bbb9-11e8-b2ba-ac1f6b6435d0,25 0,0 23
2e59ad88-bbab-11e8-b2ba-ac1f6b6435d0,6,25
2e5acbd8-bba5-11e8-b2ba-ac1f6b6435d0,22 0,0 22
2e5c1b04-bbbf-11e8-b2ba-ac1f6b6435d0,21,25
2e5d0678-bbaa-11e8-b2ba-ac1f6b6435d0,6,6
2e5d49ee-bbb9-11e8-b2ba-ac1f6b6435d0,0 21,0 21
2e5ed292-bbae-11e8-b2ba-ac1f6b6435d0,25 23 0,7
2e5eeae2-bbc3-11e8-b2bc-ac1f6b6435d0,25 0,0 25
2e625b12-bbca-11e8-b2bc-ac1f6b6435d0,25 0,0 23
2e631a08-bbb0-11e8-b2ba-ac1f6b6435d0,14,14
2e643fe6-bbc9-11e8-b2bc-ac1f6b6435d0,5,0
2e645160-bbc5-11e8-b2bc-ac1f6b6435d0,21,21 25
2e654984-bbb2-11e8-b2ba-ac1f6b6435d0,0,0
2e6a59b6-bbc5-11e8-b2bc-ac1f6b6435d0,25 7 21,7 21
2e6b027c-bba1-11e8-b2b9-ac1f6b6435d0,25,25
2e6c9d7a-bbc5-11e8-b2bc-ac1f6b6435d0,25 5,5
2e6d82be-bba5-11e8-b2ba-ac1f6b6435d0,13,13 22
2e6e0f18-bba5-11e8-b2ba-ac1f6b6435d0,16 18 17 0,0 17 18
2e6f4f96-bbc7-11e8-b2bc-ac1f6b6435d0,4,4 25
2e72e1d6-bbc9-11e8-b2bc-ac1f6b6435d0,25 6 2,2 6 25
2e754fae-bbbd-11e8-b2ba-ac1f6b6435d0,25 3,25
2e7797fc-bba7-11e8-b2ba-ac1f6b6435d0,23,23
2e77e2a4-bbaa-11e8-b2ba-ac1f6b6435d0,0,0
2e78c244-bbc5-11e8-b2bc-ac1f6b6435d0,7,7
2e7a829e-bb9a-11e8-b2b9-ac1f6b6435d0,7,7
2e7b5b04-bbba-11e8-b2ba-ac1f6b6435d0,25 0,0 7
2e8058be-bb9e-11e8-b2b9-ac1f6b6435d0,2 0,0 2
2e83e3a2-bbb8-11e8-b2ba-ac1f6b6435d0,23 0,0 23
2e88d8e2-bba6-11e8-b2ba-ac1f6b6435d0,2 0,0 2
2e8a7454-bbb5-11e8-b2ba-ac1f6b6435d0,25,25
2e8a7bea-bbbd-11e8-b2ba-ac1f6b6435d0,1,1
2e91a70e-bbad-11e8-b2ba-ac1f6b6435d0,25 0,0
2e928e72-bbb6-11e8-b2ba-ac1f6b6435d0,23,7
2e92a0ae-bb9a-11e8-b2b9-ac1f6b6435d0,21,21
2e92abcc-bba8-11e8-b2ba-ac1f6b6435d0,0 21,0 21
2e939988-bbb2-11e8-b2ba-ac1f6b6435d0,25 1,0 1 25
2e96be06-bbc6-11e8-b2bc-ac1f6b6435d0,6 1,1 21 25
2e9a6e58-bba2-11e8-b2b9-ac1f6b6435d0,19 2 0,0 5
2e9b0760-bbbf-11e8-b2ba-ac1f6b6435d0,14,14 16
2e9ce08e-bb9d-11e8-b2b9-ac1f6b6435d0,26,26
2e9d335a-bbb5-11e8-b2ba-ac1f6b6435d0,0,0 25
2e9eab72-bba1-11e8-b2b9-ac1f6b6435d0,7 0,0 7
2ea67f94-bbb7-11e8-b2ba-ac1f6b6435d0,24 25,24
2ea9715e-bbbc-11e8-b2ba-ac1f6b6435d0,3,3
2eaa0e5e-bbab-11e8-b2ba-ac1f6b6435d0,25 5,5 25
2ead2d50-bba1-11e8-b2b9-ac1f6b6435d0,3,3
2eadce30-bba7-11e8-b2ba-ac1f6b6435d0,23 0,0 23
2eaefd72-bbc6-11e8-b2bc-ac1f6b6435d0,23,23
2eb0ae52-bb9d-11e8-b2b9-ac1f6b6435d0,25 0,0 25
2eb0b6de-bba4-11e8-b2b9-ac1f6b6435d0,23,23
2eb2951a-bbc4-11e8-b2bc-ac1f6b6435d0,22 19 0,22
2eb2a198-bbbc-11e8-b2ba-ac1f6b6435d0,25 7,25
2eb40d8c-bbc9-11e8-b2bc-ac1f6b6435d0,25 0,0 25
2eb658dc-bbb3-11e8-b2ba-ac1f6b6435d0,23,23
2eb82724-bbaf-11e8-b2ba-ac1f6b6435d0,2,4 25
2eb84c80-bba1-11e8-b2b9-ac1f6b6435d0,25 0,0
2eb947c0-bbb0-11e8-b2ba-ac1f6b6435d0,25 0,0 25
2ebac016-bbc2-11e8-b2bb-ac1f6b6435d0,0,0 25
2ebc490c-bb9c-11e8-b2b9-ac1f6b6435d0,3,3
2ebf658c-bba7-11e8-b2ba-ac1f6b6435d0,14,14
2ec0cfbe-bbb9-11e8-b2ba-ac1f6b6435d0,24,11
2ec0f1ae-bbbb-11e8-b2ba-ac1f6b6435d0,7 2,0 2 7
2ec14d0a-bbb8-11e8-b2ba-ac1f6b6435d0,25 5 0,5 25
2ec26b96-bbb2-11e8-b2ba-ac1f6b6435d0,25,0 25
2ec36e5c-bba7-11e8-b2ba-ac1f6b6435d0,21,21
2ec7a726-bbaf-11e8-b2ba-ac1f6b6435d0,14 0,0 14
2ec7d3ca-bbc5-11e8-b2bc-ac1f6b6435d0,25 1,1 25
2eca2db4-bbca-11e8-b2bc-ac1f6b6435d0,25,25
2ecab68e-bbb2-11e8-b2ba-ac1f6b6435d0,23,23
2eccec68-bbb4-11e8-b2ba-ac1f6b6435d0,0,0
2ece0680-bbbd-11e8-b2ba-ac1f6b6435d0,23 0,0 23
2ed3b31e-bbc7-11e8-b2bc-ac1f6b6435d0,22,22
2ed3cc9a-bbc8-11e8-b2bc-ac1f6b6435d0,25 4,0 25
2ed77252-bbad-11e8-b2ba-ac1f6b6435d0,2,3
2ed7760c-bbb8-11e8-b2ba-ac1f6b6435d0,23,23
2ed977ac-bbb5-11e8-b2ba-ac1f6b6435d0,23,23
2eda3904-bbaa-11e8-b2ba-ac1f6b6435d0,0,0 25
2eda7180-bbc8-11e8-b2bc-ac1f6b6435d0,3,3
2eddbd40-bb9b-11e8-b2b9-ac1f6b6435d0,2 0,0 2
2edec5ec-bb9a-11e8-b2b9-ac1f6b6435d0,23 0,0 23
2edfa15a-bbaa-11e8-b2ba-ac1f6b6435d0,25 0,0 25
2ee00602-bbac-11e8-b2ba-ac1f6b6435d0,25 0,0 21 25
2ee5f37a-bba5-11e8-b2ba-ac1f6b6435d0,13,13
2ee6a2c6-bbb3-11e8-b2ba-ac1f6b6435d0,2,18
2eef43d8-bbac-11e8-b2ba-ac1f6b6435d0,25 0,0 7 25
2ef4943e-bbc3-11e8-b2bc-ac1f6b6435d0,4 0,0
2ef606e2-bbb5-11e8-b2ba-ac1f6b6435d0,18,2 19
2ef6ac9c-bbbe-11e8-b2ba-ac1f6b6435d0,11,11
2ef721b4-bbb3-11e8-b2ba-ac1f6b6435d0,25,21
2f04dd2a-bbbf-11e8-b2ba-ac1f6b6435d0,2 0,0 5
2f06327e-bbbf-11e8-b2ba-ac1f6b6435d0,0,0 25
2f09dc2e-bbbc-11e8-b2ba-ac1f6b6435d0,6,0 1 7
2f0c0648-bb9e-11e8-b2b9-ac1f6b6435d0,25 5,11
2f0c11c4-bbc1-11e8-b2bb-ac1f6b6435d0,0,0
2f0e6776-bbb7-11e8-b2ba-ac1f6b6435d0,5,5 14
2f0ef5ea-bbb4-11e8-b2ba-ac1f6b6435d0,25,7 25
2f10401a-bbc0-11e8-b2bb-ac1f6b6435d0,25,25
2f105bbe-bba6-11e8-b2ba-ac1f6b6435d0,25,25
2f1323ee-bbb5-11e8-b2ba-ac1f6b6435d0,25 0,0 7
2f13f992-bbc7-11e8-b2bc-ac1f6b6435d0,25 0,0
2f15d654-bbb8-11e8-b2ba-ac1f6b6435d0,0,0
2f17c88e-bbad-11e8-b2ba-ac1f6b6435d0,5,5
2f1be91e-bbb7-11e8-b2ba-ac1f6b6435d0,0,0
2f1c0338-bb9c-11e8-b2b9-ac1f6b6435d0,3 0,0 3
2f1c3a04-bbbc-11e8-b2ba-ac1f6b6435d0,22 0,0 22
2f1e100e-bba3-11e8-b2b9-ac1f6b6435d0,5,5
2f20a282-bbc2-11e8-b2bb-ac1f6b6435d0,23 0,0 5 25
2f249f80-bbaa-11e8-b2ba-ac1f6b6435d0,5 0,0 11
2f2a01d6-bbba-11e8-b2ba-ac1f6b6435d0,11,0 25
2f2a2b90-bb9a-11e8-b2b9-ac1f6b6435d0,23,23
2f2cf08e-bba2-11e8-b2b9-ac1f6b6435d0,25 0,25
2f2f5ad2-bbb0-11e8-b2ba-ac1f6b6435d0,5,5
2f322c68-bb9b-11e8-b2b9-ac1f6b6435d0,0,0
2f336588-bbb9-11e8-b2ba-ac1f6b6435d0,2,2
2f343b58-bbc2-11e8-b2bb-ac1f6b6435d0,25 11 2 0,0 25
2f34ecf6-bbc7-11e8-b2bc-ac1f6b6435d0,0 21,7 21
2f3687bc-bba1-11e8-b2b9-ac1f6b6435d0,18,18
2f398158-bbbd-11e8-b2ba-ac1f6b6435d0,0,0
2f39d760-bbc3-11e8-b2bc-ac1f6b6435d0,1 4 2 0,0
2f3a3334-bbbb-11e8-b2ba-ac1f6b6435d0,1 2 0,0 2
2f3afa5c-bbc1-11e8-b2bb-ac1f6b6435d0,25,23 25
2f421186-bbb5-11e8-b2ba-ac1f6b6435d0,18 0,0 25
2f421a6e-bbb5-11e8-b2ba-ac1f6b6435d0,0,0 2
2f4329d4-bba3-11e8-b2b9-ac1f6b6435d0,7,23
2f439258-bbc0-11e8-b2bb-ac1f6b6435d0,3,3
2f4396cc-bba2-11e8-b2b9-ac1f6b6435d0,25 7 0,0 7
2f450fee-bbc9-11e8-b2bc-ac1f6b6435d0,19 25,19 25
2f4692ae-bb9e-11e8-b2b9-ac1f6b6435d0,7 1,1 7
2f47681c-bbbe-11e8-b2ba-ac1f6b6435d0,7 0,0 7 20
2f4a27d4-bbb2-11e8-b2ba-ac1f6b6435d0,7,7
2f4c2b22-bbaf-11e8-b2ba-ac1f6b6435d0,21,0
2f4ffad4-bbc5-11e8-b2bc-ac1f6b6435d0,3,3
2f52cd48-bbc7-11e8-b2bc-ac1f6b6435d0,5,5
2f545f38-bbb7-11e8-b2ba-ac1f6b6435d0,25 4,4 25
2f55beee-bba5-11e8-b2ba-ac1f6b6435d0,23,23
2f58b420-bba8-11e8-b2ba-ac1f6b6435d0,18,7
2f5d09d2-bbb5-11e8-b2ba-ac1f6b6435d0,16,25
2f5d5852-bb9b-11e8-b2b9-ac1f6b6435d0,19,19
2f5d67e4-bbc7-11e8-b2bc-ac1f6b6435d0,23,23
2f5e4b5e-bb9b-11e8-b2b9-ac1f6b6435d0,5 0,5
2f5ea052-bbb6-11e8-b2ba-ac1f6b6435d0,23 4,4 23
2f60d5b2-bb9c-11e8-b2b9-ac1f6b6435d0,7 5,5
2f642838-bb9d-11e8-b2b9-ac1f6b6435d0,2 21,3 21 25
2f650ee0-bba4-11e8-b2b9-ac1f6b6435d0,25 2 0,0 2
2f6514a2-bba0-11e8-b2b9-ac1f6b6435d0,1 2 0,0 1 2
2f6bc9ec-bb9f-11e8-b2b9-ac1f6b6435d0,19 5,0
2f6e456e-bbb8-11e8-b2ba-ac1f6b6435d0,0,25
2f71c85a-bba0-11e8-b2b9-ac1f6b6435d0,25 5 21,0 19 21
2f74c814-bbca-11e8-b2bc-ac1f6b6435d0,4,4
2f75852c-bbae-11e8-b2ba-ac1f6b6435d0,25 1 4,1 4 25
2f75d6dc-bbb1-11e8-b2ba-ac1f6b6435d0,0,0
2f7630da-bbbd-11e8-b2ba-ac1f6b6435d0,21,21
2f795f76-bbc2-11e8-b2bb-ac1f6b6435d0,21,21
2f7acfa4-bbc3-11e8-b2bc-ac1f6b6435d0,23,23
2f823f30-bbca-11e8-b2bc-ac1f6b6435d0,18,18
2f84c59a-bbb9-11e8-b2ba-ac1f6b6435d0,25 0,0 25
2f85a1e6-bbc7-11e8-b2bc-ac1f6b6435d0,12 13,13 25
2f85d944-bba5-11e8-b2ba-ac1f6b6435d0,25 0,0 25
2f85fd08-bbc2-11e8-b2bb-ac1f6b6435d0,3,3
2f867fac-bba5-11e8-b2ba-ac1f6b6435d0,25 13,13
2f86bd10-bbbd-11e8-b2ba-ac1f6b6435d0,25 23,6 23
2f8c5caa-bbab-11e8-b2ba-ac1f6b6435d0,25 0,25
2f8ef692-bba9-11e8-b2ba-ac1f6b6435d0,25 0,21
2f925c4e-bbb6-11e8-b2ba-ac1f6b6435d0,14,14 25
2f93d2a2-bbb3-11e8-b2ba-ac1f6b6435d0,23 5 0,0 23
2f93ffa8-bbad-11e8-b2ba-ac1f6b6435d0,0,0 4
2f94918a-bbca-11e8-b2bc-ac1f6b6435d0,0,0
2f94c4cc-bbc8-11e8-b2bc-ac1f6b6435d0,25 0,5 25
2f964b30-bbb4-11e8-b2ba-ac1f6b6435d0,25 0,25
2f982c92-bba1-11e8-b2b9-ac1f6b6435d0,25 1,1 25
2f99818e-bbc2-11e8-b2bb-ac1f6b6435d0,25 0,0 25
2f9afe9a-bbc4-11e8-b2bc-ac1f6b6435d0,11 0,11
2f9b87e8-bbbf-11e8-b2ba-ac1f6b6435d0,7,7
2f9bb586-bba8-11e8-b2ba-ac1f6b6435d0,23,25
2f9da8b2-bbaa-11e8-b2ba-ac1f6b6435d0,6 9 10,7 9 10
2fa53fb0-bb9f-11e8-b2b9-ac1f6b6435d0,25,25
2fa7cfd0-bbab-11e8-b2ba-ac1f6b6435d0,25 0,0
2fa93714-bb9a-11e8-b2b9-ac1f6b6435d0,4,4
2fa99f5c-bbbc-11e8-b2ba-ac1f6b6435d0,25,0 25
2fab6c20-bbc5-11e8-b2bc-ac1f6b6435d0,19,0 25
2fad87d0-bbc0-11e8-b2bb-ac1f6b6435d0,5 21,5 21
2fae33ee-bbb9-11e8-b2ba-ac1f6b6435d0,23,23
2fb1d834-bba8-11e8-b2ba-ac1f6b6435d0,0,20
2fb1ff62-bbad-11e8-b2ba-ac1f6b6435d0,3 0,0 2
2fb4abcc-bba8-11e8-b2ba-ac1f6b6435d0,7 0,0 5 7
2fb7b90e-bba6-11e8-b2ba-ac1f6b6435d0,23 0,0 23
2fb83ab6-bba4-11e8-b2b9-ac1f6b6435d0,21,21
2fb911a0-bb9c-11e8-b2b9-ac1f6b6435d0,23 2 21,2 21 23
2fbb6e6e-bbb0-11e8-b2ba-ac1f6b6435d0,25 3,3 25
2fc08f0e-bbbd-11e8-b2ba-ac1f6b6435d0,12,0 21
2fc1cd80-bbc5-11e8-b2bc-ac1f6b6435d0,11 0,0 7
2fc6d376-bba6-11e8-b2ba-ac1f6b6435d0,11,11
2fc7689c-bbb3-11e8-b2ba-ac1f6b6435d0,2 0,0
2fc78870-bbb0-11e8-b2ba-ac1f6b6435d0,18,19
2fc8156a-bbc4-11e8-b2bc-ac1f6b6435d0,14 0,14
2fc9e092-bbbb-11e8-b2ba-ac1f6b6435d0,19 0,0 19
2fcaa9b4-bbb1-11e8-b2ba-ac1f6b6435d0,14,14
2fce6586-bbca-11e8-b2bc-ac1f6b6435d0,25,25
2fce7e30-bba3-11e8-b2b9-ac1f6b6435d0,25,0 14 25
2fcec37a-bbbe-11e8-b2ba-ac1f6b6435d0,25 1 0,0 1 25
2fd37df8-bbb3-11e8-b2ba-ac1f6b6435d0,18 0,0 18 19
2fd9d35c-bbbc-11e8-b2ba-ac1f6b6435d0,25 3 0,3 25
2fda9fbc-bbc1-11e8-b2bb-ac1f6b6435d0,3 0,0 3
2fdba652-bbb0-11e8-b2ba-ac1f6b6435d0,12,21
2fdc627e-bba4-11e8-b2b9-ac1f6b6435d0,18 0,0 19
2fe33490-bbc3-11e8-b2bc-ac1f6b6435d0,25 0,0
2fe54152-bb9d-11e8-b2b9-ac1f6b6435d0,0 21,0 21
2fe6191e-bba3-11e8-b2b9-ac1f6b6435d0,2 0,0 2
2fe673a2-bb9c-11e8-b2b9-ac1f6b6435d0,6,23
2fe86dd6-bbb2-11e8-b2ba-ac1f6b6435d0,25 7,7 21 25
2fe9a04a-bbbf-11e8-b2ba-ac1f6b6435d0,11 2,0 2 11
2fe9db0a-bbc9-11e8-b2bc-ac1f6b6435d0,3 0,3
2fea6444-bba6-11e8-b2ba-ac1f6b6435d0,5 0,5
2fea9f44-bba7-11e8-b2ba-ac1f6b6435d0,0,0
2fec917c-bbc1-11e8-b2bb-ac1f6b6435d0,25,7
2feec366-bbb7-11e8-b2ba-ac1f6b6435d0,19,19
2feefef2-bb9f-11e8-b2b9-ac1f6b6435d0,25 0 21,0 21
2fef3480-bbc7-11e8-b2bc-ac1f6b6435d0,19 0,0 19
2ff17150-bbc2-11e8-b2bb-ac1f6b6435d0,0,0 3
2ff6756c-bbc5-11e8-b2bc-ac1f6b6435d0,12 22 21,12 21
2ff69424-bbbc-11e8-b2ba-ac1f6b6435d0,18 5,5
2ff7682c-bba8-11e8-b2ba-ac1f6b6435d0,25 1 0,0 1 25
2ffb61f8-bbc5-11e8-b2bc-ac1f6b6435d0,2 0,0 2
2ffd3dc2-bbaf-11e8-b2ba-ac1f6b6435d0,23,23
2fff8886-bbc6-11e8-b2bc-ac1f6b6435d0,0 21,12
3000d6f0-bb9e-11e8-b2b9-ac1f6b6435d0,2,2
300123f8-bb9e-11e8-b2b9-ac1f6b6435d0,23,23
3004b6dc-bba6-11e8-b2ba-ac1f6b6435d0,12,12
30060ffe-bba7-11e8-b2ba-ac1f6b6435d0,1,1
300d9f44-bbc5-11e8-b2bc-ac1f6b6435d0,1,1 25
300f428e-bba9-11e8-b2ba-ac1f6b6435d0,1 0,1
30115e64-bba1-11e8-b2b9-ac1f6b6435d0,25,25
3012968c-bb9f-11e8-b2b9-ac1f6b6435d0,7 0,0
3012fe2a-bbbc-11e8-b2ba-ac1f6b6435d0,23,23
30187b4c-bbc7-11e8-b2bc-ac1f6b6435d0,5,5
3019392e-bbb8-11e8-b2ba-ac1f6b6435d0,16 14,14 16
301951c0-bb9f-11e8-b2b9-ac1f6b6435d0,23,23
3019a292-bbbd-11e8-b2ba-ac1f6b6435d0,25 2,2 25
301bb49c-bbae-11e8-b2ba-ac1f6b6435d0,19,19
301f9554-bbb7-11e8-b2ba-ac1f6b6435d0,3,19
3020dfc6-bba9-11e8-b2ba-ac1f6b6435d0,6,6
30226ad6-bbad-11e8-b2ba-ac1f6b6435d0,16 5 0,0 5
30234312-bbbb-11e8-b2ba-ac1f6b6435d0,12,0
30245fda-bba3-11e8-b2b9-ac1f6b6435d0,22,22
302d3c44-bbae-11e8-b2ba-ac1f6b6435d0,25 7,7
30344198-bbad-11e8-b2ba-ac1f6b6435d0,23,23
30370e48-bbc9-11e8-b2bc-ac1f6b6435d0,5 0,5
30382bbe-bbbc-11e8-b2ba-ac1f6b6435d0,23 0,0 23
303dc0ac-bbbb-11e8-b2ba-ac1f6b6435d0,18,18 19
303fb8ea-bbab-11e8-b2ba-ac1f6b6435d0,0,0
30420ea2-bbaa-11e8-b2ba-ac1f6b6435d0,25 5 0,0 5 25
3042cc22-bbbc-11e8-b2ba-ac1f6b6435d0,0 21,0
30462356-bbba-11e8-b2ba-ac1f6b6435d0,25 0,5
3046e036-bbb3-11e8-b2ba-ac1f6b6435d0,22 23,3 23
3047d850-bba5-11e8-b2ba-ac1f6b6435d0,25 0,0 25
304b1830-bba0-11e8-b2b9-ac1f6b6435d0,16 0,0 16
304ea48e-bba3-11e8-b2b9-ac1f6b6435d0,5,5
304fb4d6-bbae-11e8-b2ba-ac1f6b6435d0,21,0 21 25
3054593e-bba2-11e8-b2b9-ac1f6b6435d0,11 0,0 11
30546e82-bbbc-11e8-b2ba-ac1f6b6435d0,11,11
3056a794-bb9c-11e8-b2b9-ac1f6b6435d0,0,0
3061ba40-bbc8-11e8-b2bc-ac1f6b6435d0,7,7
3061e3d8-bb9d-11e8-b2b9-ac1f6b6435d0,13,13 25
30642660-bb9e-11e8-b2b9-ac1f6b6435d0,19,19
30664630-bbc0-11e8-b2bb-ac1f6b6435d0,19,18 19
3068bf4e-bbb3-11e8-b2ba-ac1f6b6435d0,6,6
306957fa-bbc8-11e8-b2bc-ac1f6b6435d0,2,2
306a4230-bbca-11e8-b2bc-ac1f6b6435d0,23 0,0 23 25
306b0ed4-bb9f-11e8-b2b9-ac1f6b6435d0,19 0,0 19
30747832-bba6-11e8-b2ba-ac1f6b6435d0,7,7
307699a4-bbc5-11e8-b2bc-ac1f6b6435d0,25 0,25
3076a0ce-bbad-11e8-b2ba-ac1f6b6435d0,7 1 2,2 7
3077703e-bbc7-11e8-b2bc-ac1f6b6435d0,1,1
3078711a-bbad-11e8-b2ba-ac1f6b6435d0,0,0
307a2c1c-bbb7-11e8-b2ba-ac1f6b6435d0,12 23 0,0 12 23
307b2740-bbb0-11e8-b2ba-ac1f6b6435d0,0,0
307e032a-bbb0-11e8-b2ba-ac1f6b6435d0,24 0,0 24
307eea72-bbc6-11e8-b2bc-ac1f6b6435d0,4 21,0
30835d70-bbc9-11e8-b2bc-ac1f6b6435d0,1 3 0,1
30835eec-bbc4-11e8-b2bc-ac1f6b6435d0,25 17,25
3084f2a2-bbc9-11e8-b2bc-ac1f6b6435d0,7 3,0 2 25
3086f8d8-bbc7-11e8-b2bc-ac1f6b6435d0,19 25 21,21 25
30878574-bb9e-11e8-b2b9-ac1f6b6435d0,6,21
308de40e-bba9-11e8-b2ba-ac1f6b6435d0,25 0,0 25
30935d2c-bbbc-11e8-b2ba-ac1f6b6435d0,25,25
30992a94-bbb3-11e8-b2ba-ac1f6b6435d0,4,4
309bfbbe-bba6-11e8-b2ba-ac1f6b6435d0,5,5
309c22a0-bbbb-11e8-b2ba-ac1f6b6435d0,22 21,22
309eef40-bba6-11e8-b2ba-ac1f6b6435d0,24,24
309ef49e-bbb1-11e8-b2ba-ac1f6b6435d0,5,5
309f51b4-bbca-11e8-b2bc-ac1f6b6435d0,2 0,0 2
30a409a4-bbbe-11e8-b2ba-ac1f6b6435d0,14 0,0 19 25
30a5e8e6-bb9b-11e8-b2b9-ac1f6b6435d0,25,7 14
30a60d70-bb9c-11e8-b2b9-ac1f6b6435d0,7,7
30ab6520-bbb7-11e8-b2ba-ac1f6b6435d0,3,3
30aed2e4-bbc3-11e8-b2bc-ac1f6b6435d0,7,0 7
30b0e616-bba9-11e8-b2ba-ac1f6b6435d0,25 0,0 25
30b2616a-bbc9-11e8-b2bc-ac1f6b6435d0,4,4
30bb178c-bbc5-11e8-b2bc-ac1f6b6435d0,25,25
30bd07e2-bba0-11e8-b2b9-ac1f6b6435d0,0,0
30c298a8-bbb2-11e8-b2ba-ac1f6b6435d0,25,25
30c6a612-bbaf-11e8-b2ba-ac1f6b6435d0,5 0,0 5 21
30c7e358-bbad-11e8-b2ba-ac1f6b6435d0,25 21,21 25
30c93b10-bbb5-11e8-b2ba-ac1f6b6435d0,7 0,0 7
30c9ced4-bb9e-11e8-b2b9-ac1f6b6435d0,5,0 5
30d303cc-bba9-11e8-b2ba-ac1f6b6435d0,25 2,2 6 25
30d7418a-bb9a-11e8-b2b9-ac1f6b6435d0,25 0,0 25
30debdc6-bbb2-11e8-b2ba-ac1f6b6435d0,0 21,0 25
30e4641e-bbb8-11e8-b2ba-ac1f6b6435d0,5,23
30e831a6-bbaa-11e8-b2ba-ac1f6b6435d0,2 0,0 2
30eb3db2-bbc1-11e8-b2bb-ac1f6b6435d0,23 2,2 23
30ec38d2-bbc3-11e8-b2bc-ac1f6b6435d0,25 4,5
30ef4cc0-bba5-11e8-b2ba-ac1f6b6435d0,0,0
30f0cffe-bbc9-11e8-b2bc-ac1f6b6435d0,23 0,0 23
30f34c84-bb9c-11e8-b2b9-ac1f6b6435d0,25 0,0 25 26
30f423f4-bba9-11e8-b2ba-ac1f6b6435d0,0 21,0 21 23
30f7ea2e-bbc3-11e8-b2bc-ac1f6b6435d0,0,0 5
30fb408c-bbac-11e8-b2ba-ac1f6b6435d0,25 23 2 0,2 23 25
30fd4030-bbc0-11e8-b2bb-ac1f6b6435d0,4,4
31058eee-bbba-11e8-b2ba-ac1f6b6435d0,23,3
3105b9ca-bbc7-11e8-b2bc-ac1f6b6435d0,25 5,0
310cc06c-bbbd-11e8-b2ba-ac1f6b6435d0,3,4
310e3162-bbbe-11e8-b2ba-ac1f6b6435d0,25 2 0,0 2 25
310f2f12-bb9c-11e8-b2b9-ac1f6b6435d0,4,0 4
31110ec2-bbbf-11e8-b2ba-ac1f6b6435d0,0 21,0 22 25
31116de4-bba7-11e8-b2ba-ac1f6b6435d0,23,23
31133828-bbab-11e8-b2ba-ac1f6b6435d0,7 3 0,0 3 7
3116b9f6-bb9e-11e8-b2b9-ac1f6b6435d0,12 0,12
31184c50-bb9c-11e8-b2b9-ac1f6b6435d0,13 4 21,13
311a38fe-bbc8-11e8-b2bc-ac1f6b6435d0,25,25
311a9862-bba5-11e8-b2ba-ac1f6b6435d0,19,19
311ae720-bbbb-11e8-b2ba-ac1f6b6435d0,19 25 21,21 25
311cdb14-bbc7-11e8-b2bc-ac1f6b6435d0,7,7
311dc9ce-bba5-11e8-b2ba-ac1f6b6435d0,12 25 0,12
311dda0c-bba7-11e8-b2ba-ac1f6b6435d0,22 21,21
311f26a6-bbbf-11e8-b2ba-ac1f6b6435d0,25 5,5 25
311f9286-bbc8-11e8-b2bc-ac1f6b6435d0,4,4
312529f0-bbb7-11e8-b2ba-ac1f6b6435d0,25,0 25
3127b506-bbb4-11e8-b2ba-ac1f6b6435d0,26 25 0,0 20 26
3128c6b6-bbc4-11e8-b2bc-ac1f6b6435d0,25 5 0,0 5
3129a120-bbb1-11e8-b2ba-ac1f6b6435d0,26,0 26
312bb012-bbae-11e8-b2ba-ac1f6b6435d0,25,25
312c12aa-bbb3-11e8-b2ba-ac1f6b6435d0,5,5
312cc3f0-bb9d-11e8-b2b9-ac1f6b6435d0,0 21,0 25
312d3e32-bb9a-11e8-b2b9-ac1f6b6435d0,25 14,14 21
312dd0b0-bbc5-11e8-b2bc-ac1f6b6435d0,0,0
312e6d4a-bba7-11e8-b2ba-ac1f6b6435d0,2,2 3
312f8a2c-bbac-11e8-b2ba-ac1f6b6435d0,2,0 2
312feb84-bba2-11e8-b2b9-ac1f6b6435d0,25 0,25
312ff002-bbb1-11e8-b2ba-ac1f6b6435d0,5,4 5
31304e7a-bbc6-11e8-b2bc-ac1f6b6435d0,0 21,0 21
3131fa70-bbc3-11e8-b2bc-ac1f6b6435d0,7,7
31345b46-bbb7-11e8-b2ba-ac1f6b6435d0,25 21,21 25
31373186-bbc6-11e8-b2bc-ac1f6b6435d0,24 25,7 24 25
313a36d2-bb9f-11e8-b2b9-ac1f6b6435d0,2,2
313a487a-bbbd-11e8-b2ba-ac1f6b6435d0,24,24
313b0fde-bbbe-11e8-b2ba-ac1f6b6435d0,2,2
313eb2e2-bbaa-11e8-b2ba-ac1f6b6435d0,11,7 11
313ed2fc-bbac-11e8-b2ba-ac1f6b6435d0,7 0,0 7
31442648-bbc1-11e8-b2bb-ac1f6b6435d0,14 5,5 14
314463be-bbb3-11e8-b2ba-ac1f6b6435d0,12 25,12
3144b6aa-bbb5-11e8-b2ba-ac1f6b6435d0,7 0,0 7
314648e2-bbbc-11e8-b2ba-ac1f6b6435d0,22 5 0,5 22
314c2662-bbae-11e8-b2ba-ac1f6b6435d0,21,25
314dd05a-bbb0-11e8-b2ba-ac1f6b6435d0,25 14 2,2 14
314eea34-bbac-11e8-b2ba-ac1f6b6435d0,4,4
3154d1ce-bbc5-11e8-b2bc-ac1f6b6435d0,1,1
3154dc36-bbc6-11e8-b2bc-ac1f6b6435d0,23,23
31551386-bbc1-11e8-b2bb-ac1f6b6435d0,25 3,3 25
3155e7d8-bba4-11e8-b2b9-ac1f6b6435d0,0,0 25
315a635a-bbc0-11e8-b2bb-ac1f6b6435d0,19,18
315a9edc-bbc6-11e8-b2bc-ac1f6b6435d0,18 1,1 18
315e8428-bba0-11e8-b2b9-ac1f6b6435d0,2 21,0 2 25
315eb6d8-bbb3-11e8-b2ba-ac1f6b6435d0,2 0,0 2
315fc860-bbbe-11e8-b2ba-ac1f6b6435d0,21,21
315fe6f4-bba7-11e8-b2ba-ac1f6b6435d0,25 5,5 25
31647ff8-bbb0-11e8-b2ba-ac1f6b6435d0,5,5
3164b1fc-bbb6-11e8-b2ba-ac1f6b6435d0,7 0 21,0 7 12
3166087e-bba0-11e8-b2b9-ac1f6b6435d0,25,25
31660b10-bbb1-11e8-b2ba-ac1f6b6435d0,5,5
31689382-bbbe-11e8-b2ba-ac1f6b6435d0,0 21,0 21 25
316b3ef2-bbb4-11e8-b2ba-ac1f6b6435d0,22 23,22 23
316b86ba-bbb8-11e8-b2ba-ac1f6b6435d0,16 2 0,0 2 16
316c4508-bbba-11e8-b2ba-ac1f6b6435d0,0,0 2
31775fc6-bbb8-11e8-b2ba-ac1f6b6435d0,5 2 0,0 2 5
3178796e-bbaf-11e8-b2ba-ac1f6b6435d0,0,4
31788be4-bbb8-11e8-b2ba-ac1f6b6435d0,25,0 21
317ea1f4-bbaa-11e8-b2ba-ac1f6b6435d0,6,25
3181f0c2-bbad-11e8-b2ba-ac1f6b6435d0,25 4,23 25
31823cca-bbc2-11e8-b2bb-ac1f6b6435d0,14,14 25
31827b2a-bba1-11e8-b2b9-ac1f6b6435d0,1 0 21,0 1 21
3184e928-bbb0-11e8-b2ba-ac1f6b6435d0,23 5 2 0,5 23
3187fbd8-bb9f-11e8-b2b9-ac1f6b6435d0,24,26
3188c1d8-bbb0-11e8-b2ba-ac1f6b6435d0,0,0
31897ab2-bbc2-11e8-b2bb-ac1f6b6435d0,4,4 26
3189ef12-bbb6-11e8-b2ba-ac1f6b6435d0,0 21,0 25
318a73c2-bbb3-11e8-b2ba-ac1f6b6435d0,19 25,18 19 25
318aca1a-bbb9-11e8-b2ba-ac1f6b6435d0,12,12
318d25ee-bb9b-11e8-b2b9-ac1f6b6435d0,0,0
318f7580-bbc1-11e8-b2bb-ac1f6b6435d0,5,5
3190a160-bbaf-11e8-b2ba-ac1f6b6435d0,23 0,0 1 23
3191d088-bba2-11e8-b2b9-ac1f6b6435d0,25 4 3,3 4 19 25
31950a32-bba2-11e8-b2b9-ac1f6b6435d0,2 0,0 2
319792ae-bbb9-11e8-b2ba-ac1f6b6435d0,6 0,0 23 25
319b85b4-bbb7-11e8-b2ba-ac1f6b6435d0,19 25 13,13 18 19 25
319d6fa4-bbbd-11e8-b2ba-ac1f6b6435d0,25 0,0 25
319e3424-bbc8-11e8-b2bc-ac1f6b6435d0,0,0
31a598da-bbb5-11e8-b2ba-ac1f6b6435d0,19 2,2
31a64332-bbb7-11e8-b2ba-ac1f6b6435d0,18,18
31a6aba8-bbb5-11e8-b2ba-ac1f6b6435d0,19 0,0 19
31a783bc-bba5-11e8-b2ba-ac1f6b6435d0,23,23
31aace6a-bbc7-11e8-b2bc-ac1f6b6435d0,0,0
31abb408-bbac-11e8-b2ba-ac1f6b6435d0,0 21,0 21
31af7582-bbae-11e8-b2ba-ac1f6b6435d0,25 5,5 25
31b20e2a-bbca-11e8-b2bc-ac1f6b6435d0,23 1,1
31b388bc-bb9e-11e8-b2b9-ac1f6b6435d0,23,23
31b443d8-bbc6-11e8-b2bc-ac1f6b6435d0,2,2
31b4b3e8-bbbe-11e8-b2ba-ac1f6b6435d0,25 0,0 25
31b4e46a-bbca-11e8-b2bc-ac1f6b6435d0,22 0,0 22
31b65356-bba0-11e8-b2b9-ac1f6b6435d0,23,23
31bb4dc8-bbca-11e8-b2bc-ac1f6b6435d0,19 21,0 19 21
31bce16a-bbb6-11e8-b2ba-ac1f6b6435d0,2 0,0 2
31be84d6-bbaa-11e8-b2ba-ac1f6b6435d0,0 21,0
31bf6dba-bbaa-11e8-b2ba-ac1f6b6435d0,16 25 0,0 16
31c559ea-bbb5-11e8-b2ba-ac1f6b6435d0,3 0,0 25
31c55afc-bb9d-11e8-b2b9-ac1f6b6435d0,11,11
31c96042-bbb2-11e8-b2ba-ac1f6b6435d0,0 21,21
31ce05f8-bba7-11e8-b2ba-ac1f6b6435d0,25 14 0,0 14
31d4ca82-bbc0-11e8-b2bb-ac1f6b6435d0,25,25
31dbcc54-bba9-11e8-b2ba-ac1f6b6435d0,0,0
31de8432-bbac-11e8-b2ba-ac1f6b6435d0,3,3
31dec312-bba1-11e8-b2b9-ac1f6b6435d0,25 0,0 25
31df2676-bbbb-11e8-b2ba-ac1f6b6435d0,25 3,14 25
31e3f0fa-bbb8-11e8-b2ba-ac1f6b6435d0,0 21,0 21
31e853c8-bba1-11e8-b2b9-ac1f6b6435d0,1,0 1 21
31eea2ea-bbb1-11e8-b2ba-ac1f6b6435d0,22 4 21,0 22
31ef27ca-bbb0-11e8-b2ba-ac1f6b6435d0,0 21,0 11 25
31ef6d62-bbaa-11e8-b2ba-ac1f6b6435d0,25 18,18
31f029aa-bbc3-11e8-b2bc-ac1f6b6435d0,25 0,0
31f41740-bbc3-11e8-b2bc-ac1f6b6435d0,21,21
31f665b8-bba5-11e8-b2ba-ac1f6b6435d0,7 0 21,0 25
31fc9ca8-bbc3-11e8-b2bc-ac1f6b6435d0,23 2,2 23
3201fd28-bbc4-11e8-b2bc-ac1f6b6435d0,2,2
3202385a-bbca-11e8-b2bc-ac1f6b6435d0,4,4
32027b56-bbc7-11e8-b2bc-ac1f6b6435d0,25 0 21,0 25
3202d082-bbb4-11e8-b2ba-ac1f6b6435d0,12,12 21
3209a580-bba8-11e8-b2ba-ac1f6b6435d0,25 2,0 23 25
320c31e8-bbc5-11e8-b2bc-ac1f6b6435d0,19 21,19
320e93c8-bbb8-11e8-b2ba-ac1f6b6435d0,16 25 17,17 25
320f15a0-bba4-11e8-b2b9-ac1f6b6435d0,7 3 0,0 7
3210b76e-bbc9-11e8-b2bc-ac1f6b6435d0,0 21,0 21
32139dce-bbc6-11e8-b2bc-ac1f6b6435d0,25 23 21,23
3214f7ce-bbac-11e8-b2ba-ac1f6b6435d0,21,21
321664f8-bb9b-11e8-b2b9-ac1f6b6435d0,19 3 0,0 19
3216aff0-bb9e-11e8-b2b9-ac1f6b6435d0,12,12
3216d090-bbb5-11e8-b2ba-ac1f6b6435d0,25 5 2,2 5
3218b024-bbae-11e8-b2ba-ac1f6b6435d0,22 0,0 22
321af838-bbc8-11e8-b2bc-ac1f6b6435d0,25 2 21,3 21 25
321dd78c-bbbf-11e8-b2ba-ac1f6b6435d0,25 0,0
322282c0-bb9a-11e8-b2b9-ac1f6b6435d0,0,0
32244c88-bbbb-11e8-b2ba-ac1f6b6435d0,7,7
32269eac-bba7-11e8-b2ba-ac1f6b6435d0,25 4,0 5 25
322ac152-bbbc-11e8-b2ba-ac1f6b6435d0,11,11
322dfc3c-bba3-11e8-b2b9-ac1f6b6435d0,14 21,14
3231ea0e-bbad-11e8-b2ba-ac1f6b6435d0,25 5 0,0 5 25
32368f90-bbb3-11e8-b2ba-ac1f6b6435d0,12 2 0,0 2
32384ac0-bbad-11e8-b2ba-ac1f6b6435d0,25 0,0 25
32387158-bba8-11e8-b2ba-ac1f6b6435d0,16,14
323c2d28-bba5-11e8-b2ba-ac1f6b6435d0,25 1,1 5 25
324339f0-bba6-11e8-b2ba-ac1f6b6435d0,2 0,0 2
32445e22-bbb3-11e8-b2ba-ac1f6b6435d0,2 0,0 2
32484d30-bbc1-11e8-b2bb-ac1f6b6435d0,2,2
324f2e3c-bba5-11e8-b2ba-ac1f6b6435d0,19 25,25
3250293c-bbbd-11e8-b2ba-ac1f6b6435d0,25 0,0 25
3251bfac-bba6-11e8-b2ba-ac1f6b6435d0,7 0,0 3 7
3253924e-bbc1-11e8-b2bb-ac1f6b6435d0,4,4
3255ff48-bbb7-11e8-b2ba-ac1f6b6435d0,23,23
3259bc50-bba8-11e8-b2ba-ac1f6b6435d0,25 17 0,0 17 25
325f6202-bba0-11e8-b2b9-ac1f6b6435d0,2,2
32608578-bbc4-11e8-b2bc-ac1f6b6435d0,7,7 25
3262b606-bb9f-11e8-b2b9-ac1f6b6435d0,25,6 25
3262dd5e-bb9d-11e8-b2b9-ac1f6b6435d0,25 11,11
3266e8d8-bbc8-11e8-b2bc-ac1f6b6435d0,25 6,6
32674ddc-bbaf-11e8-b2ba-ac1f6b6435d0,23,6 23
3268abf6-bbc7-11e8-b2bc-ac1f6b6435d0,25 1,1 25
326aa50a-bb9f-11e8-b2b9-ac1f6b6435d0,4,5
326d778c-bbb6-11e8-b2ba-ac1f6b6435d0,23 0,0 23
326dd200-bbc9-11e8-b2bc-ac1f6b6435d0,23,6
326dfa96-bbc9-11e8-b2bc-ac1f6b6435d0,12 21,12 25
326e7368-bbc4-11e8-b2bc-ac1f6b6435d0,25 2,2 25
326f67d2-bbba-11e8-b2ba-ac1f6b6435d0,19 0,0 19
3274bf4c-bbac-11e8-b2ba-ac1f6b6435d0,6 2 0,2 6
32768c72-bbad-11e8-b2ba-ac1f6b6435d0,0,0 25
3278daa0-bbb1-11e8-b2ba-ac1f6b6435d0,7,7
327945ea-bbc4-11e8-b2bc-ac1f6b6435d0,12 11 23,12 25
327ad6c2-bbc3-11e8-b2bc-ac1f6b6435d0,21,21
327ea218-bbbc-11e8-b2ba-ac1f6b6435d0,4,4
327f8d00-bbb6-11e8-b2ba-ac1f6b6435d0,25 0,0 2
3280118c-bbb9-11e8-b2ba-ac1f6b6435d0,25 18 0,0 18 25
3280c9f6-bbaf-11e8-b2ba-ac1f6b6435d0,7 0,0 7
32879250-bba4-11e8-b2b9-ac1f6b6435d0,25 0,4 25 26
3287bc80-bbae-11e8-b2ba-ac1f6b6435d0,25,25
328a12b8-bbb4-11e8-b2ba-ac1f6b6435d0,14,14 16 17
328b04e0-bbad-11e8-b2ba-ac1f6b6435d0,11,25
328ca160-bba8-11e8-b2ba-ac1f6b6435d0,2 0,0 2
328f5a2a-bb9b-11e8-b2b9-ac1f6b6435d0,25 14,14
328f9c0e-bb9d-11e8-b2b9-ac1f6b6435d0,2,2
32913e30-bbaa-11e8-b2ba-ac1f6b6435d0,4,0
3292b9ac-bbc0-11e8-b2bb-ac1f6b6435d0,0,0
3295b6d2-bbae-11e8-b2ba-ac1f6b6435d0,3 0,0 3
32967e42-bbc1-11e8-b2bb-ac1f6b6435d0,25 1,1 25
32997938-bba5-11e8-b2ba-ac1f6b6435d0,25,25
329a4918-bb9a-11e8-b2b9-ac1f6b6435d0,6,26
329b4a18-bbb1-11e8-b2ba-ac1f6b6435d0,25 0,0
32a44810-bbc6-11e8-b2bc-ac1f6b6435d0,25 0,0
32a672ee-bbb6-11e8-b2ba-ac1f6b6435d0,25 5 0,0 5 25
32a68762-bb9c-11e8-b2b9-ac1f6b6435d0,9 10,9 10 20
32a75b7a-bbbe-11e8-b2ba-ac1f6b6435d0,5 0,5
32a809d0-bbaa-11e8-b2ba-ac1f6b6435d0,6,6
32ac3648-bbb1-11e8-b2ba-ac1f6b6435d0,25,26
32af6c98-bb9b-11e8-b2b9-ac1f6b6435d0,2 0,0 2
32afd736-bba1-11e8-b2b9-ac1f6b6435d0,19 21,19 25
32b0ca04-bbb7-11e8-b2ba-ac1f6b6435d0,0 21,0 21
32b238f8-bb9e-11e8-b2b9-ac1f6b6435d0,23,0 23
32b31dd6-bbb7-11e8-b2ba-ac1f6b6435d0,25 0,0
32b504e4-bbac-11e8-b2ba-ac1f6b6435d0,25 2,25
32b9079e-bbb9-11e8-b2ba-ac1f6b6435d0,12 25,12
32bf5238-bbba-11e8-b2ba-ac1f6b6435d0,3,3
32c0c56a-bba5-11e8-b2ba-ac1f6b6435d0,7,7
32c159e4-bbc8-11e8-b2bc-ac1f6b6435d0,25 0,25
32c1ba0a-bb9c-11e8-b2b9-ac1f6b6435d0,25,25
32c20e16-bbc3-11e8-b2bc-ac1f6b6435d0,4,4
32c2a8d8-bbc0-11e8-b2bb-ac1f6b6435d0,23,6
32c3c678-bba2-11e8-b2b9-ac1f6b6435d0,11,21
32c49f56-bbae-11e8-b2ba-ac1f6b6435d0,22 21,21 22
32caca60-bba0-11e8-b2b9-ac1f6b6435d0,7 0,0 7
32cace8c-bbc0-11e8-b2bb-ac1f6b6435d0,25 0 21,0 21 25
32cf1362-bbab-11e8-b2ba-ac1f6b6435d0,0,0
32d40bae-bba3-11e8-b2b9-ac1f6b6435d0,25 2,2
32d9b166-bb9f-11e8-b2b9-ac1f6b6435d0,19,19
32da291c-bbc6-11e8-b2bc-ac1f6b6435d0,18,21
32dc887c-bba0-11e8-b2b9-ac1f6b6435d0,4,4
32e1b914-bbc8-11e8-b2bc-ac1f6b6435d0,2 0,0 2
32e2887e-bbc0-11e8-b2bb-ac1f6b6435d0,11,11
32e3403a-bbc9-11e8-b2bc-ac1f6b6435d0,23 0,0 23
32e373bc-bbbe-11e8-b2ba-ac1f6b6435d0,3 0,0 3
32e3e1f2-bbbf-11e8-b2ba-ac1f6b6435d0,19 0 21,0 19 25
32e95c36-bbc9-11e8-b2bc-ac1f6b6435d0,25,25
32edcecc-bbb7-11e8-b2ba-ac1f6b6435d0,11 3 0,0 3
32f0281a-bb9a-11e8-b2b9-ac1f6b6435d0,7 5,0 7
32f3bdf0-bbb2-11e8-b2ba-ac1f6b6435d0,23,23
32f3d2e8-bbaf-11e8-b2ba-ac1f6b6435d0,25,25
32f7ed5c-bbb8-11e8-b2ba-ac1f6b6435d0,5,5
32fa1cd6-bba8-11e8-b2ba-ac1f6b6435d0,2 0,0 2
32fa868a-bba3-11e8-b2b9-ac1f6b6435d0,5 0,0
32fcec9a-bbc6-11e8-b2bc-ac1f6b6435d0,19,7
3303473c-bbaa-11e8-b2ba-ac1f6b6435d0,7,7
33040780-bbc3-11e8-b2bc-ac1f6b6435d0,7,7
330bf654-bbc6-11e8-b2bc-ac1f6b6435d0,19 0,0 19
330ed6d0-bbbc-11e8-b2ba-ac1f6b6435d0,11 0,0 12
3310cf96-bba1-11e8-b2b9-ac1f6b6435d0,25,25
33116342-bbbb-11e8-b2ba-ac1f6b6435d0,0,0 25
33127358-bbb7-11e8-b2ba-ac1f6b6435d0,22 16 0,0 16 22
3318cdbe-bba0-11e8-b2b9-ac1f6b6435d0,25 5,0 25
331c8194-bbb8-11e8-b2ba-ac1f6b6435d0,23,0 23
3329ade0-bba6-11e8-b2ba-ac1f6b6435d0,3,3
332a1bc2-bbc9-11e8-b2bc-ac1f6b6435d0,2,2
332d3b76-bbac-11e8-b2ba-ac1f6b6435d0,9,25
33357e12-bba2-11e8-b2b9-ac1f6b6435d0,4,4
33373d84-bbc4-11e8-b2bc-ac1f6b6435d0,7 2,2 7
3338ddba-bba1-11e8-b2b9-ac1f6b6435d0,25 7 0,0 7 25
333c2560-bbc9-11e8-b2bc-ac1f6b6435d0,0 21,0 7 21
3343a6a4-bbac-11e8-b2ba-ac1f6b6435d0,25 7,7 25
3345c06c-bbc8-11e8-b2bc-ac1f6b6435d0,19,19
334aa47a-bba4-11e8-b2b9-ac1f6b6435d0,23,23
334c3de8-bba0-11e8-b2b9-ac1f6b6435d0,0 21,21 25
3351d7b6-bbbf-11e8-b2ba-ac1f6b6435d0,25 0,0
33540b10-bba3-11e8-b2b9-ac1f6b6435d0,0,0
33566f2e-bbc9-11e8-b2bc-ac1f6b6435d0,19 23,23
335d5ba6-bba9-11e8-b2ba-ac1f6b6435d0,7,7
335d7c10-bbab-11e8-b2ba-ac1f6b6435d0,25 0,0 25
335e8018-bb9e-11e8-b2b9-ac1f6b6435d0,19 0,0
33614f22-bbc7-11e8-b2bc-ac1f6b6435d0,0 21,0 25
3363fe84-bba4-11e8-b2b9-ac1f6b6435d0,23,23
3365862e-bbc1-11e8-b2bb-ac1f6b6435d0,25 0,0 5
3365924c-bba1-11e8-b2b9-ac1f6b6435d0,23,7
336599ce-bbbd-11e8-b2ba-ac1f6b6435d0,0,0 19
336aca06-bb9b-11e8-b2b9-ac1f6b6435d0,25 0,0 25
336b5918-bbb8-11e8-b2ba-ac1f6b6435d0,0,0
336bd63a-bbc3-11e8-b2bc-ac1f6b6435d0,18,18
336cd9e2-bb9e-11e8-b2b9-ac1f6b6435d0,0 21,0
336e516c-bbaf-11e8-b2ba-ac1f6b6435d0,25 0,25
337588c6-bba3-11e8-b2b9-ac1f6b6435d0,25 21,21
33775a4a-bbba-11e8-b2ba-ac1f6b6435d0,5,0 19
337858bc-bbbc-11e8-b2ba-ac1f6b6435d0,7,7
33794f7c-bbc3-11e8-b2bc-ac1f6b6435d0,14,14
337a03ee-bbbf-11e8-b2ba-ac1f6b6435d0,13 7 0,0 7
337f5224-bbc2-11e8-b2bb-ac1f6b6435d0,25 0,0 7 25
337f569c-bba0-11e8-b2b9-ac1f6b6435d0,26 21,21
33828122-bbb5-11e8-b2ba-ac1f6b6435d0,18,19
33831314-bba9-11e8-b2ba-ac1f6b6435d0,25 14 0,0 25
33883f86-bbba-11e8-b2ba-ac1f6b6435d0,0,0
338af20a-bba4-11e8-b2b9-ac1f6b6435d0,3 8,8 9 20
338b761a-bbc9-11e8-b2bc-ac1f6b6435d0,23 0,0 23
339552bc-bba5-11e8-b2ba-ac1f6b6435d0,19 0,0 19
33960480-bbb1-11e8-b2ba-ac1f6b6435d0,25 0 21,0 21 25
33970c7c-bbb1-11e8-b2ba-ac1f6b6435d0,25 4 21,4 21 25
339a7858-bbbb-11e8-b2ba-ac1f6b6435d0,6,6 14
33a0b310-bbb3-11e8-b2ba-ac1f6b6435d0,25,0 25
33a1ee76-bbbb-11e8-b2ba-ac1f6b6435d0,0,0
33a277e2-bbc0-11e8-b2bb-ac1f6b6435d0,7 5,7
33a3ba10-bbb8-11e8-b2ba-ac1f6b6435d0,7 0,0 7
33a7a42c-bb9a-11e8-b2b9-ac1f6b6435d0,2 0,0 2
33a7c884-bb9b-11e8-b2b9-ac1f6b6435d0,25 16,0 16 25
33a9572c-bbb3-11e8-b2ba-ac1f6b6435d0,7 0,0 2 20
33ae622e-bbb5-11e8-b2ba-ac1f6b6435d0,16 25 0,0
33aeef1e-bbba-11e8-b2ba-ac1f6b6435d0,5 0,0 2
33af2402-bbc9-11e8-b2bc-ac1f6b6435d0,7,7
33afee34-bbc7-11e8-b2bc-ac1f6b6435d0,25 5 0,0 5
33b21fb2-bbbb-11e8-b2ba-ac1f6b6435d0,0,0
33b35b12-bbba-11e8-b2ba-ac1f6b6435d0,25 7,7 25
33b44198-bbc5-11e8-b2bc-ac1f6b6435d0,0,0
33b7cd74-bbc3-11e8-b2bc-ac1f6b6435d0,21,21
33b812dc-bbc5-11e8-b2bc-ac1f6b6435d0,0,0
33c4f4e0-bbb9-11e8-b2ba-ac1f6b6435d0,7,7
33c54b86-bbb2-11e8-b2ba-ac1f6b6435d0,25 5,25
33c6db1e-bb9d-11e8-b2b9-ac1f6b6435d0,3,3
33c7f1e0-bbaa-11e8-b2ba-ac1f6b6435d0,23,23
33cbab9c-bb9a-11e8-b2b9-ac1f6b6435d0,4,2 4
33cdc6bc-bbc6-11e8-b2bc-ac1f6b6435d0,23,21
33dafae0-bba2-11e8-b2b9-ac1f6b6435d0,11,11
33dd1794-bbb6-11e8-b2ba-ac1f6b6435d0,25 2 0,0 21 25
33de00f6-bbb0-11e8-b2ba-ac1f6b6435d0,12,12
33de7442-bbaa-11e8-b2ba-ac1f6b6435d0,22 0,0 22
33dfbfbc-bba7-11e8-b2ba-ac1f6b6435d0,21,21
33e01e00-bbb9-11e8-b2ba-ac1f6b6435d0,12 25 0,0 25
33e4764a-bbc2-11e8-b2bb-ac1f6b6435d0,23 2 21,23
33e56f8e-bbca-11e8-b2bc-ac1f6b6435d0,12 1 21,1 21
33e7a938-bba3-11e8-b2b9-ac1f6b6435d0,14,21
33ebd348-bbc4-11e8-b2bc-ac1f6b6435d0,0,0 25
33ec1b32-bbc4-11e8-b2bc-ac1f6b6435d0,0,0
33ed7dbe-bbb1-11e8-b2ba-ac1f6b6435d0,0 21,0 21 25
33f44468-bba3-11e8-b2b9-ac1f6b6435d0,24 0,0 11 24
33f4506e-bbc8-11e8-b2bc-ac1f6b6435d0,5,0 2 5
33f6e91a-bb9f-11e8-b2b9-ac1f6b6435d0,2,2
33fb8664-bba4-11e8-b2b9-ac1f6b6435d0,23 2 21,21 23
33fe0ae2-bbb8-11e8-b2ba-ac1f6b6435d0,3,4
3400a776-bb9e-11e8-b2b9-ac1f6b6435d0,25 14 0,0 14
340342d0-bbb5-11e8-b2ba-ac1f6b6435d0,25,25
340525c4-bbb9-11e8-b2ba-ac1f6b6435d0,13,6 25
340995dc-bbbe-11e8-b2ba-ac1f6b6435d0,11 0,0 11
340da1ca-bbca-11e8-b2bc-ac1f6b6435d0,2 0,2
3411a224-bbb2-11e8-b2ba-ac1f6b6435d0,7 0,3
34132274-bbc7-11e8-b2bc-ac1f6b6435d0,25 4 21,4 21 25
34161028-bbaf-11e8-b2ba-ac1f6b6435d0,0,0
341709d8-bbc3-11e8-b2bc-ac1f6b6435d0,23,23
34177c7a-bbae-11e8-b2ba-ac1f6b6435d0,25,19
34186a34-bbab-11e8-b2ba-ac1f6b6435d0,23,23
341a4fda-bbb4-11e8-b2ba-ac1f6b6435d0,7 5 0,0 7
341ccf2a-bba6-11e8-b2ba-ac1f6b6435d0,25 0 21,0 21
342805f4-bba9-11e8-b2ba-ac1f6b6435d0,6 13,6 13
342847c6-bbb3-11e8-b2ba-ac1f6b6435d0,3,3 25
3428e490-bb9c-11e8-b2b9-ac1f6b6435d0,4,4
342ab588-bba9-11e8-b2ba-ac1f6b6435d0,25 21,0 21 25
342acf98-bb9d-11e8-b2b9-ac1f6b6435d0,23 0,0 23
342cd2ca-bbca-11e8-b2bc-ac1f6b6435d0,22,19
342eee62-bbb0-11e8-b2ba-ac1f6b6435d0,0,0
34315e2c-bbab-11e8-b2ba-ac1f6b6435d0,22 21,13
343267c0-bbc1-11e8-b2bb-ac1f6b6435d0,0 21,0 21
34340b64-bbaf-11e8-b2ba-ac1f6b6435d0,25 11 0,0 25
34350e68-bb9d-11e8-b2b9-ac1f6b6435d0,0,0
343a30c2-bbb7-11e8-b2ba-ac1f6b6435d0,25 5,0 5 25
343b0e62-bbb6-11e8-b2ba-ac1f6b6435d0,5,0 5
343c87a4-bbb8-11e8-b2ba-ac1f6b6435d0,5 0,0
343e1c6c-bb9b-11e8-b2b9-ac1f6b6435d0,16 21,21
3440bb5a-bbbb-11e8-b2ba-ac1f6b6435d0,25 0,0 25
3441eab0-bbb2-11e8-b2ba-ac1f6b6435d0,2,2
3442f350-bba9-11e8-b2ba-ac1f6b6435d0,3,3 22
34442ac6-bbb9-11e8-b2ba-ac1f6b6435d0,0,0 25
3446d1ba-bbb7-11e8-b2ba-ac1f6b6435d0,2 0,0 2
3446db4e-bba6-11e8-b2ba-ac1f6b6435d0,25 5,5
34496c26-bb9a-11e8-b2b9-ac1f6b6435d0,0,0 2
34498456-bbc0-11e8-b2bb-ac1f6b6435d0,25 0,0 25
344ba91e-bbbd-11e8-b2ba-ac1f6b6435d0,3,3
344c8714-bbca-11e8-b2bc-ac1f6b6435d0,11,11 24
34510eae-bbae-11e8-b2ba-ac1f6b6435d0,3,5
34537ff6-bbc5-11e8-b2bc-ac1f6b6435d0,0 21,0 21
3456130e-bba9-11e8-b2ba-ac1f6b6435d0,21,21
3457c596-bbb8-11e8-b2ba-ac1f6b6435d0,23,6 23
345ac440-bbad-11e8-b2ba-ac1f6b6435d0,0,0
345bf9c8-bbb2-11e8-b2ba-ac1f6b6435d0,1 0,1
3462a0bc-bba2-11e8-b2b9-ac1f6b6435d0,2,5
3462ed18-bbbd-11e8-b2ba-ac1f6b6435d0,25 2 0,0 25
34667454-bba6-11e8-b2ba-ac1f6b6435d0,12,12 25
34682d86-bbc3-11e8-b2bc-ac1f6b6435d0,25 18 0,0 18 25
34686eb4-bbc2-11e8-b2bb-ac1f6b6435d0,25 2 0,0 2
346be278-bbc3-11e8-b2bc-ac1f6b6435d0,25 0,0 21
346fee22-bbbe-11e8-b2ba-ac1f6b6435d0,4,4
34717778-bba1-11e8-b2b9-ac1f6b6435d0,2 0,2
34720140-bba9-11e8-b2ba-ac1f6b6435d0,25,25
34731ce6-bb9b-11e8-b2b9-ac1f6b6435d0,19,18 19
347563ba-bba6-11e8-b2ba-ac1f6b6435d0,23,23
3476f196-bbc7-11e8-b2bc-ac1f6b6435d0,2 0,0 2
347adf22-bbc2-11e8-b2bb-ac1f6b6435d0,20,20 26
347c1fd6-bba4-11e8-b2b9-ac1f6b6435d0,0 21,0 21 22
347e4c9e-bb9e-11e8-b2b9-ac1f6b6435d0,22 5,5
347e4cbc-bbad-11e8-b2ba-ac1f6b6435d0,4 0,0 4
347e8dd8-bbbe-11e8-b2ba-ac1f6b6435d0,25 2 0,0 2 25
34825b32-bbc5-11e8-b2bc-ac1f6b6435d0,6,6
3482ebc6-bbbe-11e8-b2ba-ac1f6b6435d0,25 0 21,0 13 22 25
3485198e-bbad-11e8-b2ba-ac1f6b6435d0,25 2 0,2 21 25
348531e0-bbca-11e8-b2bc-ac1f6b6435d0,3 0,0 3
3490c2e4-bba7-11e8-b2ba-ac1f6b6435d0,21,0 21
34935692-bbc7-11e8-b2bc-ac1f6b6435d0,25 1 0,0 1 25
349363a2-bbc8-11e8-b2bc-ac1f6b6435d0,22 0,0 22
3497b99c-bbc4-11e8-b2bc-ac1f6b6435d0,16 17 0,0 14 16
3497c66e-bbc7-11e8-b2bc-ac1f6b6435d0,7,7
34993df2-bb9d-11e8-b2b9-ac1f6b6435d0,7 0,0 7
349d5064-bb9c-11e8-b2b9-ac1f6b6435d0,2,2 3
349eb3d4-bba4-11e8-b2b9-ac1f6b6435d0,19 25 1 21,1 19 25
34a13524-bbbc-11e8-b2ba-ac1f6b6435d0,25 2 0,0 2 25
34a3289c-bbc7-11e8-b2bc-ac1f6b6435d0,14,14
34a48fb8-bbbb-11e8-b2ba-ac1f6b6435d0,25 0,0 25
34a66e9a-bbbc-11e8-b2ba-ac1f6b6435d0,5,5
34a8b3fa-bbc4-11e8-b2bc-ac1f6b6435d0,25 2,6 25
34ab2a22-bba6-11e8-b2ba-ac1f6b6435d0,25 21,21
34abbf7c-bbc5-11e8-b2bc-ac1f6b6435d0,7 2 0 21,0 2 7 25
34ad85da-bbb8-11e8-b2ba-ac1f6b6435d0,19 0,0 19
34af637a-bbca-11e8-b2bc-ac1f6b6435d0,16 14,14
34b18f50-bb9e-11e8-b2b9-ac1f6b6435d0,19,18 19
34b248d8-bb9d-11e8-b2b9-ac1f6b6435d0,23,23
34b77a66-bbab-11e8-b2ba-ac1f6b6435d0,2,2
34b937ba-bbb1-11e8-b2ba-ac1f6b6435d0,2,2 25
34bbec78-bbb9-11e8-b2ba-ac1f6b6435d0,11 5,11
34bc7140-bbbc-11e8-b2ba-ac1f6b6435d0,23,25
34bd4a86-bbc9-11e8-b2bc-ac1f6b6435d0,25 21,21
34bd809c-bbaf-11e8-b2ba-ac1f6b6435d0,12,21
34be3158-bbba-11e8-b2ba-ac1f6b6435d0,22 7 2 0,0 2
34bf9e82-bb9a-11e8-b2b9-ac1f6b6435d0,25 0,0
34bffe58-bba0-11e8-b2b9-ac1f6b6435d0,19 0,0 19
34c08f78-bba8-11e8-b2ba-ac1f6b6435d0,5,5
34c2cc94-bbb1-11e8-b2ba-ac1f6b6435d0,25,25
34c4aca8-bbc5-11e8-b2bc-ac1f6b6435d0,7 2,2 7
34caa79c-bba3-11e8-b2b9-ac1f6b6435d0,25 1,1
34cecda6-bbbf-11e8-b2ba-ac1f6b6435d0,7,20 26
34cf3196-bba2-11e8-b2b9-ac1f6b6435d0,23,0 23
34d07184-bbc8-11e8-b2bc-ac1f6b6435d0,2,2
34d1c460-bba7-11e8-b2ba-ac1f6b6435d0,21,21
34d1e77a-bba6-11e8-b2ba-ac1f6b6435d0,21,21
34d48f56-bba2-11e8-b2b9-ac1f6b6435d0,21,21
34d60e58-bbbb-11e8-b2ba-ac1f6b6435d0,25 0,0 25
34d6aae6-bb9a-11e8-b2b9-ac1f6b6435d0,3,5
34d79f24-bba8-11e8-b2ba-ac1f6b6435d0,14 2,2 25
34de991e-bbc1-11e8-b2bb-ac1f6b6435d0,25 0,0 25
34e07480-bbaa-11e8-b2ba-ac1f6b6435d0,7,7
34e291f6-bbb0-11e8-b2ba-ac1f6b6435d0,3,3
34e7d2e6-bbb6-11e8-b2ba-ac1f6b6435d0,0,0
34e86294-bbaf-11e8-b2ba-ac1f6b6435d0,5 0,0
34ee027e-bbac-11e8-b2ba-ac1f6b6435d0,2 0,0
34ee6d4c-bbbe-11e8-b2ba-ac1f6b6435d0,11,11
34f24b16-bbc2-11e8-b2bb-ac1f6b6435d0,4,4 25
34fa7330-bbb4-11e8-b2ba-ac1f6b6435d0,23 0,0 23
34fb01a6-bbb4-11e8-b2ba-ac1f6b6435d0,25 7,7 25
34fbb594-bb9e-11e8-b2b9-ac1f6b6435d0,0,0 7
34ff1f74-bbb0-11e8-b2ba-ac1f6b6435d0,21,21
34ff83fc-bbc8-11e8-b2bc-ac1f6b6435d0,25 5,0
3501a8e2-bba7-11e8-b2ba-ac1f6b6435d0,23 0,0 23
3501fb46-bbb4-11e8-b2ba-ac1f6b6435d0,25 0,0 21
35096a38-bbb0-11e8-b2ba-ac1f6b6435d0,19,19
351361dc-bbbf-11e8-b2ba-ac1f6b6435d0,23,25
35142152-bbc5-11e8-b2bc-ac1f6b6435d0,4,4
3515f378-bbb2-11e8-b2ba-ac1f6b6435d0,13 21,21 25
3517d0de-bbae-11e8-b2ba-ac1f6b6435d0,19,19
351d1b0e-bbbb-11e8-b2ba-ac1f6b6435d0,18,18
352052ee-bbbe-11e8-b2ba-ac1f6b6435d0,25 18,18 25
352063c2-bbca-11e8-b2bc-ac1f6b6435d0,0,0
35206c42-bbb0-11e8-b2ba-ac1f6b6435d0,23 0,0 23
3520ce16-bbb6-11e8-b2ba-ac1f6b6435d0,6,6
35244b44-bbb2-11e8-b2ba-ac1f6b6435d0,25 11 0,0 26
3524ca74-bbc1-11e8-b2bb-ac1f6b6435d0,7,19
3529ae1e-bbca-11e8-b2bc-ac1f6b6435d0,4,4
3529b570-bb9e-11e8-b2b9-ac1f6b6435d0,25 0,0 25
3529beb4-bbb5-11e8-b2ba-ac1f6b6435d0,25 0,5 25
352a4626-bbb1-11e8-b2ba-ac1f6b6435d0,5 2 0,0
352b4c48-bbba-11e8-b2ba-ac1f6b6435d0,25 0,0 1 25
352eb0b2-bbbb-11e8-b2ba-ac1f6b6435d0,7,7
352fe2c2-bbbe-11e8-b2ba-ac1f6b6435d0,23,0 23
353049d0-bbc1-11e8-b2bb-ac1f6b6435d0,25 0,0 25
3531e0f6-bbad-11e8-b2ba-ac1f6b6435d0,21,12
35365b4a-bbc6-11e8-b2bc-ac1f6b6435d0,0,0
3537a394-bbab-11e8-b2ba-ac1f6b6435d0,14,14
353a8f3c-bbb5-11e8-b2ba-ac1f6b6435d0,14,14
353b99c8-bbb4-11e8-b2ba-ac1f6b6435d0,3,3
353c09fa-bbb2-11e8-b2ba-ac1f6b6435d0,0 21,21
353e928c-bb9f-11e8-b2b9-ac1f6b6435d0,25,25
3544f4a4-bbab-11e8-b2ba-ac1f6b6435d0,21,21
35455bda-bba4-11e8-b2b9-ac1f6b6435d0,25 2 0,2 12 25
3549b806-bbb8-11e8-b2ba-ac1f6b6435d0,14 0,0 25
354ba852-bb9d-11e8-b2b9-ac1f6b6435d0,25,25
354de4b8-bbb2-11e8-b2ba-ac1f6b6435d0,11,2 21
354e0864-bbb0-11e8-b2ba-ac1f6b6435d0,25 21,25 26
354e706e-bb9d-11e8-b2b9-ac1f6b6435d0,3,3
3556a318-bbbd-11e8-b2ba-ac1f6b6435d0,25 2 0,0 2 25
3557324e-bbb6-11e8-b2ba-ac1f6b6435d0,21,21
35585276-bbbd-11e8-b2ba-ac1f6b6435d0,5,0 25
3559c67c-bb9c-11e8-b2b9-ac1f6b6435d0,25 21,6
355a606a-bbb4-11e8-b2ba-ac1f6b6435d0,7,7 25
355a672a-bb9d-11e8-b2b9-ac1f6b6435d0,18 0,0 18
355c634a-bbb1-11e8-b2ba-ac1f6b6435d0,2 0,0 1 2 7
355cb112-bbb4-11e8-b2ba-ac1f6b6435d0,14,0 14
355d1f10-bbb6-11e8-b2ba-ac1f6b6435d0,5,5
355f06fc-bbc7-11e8-b2bc-ac1f6b6435d0,7 0,0 7
355f8190-bb9f-11e8-b2b9-ac1f6b6435d0,3 0,0 3
355f9ea4-bb9b-11e8-b2b9-ac1f6b6435d0,12 14,14
356269cc-bb9b-11e8-b2b9-ac1f6b6435d0,0,0
3562816c-bba2-11e8-b2b9-ac1f6b6435d0,19 2,0 19
35647636-bbbe-11e8-b2ba-ac1f6b6435d0,25 0,0 5
3565ebd6-bbc0-11e8-b2bb-ac1f6b6435d0,5,5
356988ae-bba2-11e8-b2b9-ac1f6b6435d0,25 0,0 21
356a261a-bbc5-11e8-b2bc-ac1f6b6435d0,6,21
356d9736-bbb7-11e8-b2ba-ac1f6b6435d0,11,11
356e4904-bb9b-11e8-b2b9-ac1f6b6435d0,25 21,21 25
356ec47e-bbb4-11e8-b2ba-ac1f6b6435d0,23,23
356f4454-bb9f-11e8-b2b9-ac1f6b6435d0,12 0,0 1
35716bd4-bbc8-11e8-b2bc-ac1f6b6435d0,25,25
35774f74-bba3-11e8-b2b9-ac1f6b6435d0,1 0 21,1
35785fc6-bb9a-11e8-b2b9-ac1f6b6435d0,16 0 21,0 12 21
357a991e-bbca-11e8-b2bc-ac1f6b6435d0,25 18,25
357aa9c0-bbc7-11e8-b2bc-ac1f6b6435d0,5,0 5
357ba0d4-bbc0-11e8-b2bb-ac1f6b6435d0,23 0,0 23
357d3c8c-bbb1-11e8-b2ba-ac1f6b6435d0,23,23
357f0c80-bbc3-11e8-b2bc-ac1f6b6435d0,19 25 21,21 25
357f14d4-bb9e-11e8-b2b9-ac1f6b6435d0,11,24 25
357f9eec-bba1-11e8-b2b9-ac1f6b6435d0,22 4 21,4 21
3581241a-bbc4-11e8-b2bc-ac1f6b6435d0,3 0,0 3
358301da-bba2-11e8-b2b9-ac1f6b6435d0,16 25 17,25
35856254-bba7-11e8-b2ba-ac1f6b6435d0,25 0,0
358cff7a-bbb9-11e8-b2ba-ac1f6b6435d0,23,23
358efa44-bbac-11e8-b2ba-ac1f6b6435d0,23,23
358f3ad4-bba9-11e8-b2ba-ac1f6b6435d0,3 0 21,0 3
35910aac-bbb4-11e8-b2ba-ac1f6b6435d0,25 0,0 25
3594e0a6-bbbd-11e8-b2ba-ac1f6b6435d0,6,25
35955f96-bbbc-11e8-b2ba-ac1f6b6435d0,2 0,0
3597c1f8-bba0-11e8-b2b9-ac1f6b6435d0,19,0 19
359b9b00-bbbb-11e8-b2ba-ac1f6b6435d0,11,25
359d2736-bbc0-11e8-b2bb-ac1f6b6435d0,4,4
35a04318-bbab-11e8-b2ba-ac1f6b6435d0,19 25,5 25
35a04506-bbb1-11e8-b2ba-ac1f6b6435d0,23 2,2 23 25
35a240d6-bbca-11e8-b2bc-ac1f6b6435d0,23 0,0 3 23
35a4f9f4-bbaa-11e8-b2ba-ac1f6b6435d0,11,11
35a885f0-bba1-11e8-b2b9-ac1f6b6435d0,0,0 25
35aa46de-bbaa-11e8-b2ba-ac1f6b6435d0,7 5,7
35ac38be-bbb3-11e8-b2ba-ac1f6b6435d0,25 5,0 25
35adc968-bba4-11e8-b2b9-ac1f6b6435d0,0,0
35af89dc-bb9b-11e8-b2b9-ac1f6b6435d0,25,8
35b52306-bbc3-11e8-b2bc-ac1f6b6435d0,26 25 0,0 25
35ba9500-bba2-11e8-b2b9-ac1f6b6435d0,5,5
35bcbc44-bbb7-11e8-b2ba-ac1f6b6435d0,25 0 21,21 25
35bfe870-bb9d-11e8-b2b9-ac1f6b6435d0,6 18,18 19 25
35c00fb0-bb9a-11e8-b2b9-ac1f6b6435d0,7,0 2
35c205a0-bba3-11e8-b2b9-ac1f6b6435d0,19 23,23
35c897fc-bbb3-11e8-b2ba-ac1f6b6435d0,2,2 25
35cbf812-bb9e-11e8-b2b9-ac1f6b6435d0,0 21,0 21
35cc47c8-bbca-11e8-b2bc-ac1f6b6435d0,25 0 21,0 21
35cd6a44-bbc6-11e8-b2bc-ac1f6b6435d0,22 2 0,0 21
35cd771c-bba5-11e8-b2ba-ac1f6b6435d0,2,2
35d5676c-bbc6-11e8-b2bc-ac1f6b6435d0,25 2 21,2 21
35d5872e-bbbc-11e8-b2ba-ac1f6b6435d0,2,2
35d82322-bbc5-11e8-b2bc-ac1f6b6435d0,0,0
35d856bc-bbc5-11e8-b2bc-ac1f6b6435d0,4,4 25
35db3800-bb9d-11e8-b2b9-ac1f6b6435d0,25 23,23
35dd716c-bba5-11e8-b2ba-ac1f6b6435d0,1 0,0 1
35dec6e2-bbba-11e8-b2ba-ac1f6b6435d0,23 4,4 23
35df37a0-bbc7-11e8-b2bc-ac1f6b6435d0,0,0
35df651a-bbac-11e8-b2ba-ac1f6b6435d0,2,0 2
35df98aa-bbb1-11e8-b2ba-ac1f6b6435d0,25 2 0,0 2 25
35e0b4b2-bbc8-11e8-b2bc-ac1f6b6435d0,7,7
35e0d81e-bbb1-11e8-b2ba-ac1f6b6435d0,2,2
35e30f20-bba3-11e8-b2b9-ac1f6b6435d0,25 0,0 25
35e5415a-bbb7-11e8-b2ba-ac1f6b6435d0,0,0 25
35e582be-bba8-11e8-b2ba-ac1f6b6435d0,25 21,21 25
35e5c2ea-bbaf-11e8-b2ba-ac1f6b6435d0,21,21
35e7feac-bbb4-11e8-b2ba-ac1f6b6435d0,14,14
35e8ecf4-bbc8-11e8-b2bc-ac1f6b6435d0,5 0,0 5
35eae4c4-bb9a-11e8-b2b9-ac1f6b6435d0,3,3
35eaf84c-bba9-11e8-b2ba-ac1f6b6435d0,23,23
35efc536-bba7-11e8-b2ba-ac1f6b6435d0,0,0
35f02d4e-bbae-11e8-b2ba-ac1f6b6435d0,0,0 2
35f2cde6-bbb9-11e8-b2ba-ac1f6b6435d0,1 0,0 1 25
35f59912-bbb0-11e8-b2ba-ac1f6b6435d0,25 0,0 21
35fb879a-bbac-11e8-b2ba-ac1f6b6435d0,5,5
35fb9e7a-bb9c-11e8-b2b9-ac1f6b6435d0,11,11
35fcbdc6-bba8-11e8-b2ba-ac1f6b6435d0,25 23 2 0,0 2 25
35fd0e70-bba3-11e8-b2b9-ac1f6b6435d0,22 2,2 22
35ffadb4-bbb8-11e8-b2ba-ac1f6b6435d0,11 5 0,0 5
3603ca82-bbbf-11e8-b2ba-ac1f6b6435d0,0,0
3604112c-bbb0-11e8-b2ba-ac1f6b6435d0,25 14 21,14
36073156-bb9a-11e8-b2b9-ac1f6b6435d0,11 5,11
3608aeb4-bb9f-11e8-b2b9-ac1f6b6435d0,14 0,0 14
360c9950-bbba-11e8-b2ba-ac1f6b6435d0,5 0,0 5
360df608-bba9-11e8-b2ba-ac1f6b6435d0,21,21
360e2afa-bbaf-11e8-b2ba-ac1f6b6435d0,23,23
36133874-bbc3-11e8-b2bc-ac1f6b6435d0,0 21,0 21
36134142-bbc4-11e8-b2bc-ac1f6b6435d0,7,7
3619a0e4-bb9e-11e8-b2b9-ac1f6b6435d0,26 0,25
36228838-bbaf-11e8-b2ba-ac1f6b6435d0,25 6,21 25
3624ea60-bba0-11e8-b2b9-ac1f6b6435d0,19 0,0 3
3625f174-bbc0-11e8-b2bb-ac1f6b6435d0,23 2 21,2 21
36273a14-bb9f-11e8-b2b9-ac1f6b6435d0,25 3,23
362b2420-bbaa-11e8-b2ba-ac1f6b6435d0,7 23 0,0 7
362c6348-bbbf-11e8-b2ba-ac1f6b6435d0,25,0 25
362cb162-bba2-11e8-b2b9-ac1f6b6435d0,25 2,0 2
362ce79c-bbc8-11e8-b2bc-ac1f6b6435d0,25 0,17 25
362ef594-bbc5-11e8-b2bc-ac1f6b6435d0,25 4,4
362f8f9e-bba8-11e8-b2ba-ac1f6b6435d0,25 2 0,0 2 25
36307bfe-bbbf-11e8-b2ba-ac1f6b6435d0,12 0,0 12
3637492a-bbc4-11e8-b2bc-ac1f6b6435d0,25,25
363bd9c0-bbb7-11e8-b2ba-ac1f6b6435d0,2,2
363c0cd0-bbc4-11e8-b2bc-ac1f6b6435d0,25 1,1 25
363c6a0e-bbc4-11e8-b2bc-ac1f6b6435d0,11,11
363cbc54-bbae-11e8-b2ba-ac1f6b6435d0,4,4
36409f08-bbaf-11e8-b2ba-ac1f6b6435d0,19 2,2
3642a454-bba2-11e8-b2b9-ac1f6b6435d0,25,2 25
364514a2-bba0-11e8-b2b9-ac1f6b6435d0,24 25,24 25
3646172e-bba7-11e8-b2ba-ac1f6b6435d0,19 3,3
364ac974-bbbe-11e8-b2ba-ac1f6b6435d0,2,0 25
364be9d0-bbc3-11e8-b2bc-ac1f6b6435d0,7,25
364e6032-bba7-11e8-b2ba-ac1f6b6435d0,2,2
3651fd5c-bbbe-11e8-b2ba-ac1f6b6435d0,25 5,0 25
365486e4-bbaf-11e8-b2ba-ac1f6b6435d0,3,0 2
3657e536-bbba-11e8-b2ba-ac1f6b6435d0,2 0,0 2
365fbf32-bbbe-11e8-b2ba-ac1f6b6435d0,2 0,0 2
36620094-bbaa-11e8-b2ba-ac1f6b6435d0,25 13,25
3663303c-bba9-11e8-b2ba-ac1f6b6435d0,23,23
3663fdfe-bba5-11e8-b2ba-ac1f6b6435d0,6,6 16
3664954a-bb9e-11e8-b2b9-ac1f6b6435d0,7 0,4
3666dd4e-bba0-11e8-b2b9-ac1f6b6435d0,2 0,0 3
366e1c5c-bbb5-11e8-b2ba-ac1f6b6435d0,23,23
36731756-bbbb-11e8-b2ba-ac1f6b6435d0,25 21,21 25
3673bbd4-bbb6-11e8-b2ba-ac1f6b6435d0,25 0,25
36745a7c-bbc4-11e8-b2bc-ac1f6b6435d0,1,1
3675cc2c-bbb5-11e8-b2ba-ac1f6b6435d0,6,6
367958f0-bbbb-11e8-b2ba-ac1f6b6435d0,25,25
367c9f4a-bba4-11e8-b2b9-ac1f6b6435d0,19 0,0 7
3681ce60-bbbe-11e8-b2ba-ac1f6b6435d0,25 3 0,0 2 21 25
3682bcea-bba9-11e8-b2ba-ac1f6b6435d0,5,0
36842528-bbac-11e8-b2ba-ac1f6b6435d0,20 23 0,0 20
36843c42-bbad-11e8-b2ba-ac1f6b6435d0,25 0,0 25
368b0cc0-bbb7-11e8-b2ba-ac1f6b6435d0,23,23
368bd06c-bbbf-11e8-b2ba-ac1f6b6435d0,7 21,7 21
368c38fe-bbba-11e8-b2ba-ac1f6b6435d0,25 5 0,0
368f0af2-bbc9-11e8-b2bc-ac1f6b6435d0,5,5
3690550e-bbb2-11e8-b2ba-ac1f6b6435d0,7,7
36933232-bbc2-11e8-b2bb-ac1f6b6435d0,25 0,0 25
3694b6e4-bbc1-11e8-b2bb-ac1f6b6435d0,25 2 0,2 25
369d9cce-bb9d-11e8-b2b9-ac1f6b6435d0,7,25
369de974-bba0-11e8-b2b9-ac1f6b6435d0,21,21
369e9b3e-bbc9-11e8-b2bc-ac1f6b6435d0,0 21,21
36a2025c-bbaf-11e8-b2ba-ac1f6b6435d0,4 0,4
36a404d8-bbb1-11e8-b2ba-ac1f6b6435d0,19,25
36a43ccc-bbb7-11e8-b2ba-ac1f6b6435d0,2,3
36a68abc-bb9a-11e8-b2b9-ac1f6b6435d0,25 0,0 25
36a83f9c-bb9f-11e8-b2b9-ac1f6b6435d0,7 0,0 7
36ab70ac-bbb0-11e8-b2ba-ac1f6b6435d0,16 25,16
36b084da-bba5-11e8-b2ba-ac1f6b6435d0,25 13,25
36b13f74-bbb9-11e8-b2ba-ac1f6b6435d0,25 7,0 21
36b25538-bbac-11e8-b2ba-ac1f6b6435d0,25 5 0,0 25
36b4397a-bba2-11e8-b2b9-ac1f6b6435d0,25,25 26
36b53bfc-bbb8-11e8-b2ba-ac1f6b6435d0,4,4
36bd8434-bbc6-11e8-b2bc-ac1f6b6435d0,25 21,21
36be54cc-bba8-11e8-b2ba-ac1f6b6435d0,6,6
36bf8788-bbc7-11e8-b2bc-ac1f6b6435d0,3 0,3
36c332a6-bb9b-11e8-b2b9-ac1f6b6435d0,3,2
36c3a2a6-bbc6-11e8-b2bc-ac1f6b6435d0,0,0
36c3bbfc-bbac-11e8-b2ba-ac1f6b6435d0,2 0,0 2
36c684c0-bbb3-11e8-b2ba-ac1f6b6435d0,25 7,0 18
36c88366-bbad-11e8-b2ba-ac1f6b6435d0,4,5
36ca052a-bbbb-11e8-b2ba-ac1f6b6435d0,1 0,0 1
36cc48f4-bbba-11e8-b2ba-ac1f6b6435d0,21,21
36ce7886-bbba-11e8-b2ba-ac1f6b6435d0,0,0 1 4
36d06594-bba9-11e8-b2ba-ac1f6b6435d0,1 0 21,0 1 21
36d116f4-bbab-11e8-b2ba-ac1f6b6435d0,16 0,0 16
36d1ee64-bbae-11e8-b2ba-ac1f6b6435d0,0 21,0
36d58d5e-bbb2-11e8-b2ba-ac1f6b6435d0,1 0,0 1
36d5f7b6-bbc2-11e8-b2bb-ac1f6b6435d0,3,3
36d693ec-bba4-11e8-b2b9-ac1f6b6435d0,20,20
36d6c1f8-bba6-11e8-b2ba-ac1f6b6435d0,25 14,25
36d768fe-bba3-11e8-b2b9-ac1f6b6435d0,11,11
36d95a20-bba2-11e8-b2b9-ac1f6b6435d0,23,23
36d9fbe6-bbad-11e8-b2ba-ac1f6b6435d0,23 0,0 23
36dd4b5a-bbaf-11e8-b2ba-ac1f6b6435d0,5,0
36e1dac2-bb9a-11e8-b2b9-ac1f6b6435d0,18 0,0 23
36e30f6a-bbc1-11e8-b2bb-ac1f6b6435d0,22 4 21,4 21 22
36e3105c-bbbf-11e8-b2ba-ac1f6b6435d0,4,4
36e47c00-bb9a-11e8-b2b9-ac1f6b6435d0,25 2 0,2 25
36e4e566-bbc0-11e8-b2bb-ac1f6b6435d0,4 21,0
36e62fa8-bba1-11e8-b2b9-ac1f6b6435d0,25 16 0,0
36e716e4-bbaf-11e8-b2ba-ac1f6b6435d0,4,3
36e73f52-bba5-11e8-b2ba-ac1f6b6435d0,23 0,0 25
36e8c8e0-bbb9-11e8-b2ba-ac1f6b6435d0,14,14
36e90a6e-bbc6-11e8-b2bc-ac1f6b6435d0,7,7
36e9a282-bba1-11e8-b2b9-ac1f6b6435d0,19 21,21
36ee7030-bba8-11e8-b2ba-ac1f6b6435d0,14 2 0,0 2 14
36ef3d8e-bba4-11e8-b2b9-ac1f6b6435d0,18 0,18
36f0ab36-bbbf-11e8-b2ba-ac1f6b6435d0,3 0,0 3
36f61bfc-bbab-11e8-b2ba-ac1f6b6435d0,0,0 25
36f983c8-bbba-11e8-b2ba-ac1f6b6435d0,25 0,0 25
36fc6a44-bbb4-11e8-b2ba-ac1f6b6435d0,23 0,23
36fcefc2-bbab-11e8-b2ba-ac1f6b6435d0,7,7 25
36fe58be-bb9f-11e8-b2b9-ac1f6b6435d0,25 0,0 23
3702edca-bb9f-11e8-b2b9-ac1f6b6435d0,2,2
37063d6a-bbb6-11e8-b2ba-ac1f6b6435d0,23,23
37091404-bbca-11e8-b2bc-ac1f6b6435d0,21,21
370b0c2e-bbc9-11e8-b2bc-ac1f6b6435d0,4,4
370bdd90-bbc2-11e8-b2bb-ac1f6b6435d0,0 21,0 12 25
370e02ca-bbb6-11e8-b2ba-ac1f6b6435d0,2 0,0 2
370e2878-bbc4-11e8-b2bc-ac1f6b6435d0,25 0,0 21 25
371114de-bbba-11e8-b2ba-ac1f6b6435d0,25 18,18 25
37124808-bbc5-11e8-b2bc-ac1f6b6435d0,19 23 0,0 23 25
37128b56-bba7-11e8-b2ba-ac1f6b6435d0,19,19
37149ece-bba6-11e8-b2ba-ac1f6b6435d0,0,0
3716b1b6-bbc7-11e8-b2bc-ac1f6b6435d0,3,0
37178e68-bbab-11e8-b2ba-ac1f6b6435d0,7 0,0 25
371b0ef4-bbaf-11e8-b2ba-ac1f6b6435d0,19,4 19 25
371c2f52-bba8-11e8-b2ba-ac1f6b6435d0,7 0,0 7
371c55b6-bbb4-11e8-b2ba-ac1f6b6435d0,25 0,0 25
371dd902-bbc0-11e8-b2bb-ac1f6b6435d0,3 0,0
371e5db0-bbba-11e8-b2ba-ac1f6b6435d0,12 25 0,0 12
3720238e-bbba-11e8-b2ba-ac1f6b6435d0,6,6
37204d14-bbab-11e8-b2ba-ac1f6b6435d0,19,19
37209958-bbac-11e8-b2ba-ac1f6b6435d0,4,4
3728580c-bba0-11e8-b2b9-ac1f6b6435d0,2,2
372922f2-bbb2-11e8-b2ba-ac1f6b6435d0,6,6 21
372c5e1e-bba2-11e8-b2b9-ac1f6b6435d0,0,0 5
373014de-bbb4-11e8-b2ba-ac1f6b6435d0,25 0,0 25
37312b3e-bbb5-11e8-b2ba-ac1f6b6435d0,3,3
37355638-bb9b-11e8-b2b9-ac1f6b6435d0,2 0,0 2
373716f8-bb9b-11e8-b2b9-ac1f6b6435d0,6 18,6
37387e4e-bbbe-11e8-b2ba-ac1f6b6435d0,0,0 25
3739db6e-bbc2-11e8-b2bb-ac1f6b6435d0,5,4
373e7c84-bba7-11e8-b2ba-ac1f6b6435d0,2,2
373ecb9e-bb9d-11e8-b2b9-ac1f6b6435d0,23,23
37403b3c-bbca-11e8-b2bc-ac1f6b6435d0,4,4
3741d156-bbb4-11e8-b2ba-ac1f6b6435d0,25 0,0 25
37447f4a-bbbf-11e8-b2ba-ac1f6b6435d0,25 18 0,0 24 25
3745fe78-bbc0-11e8-b2bb-ac1f6b6435d0,19 0,0
37464fd4-bbae-11e8-b2ba-ac1f6b6435d0,0,0
3748a73c-bbbf-11e8-b2ba-ac1f6b6435d0,12 19 25 0,0 12
374c693c-bb9f-11e8-b2b9-ac1f6b6435d0,25 7 0,7
374d5a4c-bbc0-11e8-b2bb-ac1f6b6435d0,23,21
3753f098-bbc8-11e8-b2bc-ac1f6b6435d0,19 14,14
3755acb2-bba5-11e8-b2ba-ac1f6b6435d0,0,0
375a8dc4-bbc1-11e8-b2bb-ac1f6b6435d0,7,7
375b6b5e-bbb2-11e8-b2ba-ac1f6b6435d0,2 0,0 2
375b793e-bbb5-11e8-b2ba-ac1f6b6435d0,4 21,4 21 25
375f9196-bbc3-11e8-b2bc-ac1f6b6435d0,5 0,0 5
375fb9e6-bbb4-11e8-b2ba-ac1f6b6435d0,23,23
37612266-bbac-11e8-b2ba-ac1f6b6435d0,11 0,0 11
37615fa0-bbc6-11e8-b2bc-ac1f6b6435d0,6,6
37631b80-bb9c-11e8-b2b9-ac1f6b6435d0,26 25,25
376639d4-bbb8-11e8-b2ba-ac1f6b6435d0,7 1,1 7
3768190a-bba6-11e8-b2ba-ac1f6b6435d0,25 0,0 25
376a5f5a-bb9a-11e8-b2b9-ac1f6b6435d0,4,4 21
3770d2b4-bbb7-11e8-b2ba-ac1f6b6435d0,11 2 0,0 2
37710424-bb9d-11e8-b2b9-ac1f6b6435d0,0,0
37723f8e-bbc4-11e8-b2bc-ac1f6b6435d0,0,0 2
3774b00a-bbb2-11e8-b2ba-ac1f6b6435d0,1 2,1 2
3775abc4-bbb5-11e8-b2ba-ac1f6b6435d0,4,4
3775f78e-bba9-11e8-b2ba-ac1f6b6435d0,12,12
37765906-bbb1-11e8-b2ba-ac1f6b6435d0,23,23
377738d0-bbbb-11e8-b2ba-ac1f6b6435d0,19 25,19
37798d10-bbb6-11e8-b2ba-ac1f6b6435d0,25 0,0 25
377b910e-bbbc-11e8-b2ba-ac1f6b6435d0,19 2 0,0 19
3781e9ac-bb9c-11e8-b2b9-ac1f6b6435d0,25 0,0 25
3783cf32-bbb1-11e8-b2ba-ac1f6b6435d0,25 2,2 25
3787abe8-bbac-11e8-b2ba-ac1f6b6435d0,25 1,1 2 25
378fe4e6-bbbd-11e8-b2ba-ac1f6b6435d0,25,21
379014a8-bbbc-11e8-b2ba-ac1f6b6435d0,21,0 21
3791a74e-bbb9-11e8-b2ba-ac1f6b6435d0,25 13 0,0 13 21 25
3794fd8c-bb9a-11e8-b2b9-ac1f6b6435d0,0,0
37975702-bbaa-11e8-b2ba-ac1f6b6435d0,0,4
37975c64-bbb6-11e8-b2ba-ac1f6b6435d0,19 21,21
379e2b2c-bba5-11e8-b2ba-ac1f6b6435d0,25 0 21,0 21 25
379fb826-bbc7-11e8-b2bc-ac1f6b6435d0,25,2 25
379fe830-bb9c-11e8-b2b9-ac1f6b6435d0,25 0,0
37a05038-bbbd-11e8-b2ba-ac1f6b6435d0,7 0,7
37a0a768-bbbd-11e8-b2ba-ac1f6b6435d0,13,13
37a0aa98-bbc1-11e8-b2bb-ac1f6b6435d0,20 0,5
37a3090e-bb9a-11e8-b2b9-ac1f6b6435d0,6 21,21
37a548cc-bbbd-11e8-b2ba-ac1f6b6435d0,7,7
37a8b478-bbc0-11e8-b2bb-ac1f6b6435d0,4 21,21
37a8d872-bbb1-11e8-b2ba-ac1f6b6435d0,0 21,0 21
37ab1972-bbaa-11e8-b2ba-ac1f6b6435d0,2,0
37ab3f96-bbab-11e8-b2ba-ac1f6b6435d0,25 0,0 2
37ac3e2a-bbb3-11e8-b2ba-ac1f6b6435d0,3 0,3
37aca010-bbc5-11e8-b2bc-ac1f6b6435d0,0,0
37b4ae32-bbab-11e8-b2ba-ac1f6b6435d0,0,0
37b644d0-bbbb-11e8-b2ba-ac1f6b6435d0,12 23 0,0 23
37b8505a-bbb0-11e8-b2ba-ac1f6b6435d0,4,2
37b983e8-bbca-11e8-b2bc-ac1f6b6435d0,25 13 21,21 25
37bad0ac-bb9a-11e8-b2b9-ac1f6b6435d0,23,11 23
37bc1c30-bbb5-11e8-b2ba-ac1f6b6435d0,2,2
37bc9276-bbb7-11e8-b2ba-ac1f6b6435d0,1,1
37bc9be8-bba0-11e8-b2b9-ac1f6b6435d0,4 21,4 21
37c58d80-bbb8-11e8-b2ba-ac1f6b6435d0,0,0
37c872b2-bbc1-11e8-b2bb-ac1f6b6435d0,25 0,0 21
37cc5444-bba9-11e8-b2ba-ac1f6b6435d0,25,23
37cd165c-bba1-11e8-b2b9-ac1f6b6435d0,0,0
37cd1d00-bba6-11e8-b2ba-ac1f6b6435d0,16 0,0 5
37cf8638-bbb2-11e8-b2ba-ac1f6b6435d0,11,11
37cfed28-bb9c-11e8-b2b9-ac1f6b6435d0,18 17,25
37d304f6-bbbd-11e8-b2ba-ac1f6b6435d0,5,5
37d480c2-bbbf-11e8-b2ba-ac1f6b6435d0,25 2 0,0 25
37d564dc-bba2-11e8-b2b9-ac1f6b6435d0,23 0,0 23
37d69a60-bbab-11e8-b2ba-ac1f6b6435d0,21,21 25
37d701d4-bbac-11e8-b2ba-ac1f6b6435d0,23,23
37d764ec-bbb3-11e8-b2ba-ac1f6b6435d0,7,0 20 23
37d84774-bbc0-11e8-b2bb-ac1f6b6435d0,16 0,0 2 14
37dac41c-bba8-11e8-b2ba-ac1f6b6435d0,25 0 21,0 21 25
37db81ca-bbaf-11e8-b2ba-ac1f6b6435d0,25,25
37dc6966-bba3-11e8-b2b9-ac1f6b6435d0,5 0,5
37df064e-bbc6-11e8-b2bc-ac1f6b6435d0,23,23
37e1684e-bbbc-11e8-b2ba-ac1f6b6435d0,21,21
37e3ec0e-bbb2-11e8-b2ba-ac1f6b6435d0,22 0,0 22
37e45548-bbaa-11e8-b2ba-ac1f6b6435d0,11,11
37e4731e-bbc5-11e8-b2bc-ac1f6b6435d0,0 21,0 19 21
37e5863e-bbb9-11e8-b2ba-ac1f6b6435d0,22 21,21 22
37e62d36-bbb0-11e8-b2ba-ac1f6b6435d0,19 11,12 19
37e69046-bb9c-11e8-b2b9-ac1f6b6435d0,25 0,0 19 25
37e7210c-bba4-11e8-b2b9-ac1f6b6435d0,7 5 0,0 5 7
37e8ba80-bba4-11e8-b2b9-ac1f6b6435d0,21,22
37eac442-bba9-11e8-b2ba-ac1f6b6435d0,11 0,0 12
37ebd648-bb9a-11e8-b2b9-ac1f6b6435d0,25 5 0,0 19
37ec1998-bbbb-11e8-b2ba-ac1f6b6435d0,6 1,6
37efbd72-bbb2-11e8-b2ba-ac1f6b6435d0,25,13
37f3aefc-bbc4-11e8-b2bc-ac1f6b6435d0,25,25
37f7e390-bbc5-11e8-b2bc-ac1f6b6435d0,16 7,7 16 17
37fa8714-bbc8-11e8-b2bc-ac1f6b6435d0,2,25
37fd3ef0-bbb4-11e8-b2ba-ac1f6b6435d0,25 2 0,0 2
38005ed0-bbb1-11e8-b2ba-ac1f6b6435d0,1 2 0,1 2
3804d8d6-bbc8-11e8-b2bc-ac1f6b6435d0,12 25,19 21 25
3804f20e-bb9f-11e8-b2b9-ac1f6b6435d0,19 0,0 19
3806de4c-bbc8-11e8-b2bc-ac1f6b6435d0,23,23
3806f22a-bbae-11e8-b2ba-ac1f6b6435d0,7 0,0 7
38079cfe-bbc5-11e8-b2bc-ac1f6b6435d0,0,0
3807e4be-bbae-11e8-b2ba-ac1f6b6435d0,0,0
3808fe32-bba2-11e8-b2b9-ac1f6b6435d0,18 0,0 7 18 21
380924e8-bbac-11e8-b2ba-ac1f6b6435d0,0,0
380ac9d6-bba4-11e8-b2b9-ac1f6b6435d0,0,0
380b353a-bbac-11e8-b2ba-ac1f6b6435d0,5 0,0 5
380be494-bba7-11e8-b2ba-ac1f6b6435d0,14 21,14
381139be-bbc8-11e8-b2bc-ac1f6b6435d0,21,21
3811992a-bbb1-11e8-b2ba-ac1f6b6435d0,5 21,5
38157acc-bb9d-11e8-b2b9-ac1f6b6435d0,2,0 2
38158b0c-bbca-11e8-b2bc-ac1f6b6435d0,25 0,25
3815f9b4-bbae-11e8-b2ba-ac1f6b6435d0,21,21 25
381b6314-bbc1-11e8-b2bb-ac1f6b6435d0,19 25,19 25
381da682-bba4-11e8-b2b9-ac1f6b6435d0,12 19,12
381e246e-bbb2-11e8-b2ba-ac1f6b6435d0,7,7
381e477c-bb9a-11e8-b2b9-ac1f6b6435d0,15 5 0,0 5 23
381e6a72-bb9a-11e8-b2b9-ac1f6b6435d0,21,25
381f329c-bbb6-11e8-b2ba-ac1f6b6435d0,23 0,0 23
38207b90-bb9b-11e8-b2b9-ac1f6b6435d0,25 0,0 25
3820f65c-bb9a-11e8-b2b9-ac1f6b6435d0,2 0,0 2
38217636-bbc7-11e8-b2bc-ac1f6b6435d0,25 18 0,18 24
382244b8-bbbc-11e8-b2ba-ac1f6b6435d0,25,6 25
38242d80-bbb4-11e8-b2ba-ac1f6b6435d0,13,13 21
38289144-bba6-11e8-b2ba-ac1f6b6435d0,7 2,0 2
38293f5c-bbbc-11e8-b2ba-ac1f6b6435d0,22 0,0 22
382b5742-bbad-11e8-b2ba-ac1f6b6435d0,25 0,0 21 25
382b7cb0-bba1-11e8-b2b9-ac1f6b6435d0,23 0,0 23
382d3efe-bbc6-11e8-b2bc-ac1f6b6435d0,21,21
38327d44-bba6-11e8-b2ba-ac1f6b6435d0,25 5,0 5 25
383314f6-bba7-11e8-b2ba-ac1f6b6435d0,25,25
3833b6e2-bbb4-11e8-b2ba-ac1f6b6435d0,11,0
383570e6-bbae-11e8-b2ba-ac1f6b6435d0,7 21,21
38363636-bbca-11e8-b2bc-ac1f6b6435d0,3,3
38369ad4-bbc7-11e8-b2bc-ac1f6b6435d0,22,7
3837469c-bbad-11e8-b2ba-ac1f6b6435d0,23,23
38387a14-bb9c-11e8-b2b9-ac1f6b6435d0,0,0 5 25
3838e7ee-bbb8-11e8-b2ba-ac1f6b6435d0,5,5
383cb1ae-bba3-11e8-b2b9-ac1f6b6435d0,26 0,0 26
383cdb0a-bbb4-11e8-b2ba-ac1f6b6435d0,2 21,2 21
384206dc-bba7-11e8-b2ba-ac1f6b6435d0,25 0,0 25
3842185a-bb9f-11e8-b2b9-ac1f6b6435d0,7 5,0 7
384460bc-bbc0-11e8-b2bb-ac1f6b6435d0,2 0,0 2
384595ba-bbb9-11e8-b2ba-ac1f6b6435d0,3 0,0 2
3846865a-bbaf-11e8-b2ba-ac1f6b6435d0,12,12
38475ece-bbb2-11e8-b2ba-ac1f6b6435d0,5 0,0
3847e86a-bbb4-11e8-b2ba-ac1f6b6435d0,7 0 21,21
3848f968-bbb3-11e8-b2ba-ac1f6b6435d0,4,4
38490548-bbb8-11e8-b2ba-ac1f6b6435d0,2 0,0
3849b490-bbca-11e8-b2bc-ac1f6b6435d0,6,6
384dcb32-bbbd-11e8-b2ba-ac1f6b6435d0,26 5 3 0,5
384ed218-bbc5-11e8-b2bc-ac1f6b6435d0,3 0,2
384f2802-bbc6-11e8-b2bc-ac1f6b6435d0,20 23 0,0 7 20
384fa942-bbc3-11e8-b2bc-ac1f6b6435d0,0,0
38529268-bbc0-11e8-b2bb-ac1f6b6435d0,25 0,0
3852dab4-bbb3-11e8-b2ba-ac1f6b6435d0,6 0,25
385847c2-bb9c-11e8-b2b9-ac1f6b6435d0,5,5
3858aae2-bbc8-11e8-b2bc-ac1f6b6435d0,7 0,0 7
385e14aa-bb9b-11e8-b2b9-ac1f6b6435d0,23 2,25
38625f52-bbae-11e8-b2ba-ac1f6b6435d0,6,25
386347f6-bba3-11e8-b2b9-ac1f6b6435d0,18,18
3864e51a-bbbd-11e8-b2ba-ac1f6b6435d0,1 0,0 1
3865ad24-bba4-11e8-b2b9-ac1f6b6435d0,16 14 17,14
3866a7d8-bbb8-11e8-b2ba-ac1f6b6435d0,25,14
386798bc-bbb5-11e8-b2ba-ac1f6b6435d0,4,4
386e5c4c-bb9c-11e8-b2b9-ac1f6b6435d0,1 21,0 1 21
3870dbe8-bbc4-11e8-b2bc-ac1f6b6435d0,21,21
38717482-bbaa-11e8-b2ba-ac1f6b6435d0,25,6
38745942-bbb2-11e8-b2ba-ac1f6b6435d0,11 0,0 11 24
3879901e-bbbd-11e8-b2ba-ac1f6b6435d0,19 0 21,0 21
3879bcac-bbbc-11e8-b2ba-ac1f6b6435d0,25,21
3879eeae-bbab-11e8-b2ba-ac1f6b6435d0,25 11,11 25
387a9e96-bbae-11e8-b2ba-ac1f6b6435d0,4,0
387bd116-bbb4-11e8-b2ba-ac1f6b6435d0,7 2 0,0 2 7
387ed2b6-bba1-11e8-b2b9-ac1f6b6435d0,25 7,25
3883469c-bbb1-11e8-b2ba-ac1f6b6435d0,6 2,2 6
3883d28c-bbb7-11e8-b2ba-ac1f6b6435d0,12,12
3887856c-bba8-11e8-b2ba-ac1f6b6435d0,25,0 25
388c1724-bbbe-11e8-b2ba-ac1f6b6435d0,25 7 21,21 25
388d41a2-bbc9-11e8-b2bc-ac1f6b6435d0,2,2
3891fa92-bbad-11e8-b2ba-ac1f6b6435d0,14,14
3892c1a0-bb9b-11e8-b2b9-ac1f6b6435d0,24 4,24
38936248-bbca-11e8-b2bc-ac1f6b6435d0,2 21,2 21
3899dbdc-bbc0-11e8-b2bb-ac1f6b6435d0,3,2
389c488c-bb9c-11e8-b2b9-ac1f6b6435d0,6 0,6
38a7f0f2-bbc3-11e8-b2bc-ac1f6b6435d0,2,2
38a82126-bba0-11e8-b2b9-ac1f6b6435d0,7,7
38a91562-bba6-11e8-b2ba-ac1f6b6435d0,5 0,0
38aa3f40-bbc5-11e8-b2bc-ac1f6b6435d0,5,0
38ac0a28-bbca-11e8-b2bc-ac1f6b6435d0,25 2 0 21,0 2 21 25
38b2a314-bba8-11e8-b2ba-ac1f6b6435d0,2 0,0 2
38b39da2-bbb0-11e8-b2ba-ac1f6b6435d0,7,0
38b57580-bba8-11e8-b2ba-ac1f6b6435d0,25 5 0,0 26
38b630a4-bbc8-11e8-b2bc-ac1f6b6435d0,12 1 21,1 12
38b95be4-bbb9-11e8-b2ba-ac1f6b6435d0,0 21,0 23
38bae6a6-bbb6-11e8-b2ba-ac1f6b6435d0,22 0,0 22
38bc1eb6-bba4-11e8-b2b9-ac1f6b6435d0,0,0
38c07020-bbb7-11e8-b2ba-ac1f6b6435d0,25 0,0 25
38c35038-bb9e-11e8-b2b9-ac1f6b6435d0,22 0,0 22
38c586d0-bbb9-11e8-b2ba-ac1f6b6435d0,25 2,2 25
38c86e6a-bbbc-11e8-b2ba-ac1f6b6435d0,2 0,0 2
38ce73ae-bba9-11e8-b2ba-ac1f6b6435d0,25,21
38cf3ec0-bbad-11e8-b2ba-ac1f6b6435d0,25 3,3 25
38cfdba2-bbc9-11e8-b2bc-ac1f6b6435d0,25 0,0 25
38d0569e-bba7-11e8-b2ba-ac1f6b6435d0,24,25
38d21412-bbb5-11e8-b2ba-ac1f6b6435d0,23,23
38d329c6-bbb8-11e8-b2ba-ac1f6b6435d0,25,21 23
38d360fe-bba3-11e8-b2b9-ac1f6b6435d0,22 21,22
38d3b136-bba7-11e8-b2ba-ac1f6b6435d0,25 6,25
38d654a0-bb9c-11e8-b2b9-ac1f6b6435d0,6 21,6
38d900b6-bbaf-11e8-b2ba-ac1f6b6435d0,25 1,1 25
38d9b402-bbbe-11e8-b2ba-ac1f6b6435d0,23,23
38da8644-bbbd-11e8-b2ba-ac1f6b6435d0,19 0,0
38dd95ca-bbb6-11e8-b2ba-ac1f6b6435d0,25 2 0,0 2 25
38df3154-bbc6-11e8-b2bc-ac1f6b6435d0,6,6 23
38e13644-bb9d-11e8-b2b9-ac1f6b6435d0,6,6
38e34b7a-bbb9-11e8-b2ba-ac1f6b6435d0,23,23
38e7ca74-bbbe-11e8-b2ba-ac1f6b6435d0,7,7
38e92b6c-bbaa-11e8-b2ba-ac1f6b6435d0,26,25 26
38e9ff54-bbca-11e8-b2bc-ac1f6b6435d0,21,2 21
38ea764a-bbad-11e8-b2ba-ac1f6b6435d0,25 0,0 25
38ecff5c-bba6-11e8-b2ba-ac1f6b6435d0,23 0,0 23
38ed6a08-bbc1-11e8-b2bb-ac1f6b6435d0,2 21,2 21
38f1ae38-bbb7-11e8-b2ba-ac1f6b6435d0,25,0 25
38f2f024-bbbf-11e8-b2ba-ac1f6b6435d0,25 3,2
38f7e63e-bbb9-11e8-b2ba-ac1f6b6435d0,25 11 2 0,0 2 11 25
38fb242a-bba5-11e8-b2ba-ac1f6b6435d0,19 0,0 19
390076fc-bbb7-11e8-b2ba-ac1f6b6435d0,23,23
39007ce0-bbb4-11e8-b2ba-ac1f6b6435d0,0 21,0 21 25
39025df2-bba6-11e8-b2ba-ac1f6b6435d0,26,26
3903bc54-bbb7-11e8-b2ba-ac1f6b6435d0,7 0,0 7
3903cf14-bb9e-11e8-b2b9-ac1f6b6435d0,2 0,2
3904fb6c-bbaa-11e8-b2ba-ac1f6b6435d0,5,5 19
3905e476-bba7-11e8-b2ba-ac1f6b6435d0,18,18
390779e0-bba6-11e8-b2ba-ac1f6b6435d0,0 21,0 21
3909707a-bbaf-11e8-b2ba-ac1f6b6435d0,21,21
390bb59c-bba5-11e8-b2ba-ac1f6b6435d0,25 5,0 22
390d0396-bbb6-11e8-b2ba-ac1f6b6435d0,23,0 21
390d705c-bbbf-11e8-b2ba-ac1f6b6435d0,3,3
39135666-bbc4-11e8-b2bc-ac1f6b6435d0,0,0
3914c722-bbaf-11e8-b2ba-ac1f6b6435d0,2 0,2
39156f44-bbbc-11e8-b2ba-ac1f6b6435d0,2,2
39168a4c-bbbb-11e8-b2ba-ac1f6b6435d0,7,7
391754f2-bba4-11e8-b2b9-ac1f6b6435d0,0 21,0 21
39177ab6-bbb0-11e8-b2ba-ac1f6b6435d0,1,1 25
3918b642-bb9c-11e8-b2b9-ac1f6b6435d0,0,0
39192b9e-bbac-11e8-b2ba-ac1f6b6435d0,19,18 19 25
391d8400-bbb1-11e8-b2ba-ac1f6b6435d0,7,7
392288a8-bba5-11e8-b2ba-ac1f6b6435d0,5,5
39243ec2-bbb0-11e8-b2ba-ac1f6b6435d0,19 0,0 18 25
39280cf6-bbb9-11e8-b2ba-ac1f6b6435d0,2,2 25
39283e74-bbb4-11e8-b2ba-ac1f6b6435d0,7,19
3929964a-bba3-11e8-b2b9-ac1f6b6435d0,11 1 0,0 11
392d92bc-bbb8-11e8-b2ba-ac1f6b6435d0,13,13
3931246c-bba0-11e8-b2b9-ac1f6b6435d0,5,5
39329748-bbaa-11e8-b2ba-ac1f6b6435d0,25 1,0 25
39331128-bbc3-11e8-b2bc-ac1f6b6435d0,25 6,6 25
39379f9a-bbaf-11e8-b2ba-ac1f6b6435d0,25,25
393d8a7c-bbaf-11e8-b2ba-ac1f6b6435d0,3 0,0 3 25
393f5c32-bbc6-11e8-b2bc-ac1f6b6435d0,7 0,0 7
3945c968-bb9a-11e8-b2b9-ac1f6b6435d0,0,0
394adf26-bb9e-11e8-b2b9-ac1f6b6435d0,7 0,0 7
394deba0-bbc9-11e8-b2bc-ac1f6b6435d0,0 21,0 25
3950ccf8-bba1-11e8-b2b9-ac1f6b6435d0,0,0
3951542c-bbc2-11e8-b2bb-ac1f6b6435d0,7 0,0 7 25
3952177e-bbc5-11e8-b2bc-ac1f6b6435d0,22,22
3952515c-bba8-11e8-b2ba-ac1f6b6435d0,1 0,0 1
39531166-bba6-11e8-b2ba-ac1f6b6435d0,4 0,4
39533942-bbca-11e8-b2bc-ac1f6b6435d0,7,7 16
39537cc0-bbbd-11e8-b2ba-ac1f6b6435d0,25 6,19
39590920-bba3-11e8-b2b9-ac1f6b6435d0,16 17 0,0
39593cbe-bbb8-11e8-b2ba-ac1f6b6435d0,0 21,0 21
39596ce6-bba6-11e8-b2ba-ac1f6b6435d0,21,0 5
395a0548-bba1-11e8-b2b9-ac1f6b6435d0,14 21,14 21 25
395f1178-bbc9-11e8-b2bc-ac1f6b6435d0,0,0 3
3963c69a-bbac-11e8-b2ba-ac1f6b6435d0,25,25
396430d0-bbbb-11e8-b2ba-ac1f6b6435d0,25 0,7
39648ac2-bbba-11e8-b2ba-ac1f6b6435d0,0 21,21
39672d0a-bbbe-11e8-b2ba-ac1f6b6435d0,23,23
3967f2ec-bb9d-11e8-b2b9-ac1f6b6435d0,2 0,0 2
3968b49c-bba8-11e8-b2ba-ac1f6b6435d0,21,21 25
39691622-bbca-11e8-b2bc-ac1f6b6435d0,16 7 17,7 16 17 18
396bec04-bbc9-11e8-b2bc-ac1f6b6435d0,12,16
396c7b22-bbc6-11e8-b2bc-ac1f6b6435d0,19 0,0 19
396d820a-bbbd-11e8-b2ba-ac1f6b6435d0,12,12
396dffd6-bbaa-11e8-b2ba-ac1f6b6435d0,3,0 25
3970a58a-bbc6-11e8-b2bc-ac1f6b6435d0,7 16 0,0 5 7
39710b50-bb9a-11e8-b2b9-ac1f6b6435d0,26 0,0 26
39719f7a-bbb3-11e8-b2ba-ac1f6b6435d0,1 0,1
39788062-bbbb-11e8-b2ba-ac1f6b6435d0,5 0,0 5
39788932-bbb0-11e8-b2ba-ac1f6b6435d0,2 0,0 2
3979bdfe-bba9-11e8-b2ba-ac1f6b6435d0,6,6 23
397bda7e-bbb5-11e8-b2ba-ac1f6b6435d0,0,0
397cf056-bbad-11e8-b2ba-ac1f6b6435d0,25 1 2 21,1 2 21
397d52d4-bbae-11e8-b2ba-ac1f6b6435d0,25,23
3980623e-bbbe-11e8-b2ba-ac1f6b6435d0,22 4 21,4 21 22
39824588-bbad-11e8-b2ba-ac1f6b6435d0,4 0,4
39873992-bbc8-11e8-b2bc-ac1f6b6435d0,2 0,5
39880824-bb9e-11e8-b2b9-ac1f6b6435d0,0,0
398979ae-bbc9-11e8-b2bc-ac1f6b6435d0,3 0,0 3
398a0352-bbc8-11e8-b2bc-ac1f6b6435d0,23,23
398ab922-bbab-11e8-b2ba-ac1f6b6435d0,7,7
399282de-bbbe-11e8-b2ba-ac1f6b6435d0,23,25
399301be-bbc3-11e8-b2bc-ac1f6b6435d0,22 7,7 22
39935924-bba6-11e8-b2ba-ac1f6b6435d0,25 23,25
399498fe-bbb8-11e8-b2ba-ac1f6b6435d0,23,23
3994b224-bbc9-11e8-b2bc-ac1f6b6435d0,22,5
39952d34-bba7-11e8-b2ba-ac1f6b6435d0,25 0,0 25
3996ba24-bba6-11e8-b2ba-ac1f6b6435d0,24 0,0 24
3996f0d6-bb9a-11e8-b2b9-ac1f6b6435d0,25 14,14
399c8a40-bba0-11e8-b2b9-ac1f6b6435d0,18,18 19
399ccbbc-bbab-11e8-b2ba-ac1f6b6435d0,0,0
39a19fbc-bba5-11e8-b2ba-ac1f6b6435d0,11 0,11
39a46fec-bbc5-11e8-b2bc-ac1f6b6435d0,24 25,24
39a7dd7e-bbc2-11e8-b2bb-ac1f6b6435d0,23,7 20
39ac03a8-bba5-11e8-b2ba-ac1f6b6435d0,25,25
39ad9c24-bb9e-11e8-b2b9-ac1f6b6435d0,6 1,1 6
39adf4b0-bba5-11e8-b2ba-ac1f6b6435d0,0,0
39af3d76-bba4-11e8-b2b9-ac1f6b6435d0,4,4
39b11bee-bb9c-11e8-b2b9-ac1f6b6435d0,2 0 21,0 2
39b12c9c-bbc4-11e8-b2bc-ac1f6b6435d0,7,23
39b22646-bba2-11e8-b2b9-ac1f6b6435d0,21,21
39ba07b8-bba1-11e8-b2b9-ac1f6b6435d0,21,21
39bbe67a-bbae-11e8-b2ba-ac1f6b6435d0,0,0 25
39c04a08-bbae-11e8-b2ba-ac1f6b6435d0,25 1 0 21,0 1 21
39c1ba28-bbae-11e8-b2ba-ac1f6b6435d0,25 3 0,0 3
39c28078-bbb0-11e8-b2ba-ac1f6b6435d0,25 14,14 16 17 25
39c28d2e-bbb6-11e8-b2ba-ac1f6b6435d0,5,5
39c4d36c-bbad-11e8-b2ba-ac1f6b6435d0,23 0,0 23
39c61ede-bbbc-11e8-b2ba-ac1f6b6435d0,18 0,0 18
39c79f82-bb9b-11e8-b2b9-ac1f6b6435d0,4,4
39c837da-bba0-11e8-b2b9-ac1f6b6435d0,3,25
39c89a8e-bbb6-11e8-b2ba-ac1f6b6435d0,9 10,8 9 10 20
39c9a9ee-bb9b-11e8-b2b9-ac1f6b6435d0,1,1 5
39cbc83c-bbc8-11e8-b2bc-ac1f6b6435d0,2,2
39ce2f06-bbb3-11e8-b2ba-ac1f6b6435d0,25,23
39cf4f1c-bbb3-11e8-b2ba-ac1f6b6435d0,19,19
39d17f12-bbc2-11e8-b2bb-ac1f6b6435d0,12 0,0 16 25
39d41a9c-bba9-11e8-b2ba-ac1f6b6435d0,19 21,0 21
39d83518-bbc3-11e8-b2bc-ac1f6b6435d0,21,6
39dc41be-bbbc-11e8-b2ba-ac1f6b6435d0,23,23
39dc8d7c-bbad-11e8-b2ba-ac1f6b6435d0,25 0,0 25
39dfef56-bb9b-11e8-b2b9-ac1f6b6435d0,0 21,0 21 25
39e1dfbe-bbb9-11e8-b2ba-ac1f6b6435d0,5,5
39e505a4-bbaf-11e8-b2ba-ac1f6b6435d0,25 2 0,2 25
39e89150-bbbf-11e8-b2ba-ac1f6b6435d0,12 21,12
39ee853c-bb9d-11e8-b2b9-ac1f6b6435d0,25,25
39ef68e0-bbc9-11e8-b2bc-ac1f6b6435d0,25 3,3 26
39efd93a-bbae-11e8-b2ba-ac1f6b6435d0,25 0 21,21 25
39f1817a-bba6-11e8-b2ba-ac1f6b6435d0,21,21
39f246b2-bba3-11e8-b2b9-ac1f6b6435d0,19 0,0 19
39f67fba-bba4-11e8-b2b9-ac1f6b6435d0,25 3,3 25
39f6f744-bba7-11e8-b2ba-ac1f6b6435d0,25 2,2
39f89e44-bba9-11e8-b2ba-ac1f6b6435d0,23,5
39feb1fe-bba8-11e8-b2ba-ac1f6b6435d0,7 21,7
39fef71c-bb9f-11e8-b2b9-ac1f6b6435d0,25 0,0 5
3a02ccee-bbc1-11e8-b2bb-ac1f6b6435d0,11,11
3a05beac-bbb4-11e8-b2ba-ac1f6b6435d0,21,21
3a074834-bba1-11e8-b2b9-ac1f6b6435d0,23,23
3a076a72-bbb4-11e8-b2ba-ac1f6b6435d0,25,25
3a093442-bb9b-11e8-b2b9-ac1f6b6435d0,25 0,25
3a0a3056-bbc1-11e8-b2bb-ac1f6b6435d0,25 14 21,14 21 25
3a0e7fcc-bbbb-11e8-b2ba-ac1f6b6435d0,25 5 0,5
3a0fe3d0-bb9d-11e8-b2b9-ac1f6b6435d0,4 0,0 4
3a10f8a8-bbbe-11e8-b2ba-ac1f6b6435d0,16 14,20
3a14b54e-bbb2-11e8-b2ba-ac1f6b6435d0,22 13,13
3a15fb20-bbbc-11e8-b2ba-ac1f6b6435d0,11 3 0,0 2 11 25
3a16ebd4-bbad-11e8-b2ba-ac1f6b6435d0,25 0,0 25
3a19f4a4-bbc2-11e8-b2bb-ac1f6b6435d0,5,5
3a1a7f44-bbb0-11e8-b2ba-ac1f6b6435d0,4,4
3a237ac4-bba4-11e8-b2b9-ac1f6b6435d0,23,23 25
3a26b4c2-bb9b-11e8-b2b9-ac1f6b6435d0,1 0 21,5
3a278f6a-bb9f-11e8-b2b9-ac1f6b6435d0,3,3
3a2803e8-bbc5-11e8-b2bc-ac1f6b6435d0,23,23
3a2871fa-bbc2-11e8-b2bb-ac1f6b6435d0,4 0,0 5
3a298cc8-bbab-11e8-b2ba-ac1f6b6435d0,11,11
3a2af878-bbc5-11e8-b2bc-ac1f6b6435d0,2 0,0 2
3a2b2734-bba3-11e8-b2b9-ac1f6b6435d0,22 25 3 21,13 25
3a2dcdb8-bbbc-11e8-b2ba-ac1f6b6435d0,0,0 4
3a2e4f5e-bba3-11e8-b2b9-ac1f6b6435d0,0,0
3a315c4e-bbc6-11e8-b2bc-ac1f6b6435d0,19,2 25
3a327c44-bb9b-11e8-b2b9-ac1f6b6435d0,0,0
3a33a0aa-bb9c-11e8-b2b9-ac1f6b6435d0,23,23
3a3457ae-bb9a-11e8-b2b9-ac1f6b6435d0,11 2,2 11
3a346816-bbb3-11e8-b2ba-ac1f6b6435d0,22 5,5
3a35c188-bba5-11e8-b2ba-ac1f6b6435d0,25 23,23
3a38f6ee-bbac-11e8-b2ba-ac1f6b6435d0,7,0 7
3a3c0194-bba8-11e8-b2ba-ac1f6b6435d0,5,5
3a3c6be0-bb9c-11e8-b2b9-ac1f6b6435d0,0,0
3a3ec126-bbae-11e8-b2ba-ac1f6b6435d0,7,0 7 25
3a3efb6c-bba1-11e8-b2b9-ac1f6b6435d0,2,2
3a425e76-bbbd-11e8-b2ba-ac1f6b6435d0,5,5
3a4592be-bbc5-11e8-b2bc-ac1f6b6435d0,0,0 16
3a45ea8e-bbbb-11e8-b2ba-ac1f6b6435d0,21,21 25
3a492cce-bbae-11e8-b2ba-ac1f6b6435d0,14,14
3a4a2a44-bbb7-11e8-b2ba-ac1f6b6435d0,21,21 22
3a4d83fc-bba2-11e8-b2b9-ac1f6b6435d0,2 0,0 2
3a4dbc3a-bb9f-11e8-b2b9-ac1f6b6435d0,25,21 25
3a51cf8e-bb9d-11e8-b2b9-ac1f6b6435d0,5,0
3a54d0ba-bbae-11e8-b2ba-ac1f6b6435d0,24,7 11
3a5583c2-bba2-11e8-b2b9-ac1f6b6435d0,11 3 0,0 3
3a56751e-bbae-11e8-b2ba-ac1f6b6435d0,4,4
3a5819b4-bbc7-11e8-b2bc-ac1f6b6435d0,22,22
3a5ac95a-bbc4-11e8-b2bc-ac1f6b6435d0,5 0,5
3a5ae652-bbb9-11e8-b2ba-ac1f6b6435d0,25,25
3a5bce4e-bba2-11e8-b2b9-ac1f6b6435d0,25 0,0
3a5defa8-bbb6-11e8-b2ba-ac1f6b6435d0,7,18
3a5fd630-bb9b-11e8-b2b9-ac1f6b6435d0,23 2,2 4 23 25
3a612886-bbbf-11e8-b2ba-ac1f6b6435d0,22 21,22 23
3a633576-bbb6-11e8-b2ba-ac1f6b6435d0,22 19 0,0 18 19
3a64b82c-bbbd-11e8-b2ba-ac1f6b6435d0,19,19
3a6501ce-bbb3-11e8-b2ba-ac1f6b6435d0,1 0,0 1
3a67b970-bbbb-11e8-b2ba-ac1f6b6435d0,7,7
3a67f680-bba5-11e8-b2ba-ac1f6b6435d0,0,0
3a697a5a-bbc3-11e8-b2bc-ac1f6b6435d0,23 2 0,0 2 23
3a72f856-bbb8-11e8-b2ba-ac1f6b6435d0,23 0,0 23
3a731898-bbbf-11e8-b2ba-ac1f6b6435d0,0,0
3a7535c8-bbac-11e8-b2ba-ac1f6b6435d0,1 4,1 4
3a760494-bbc0-11e8-b2bb-ac1f6b6435d0,14,14
3a7a5e3c-bbc4-11e8-b2bc-ac1f6b6435d0,5 0,5
3a7ac702-bbc7-11e8-b2bc-ac1f6b6435d0,25 18,19
3a7f919a-bbc4-11e8-b2bc-ac1f6b6435d0,0,0 5
3a804a8e-bba8-11e8-b2ba-ac1f6b6435d0,0,0
3a811208-bbc5-11e8-b2bc-ac1f6b6435d0,25,23
3a835598-bbc7-11e8-b2bc-ac1f6b6435d0,0,0
3a846fd6-bba0-11e8-b2b9-ac1f6b6435d0,25 11 2,2 25
3a899920-bbbe-11e8-b2ba-ac1f6b6435d0,21,0 21
3a8ca5bc-bbb3-11e8-b2ba-ac1f6b6435d0,25,25
3a8ccbce-bba8-11e8-b2ba-ac1f6b6435d0,7,7
3a8ed79a-bbb5-11e8-b2ba-ac1f6b6435d0,23,23 25
3a8f6594-bbbe-11e8-b2ba-ac1f6b6435d0,22,19
3a8fc858-bbba-11e8-b2ba-ac1f6b6435d0,7,2 7
3a91b0ac-bba9-11e8-b2ba-ac1f6b6435d0,25 0,0 25
3a96f22a-bb9e-11e8-b2b9-ac1f6b6435d0,25 21,25
3a989c64-bb9f-11e8-b2b9-ac1f6b6435d0,18 0,0
3a99f148-bbc9-11e8-b2bc-ac1f6b6435d0,7,4 7
3a9abea2-bbc9-11e8-b2bc-ac1f6b6435d0,11,11
3a9e0092-bb9e-11e8-b2b9-ac1f6b6435d0,2 0,0 2
3a9f1c18-bbb5-11e8-b2ba-ac1f6b6435d0,22,0 22
3a9fcbac-bbc1-11e8-b2bb-ac1f6b6435d0,14 0,0 14
3aa0d942-bbc7-11e8-b2bc-ac1f6b6435d0,1 0,0 1
3aa1f334-bbb0-11e8-b2ba-ac1f6b6435d0,25 21,21 22
3aa7121a-bba1-11e8-b2b9-ac1f6b6435d0,25 7,25
3aaa8990-bbab-11e8-b2ba-ac1f6b6435d0,25 0,0 25
3aae99ae-bbba-11e8-b2ba-ac1f6b6435d0,4,4
3ab16090-bba5-11e8-b2ba-ac1f6b6435d0,25 3,3
3ab3ef96-bba4-11e8-b2b9-ac1f6b6435d0,8,6 9 20
3ab855e0-bbc7-11e8-b2bc-ac1f6b6435d0,23,23
3ab8cabe-bbc9-11e8-b2bc-ac1f6b6435d0,25 13,13 25
3abadbd4-bbbe-11e8-b2ba-ac1f6b6435d0,3,3
3abbe4d0-bba9-11e8-b2ba-ac1f6b6435d0,11,11
3abc87f6-bbc6-11e8-b2bc-ac1f6b6435d0,0 21,0
3abf8b36-bba8-11e8-b2ba-ac1f6b6435d0,23 0,25
3ac03858-bbbf-11e8-b2ba-ac1f6b6435d0,6 0,0 1 6
3ac0eafc-bbbd-11e8-b2ba-ac1f6b6435d0,25 0,0 25
3ac352a8-bba2-11e8-b2b9-ac1f6b6435d0,5,5
3ac35b56-bbaa-11e8-b2ba-ac1f6b6435d0,0,0
3ac3e840-bba1-11e8-b2b9-ac1f6b6435d0,24 5 0,0 5
3ac503b6-bbaa-11e8-b2ba-ac1f6b6435d0,5,5
3ac8b4da-bbb3-11e8-b2ba-ac1f6b6435d0,7,7
3ac9a87a-bbb5-11e8-b2ba-ac1f6b6435d0,25 2 0,0 25
3aca6b36-bbb8-11e8-b2ba-ac1f6b6435d0,25 17,0 17 25
3acc84f6-bbc3-11e8-b2bc-ac1f6b6435d0,14 0,0 14
3acd3dc0-bba9-11e8-b2ba-ac1f6b6435d0,23 5,23
3acefac0-bba4-11e8-b2b9-ac1f6b6435d0,25 0,0 25
3ad1324c-bbca-11e8-b2bc-ac1f6b6435d0,25 0,0 25
3ad2789a-bbad-11e8-b2ba-ac1f6b6435d0,11,11
3ad2d756-bbc4-11e8-b2bc-ac1f6b6435d0,2,0
3ad7ec82-bbba-11e8-b2ba-ac1f6b6435d0,26 25 0,0 25 26
3ad84970-bbb5-11e8-b2ba-ac1f6b6435d0,0,0
3ad8c856-bbaa-11e8-b2ba-ac1f6b6435d0,16 18 17 0,0 25
3ad9ce66-bbc0-11e8-b2bb-ac1f6b6435d0,22 25,21
3ada9354-bba8-11e8-b2ba-ac1f6b6435d0,7 2,2 11
3adb2b52-bb9e-11e8-b2b9-ac1f6b6435d0,19,19
3adc1714-bbbd-11e8-b2ba-ac1f6b6435d0,2,2
3adf2e06-bb9d-11e8-b2b9-ac1f6b6435d0,25,6 23
3ae5f88e-bbad-11e8-b2ba-ac1f6b6435d0,2 0,0 2
3ae716fc-bbca-11e8-b2bc-ac1f6b6435d0,5 0,4
3ae7b8f8-bbc7-11e8-b2bc-ac1f6b6435d0,0,0 25
3aec4158-bbc6-11e8-b2bc-ac1f6b6435d0,0 21,0 21
3aee7906-bba2-11e8-b2b9-ac1f6b6435d0,14,5
3aef9c18-bbb2-11e8-b2ba-ac1f6b6435d0,26,21
3af0a52c-bba3-11e8-b2b9-ac1f6b6435d0,23,23
3af23646-bba1-11e8-b2b9-ac1f6b6435d0,25 7 0,0 7 25
3af2d890-bbc3-11e8-b2bc-ac1f6b6435d0,13 5 0,0 13
3af527f4-bbc2-11e8-b2bb-ac1f6b6435d0,25 0,0 25
3af8c4fe-bbc7-11e8-b2bc-ac1f6b6435d0,17 21,21 25
3aff9ba8-bbc2-11e8-b2bb-ac1f6b6435d0,25 0,0 25
3b003eee-bbbf-11e8-b2ba-ac1f6b6435d0,3,3
3b01c212-bbad-11e8-b2ba-ac1f6b6435d0,2 0,0 25
3b0309c6-bb9c-11e8-b2b9-ac1f6b6435d0,25 4,4 25
3b03ed80-bbb7-11e8-b2ba-ac1f6b6435d0,12 0,0 21
3b0592c8-bbc3-11e8-b2bc-ac1f6b6435d0,26 25 21,25
3b0705b8-bba5-11e8-b2ba-ac1f6b6435d0,11,11
3b08f34c-bbc2-11e8-b2bb-ac1f6b6435d0,23,6
3b0e1d28-bbb7-11e8-b2ba-ac1f6b6435d0,7 0,7
3b12380a-bbbb-11e8-b2ba-ac1f6b6435d0,21,7
3b13c0e2-bbb8-11e8-b2ba-ac1f6b6435d0,2,2
3b1583ea-bba0-11e8-b2b9-ac1f6b6435d0,2,2 21
3b164d52-bbb9-11e8-b2ba-ac1f6b6435d0,25,26
3b193140-bba8-11e8-b2ba-ac1f6b6435d0,7,7
3b19620a-bbb7-11e8-b2ba-ac1f6b6435d0,23,21 23
3b1973bc-bbb2-11e8-b2ba-ac1f6b6435d0,7 0 21,0 7 21
3b1afe40-bbb6-11e8-b2ba-ac1f6b6435d0,7 0,0
3b1c7656-bbae-11e8-b2ba-ac1f6b6435d0,11 0,0 23
3b1cc93c-bbb1-11e8-b2ba-ac1f6b6435d0,23 0,0 23
3b1ce5d4-bbb1-11e8-b2ba-ac1f6b6435d0,23,23
3b21066a-bb9c-11e8-b2b9-ac1f6b6435d0,23 0,0 23 25
3b221520-bbc2-11e8-b2bb-ac1f6b6435d0,2,2
3b2261e4-bbb6-11e8-b2ba-ac1f6b6435d0,6 7,7 19 25
3b286b62-bbc9-11e8-b2bc-ac1f6b6435d0,1,0 1
3b2fdce8-bbc0-11e8-b2bb-ac1f6b6435d0,22,21 22
3b33581a-bbba-11e8-b2ba-ac1f6b6435d0,4,4
3b33b7e0-bb9e-11e8-b2b9-ac1f6b6435d0,25 7 1,1 7 25
3b360c48-bbbc-11e8-b2ba-ac1f6b6435d0,25 18 0,0 25
3b3a6dce-bbc6-11e8-b2bc-ac1f6b6435d0,2 0,0 2
3b3e9f92-bbb3-11e8-b2ba-ac1f6b6435d0,22 0,22
3b4d2256-bbc2-11e8-b2bb-ac1f6b6435d0,4,4
3b53899e-bba3-11e8-b2b9-ac1f6b6435d0,12 0,12
3b55dcdc-bbb0-11e8-b2ba-ac1f6b6435d0,14 17,14 17
3b56f79c-bbac-11e8-b2ba-ac1f6b6435d0,1 0,0 1
3b5ea938-bba7-11e8-b2ba-ac1f6b6435d0,5,5
3b62216e-bbc3-11e8-b2bc-ac1f6b6435d0,25 5,5 25
3b630944-bb9b-11e8-b2b9-ac1f6b6435d0,4,4
3b630e32-bb9e-11e8-b2b9-ac1f6b6435d0,25 23,21
3b660ea4-bba1-11e8-b2b9-ac1f6b6435d0,18 21,18
3b66d928-bbca-11e8-b2bc-ac1f6b6435d0,7 0,0 7
3b67314e-bbb0-11e8-b2ba-ac1f6b6435d0,21,21
3b673be2-bba8-11e8-b2ba-ac1f6b6435d0,2 0,0 2
3b69c584-bb9d-11e8-b2b9-ac1f6b6435d0,18,25
3b6a7fa6-bbac-11e8-b2ba-ac1f6b6435d0,25,13 21
3b6d3568-bbc8-11e8-b2bc-ac1f6b6435d0,26 25,25 26
3b6dcb78-bba9-11e8-b2ba-ac1f6b6435d0,25 0,0 25
3b6e93fe-bbc8-11e8-b2bc-ac1f6b6435d0,11,11
3b708c12-bbc9-11e8-b2bc-ac1f6b6435d0,13,13 25
3b713532-bb9b-11e8-b2b9-ac1f6b6435d0,23,23
3b722916-bbc2-11e8-b2bb-ac1f6b6435d0,0,0
3b7294ec-bbb7-11e8-b2ba-ac1f6b6435d0,23,23
3b72b96c-bbc2-11e8-b2bb-ac1f6b6435d0,21,21
3b76af00-bbad-11e8-b2ba-ac1f6b6435d0,21,0 21
3b77cae0-bba6-11e8-b2ba-ac1f6b6435d0,2,2
3b78cf86-bb9b-11e8-b2b9-ac1f6b6435d0,0,0
3b7af758-bbb8-11e8-b2ba-ac1f6b6435d0,1,1
3b7b3a58-bbb6-11e8-b2ba-ac1f6b6435d0,25 3,2 25
3b7c4a34-bbab-11e8-b2ba-ac1f6b6435d0,25 6 0 21,21 25
3b7cc462-bbbc-11e8-b2ba-ac1f6b6435d0,25 23,2 23 25
3b7d6a60-bba9-11e8-b2ba-ac1f6b6435d0,5,5
3b7f3c98-bbca-11e8-b2bc-ac1f6b6435d0,16,0 16 25
3b80c3ca-bbb5-11e8-b2ba-ac1f6b6435d0,1 0,0 16
3b8209b0-bbc4-11e8-b2bc-ac1f6b6435d0,0,0
3b82c534-bba2-11e8-b2b9-ac1f6b6435d0,11 21,11 25
3b82e158-bbb7-11e8-b2ba-ac1f6b6435d0,25 0,0 25
3b8734f0-bbbd-11e8-b2ba-ac1f6b6435d0,23 2 0,0 2 23
3b8c3e8a-bbab-11e8-b2ba-ac1f6b6435d0,21,21
3b8c44b8-bbae-11e8-b2ba-ac1f6b6435d0,3,3
3b8df038-bba9-11e8-b2ba-ac1f6b6435d0,25 2,2 25
3b8ec0e6-bba7-11e8-b2ba-ac1f6b6435d0,7 0,0 7
3b8f287c-bbbd-11e8-b2ba-ac1f6b6435d0,19 0,0
3b932e56-bbb1-11e8-b2ba-ac1f6b6435d0,25 2,2 25
3b955dc8-bb9a-11e8-b2b9-ac1f6b6435d0,12 21,12
3b963d86-bbc4-11e8-b2bc-ac1f6b6435d0,2,2
3b976d96-bba6-11e8-b2ba-ac1f6b6435d0,25 0,0 25
3b9f2c34-bba1-11e8-b2b9-ac1f6b6435d0,3 0,0 3
3ba0b05e-bbba-11e8-b2ba-ac1f6b6435d0,25 0,0 25
3ba28bd8-bba4-11e8-b2b9-ac1f6b6435d0,25,25
3ba2c4ac-bbab-11e8-b2ba-ac1f6b6435d0,25,21
3ba44116-bbaa-11e8-b2ba-ac1f6b6435d0,25 5,5 25
3ba68dda-bba1-11e8-b2b9-ac1f6b6435d0,25,25
3babccea-bbac-11e8-b2ba-ac1f6b6435d0,12 14,12 14
3bac40ee-bb9d-11e8-b2b9-ac1f6b6435d0,25 0,0 21 25
3bac52f0-bba7-11e8-b2ba-ac1f6b6435d0,25,0
3bad0e4a-bbc3-11e8-b2bc-ac1f6b6435d0,2,2 16
3bb18444-bbb3-11e8-b2ba-ac1f6b6435d0,25 0,0
3bb20282-bbb0-11e8-b2ba-ac1f6b6435d0,7 0 21,0 25
3bb39596-bbad-11e8-b2ba-ac1f6b6435d0,2 0,0 2
3bb395e8-bbbf-11e8-b2ba-ac1f6b6435d0,21,21 23
3bb4757a-bbb6-11e8-b2ba-ac1f6b6435d0,22 7 5,5
3bb73028-bbc3-11e8-b2bc-ac1f6b6435d0,24,19 24
3bc05650-bba8-11e8-b2ba-ac1f6b6435d0,7 0,0 7
3bc548d0-bbb3-11e8-b2ba-ac1f6b6435d0,23,23
3bcee07a-bbb8-11e8-b2ba-ac1f6b6435d0,23,23
3bcf16e4-bbc7-11e8-b2bc-ac1f6b6435d0,5,5
3bd08f18-bbb0-11e8-b2ba-ac1f6b6435d0,25 2 0,0 25
3bd102c6-bbac-11e8-b2ba-ac1f6b6435d0,23,23
3bd42398-bbac-11e8-b2ba-ac1f6b6435d0,7 2,0 2 7
3bd83012-bbb8-11e8-b2ba-ac1f6b6435d0,0,0
3bd89da8-bbbe-11e8-b2ba-ac1f6b6435d0,0 21,0 21 25
3bdab6b6-bb9f-11e8-b2b9-ac1f6b6435d0,14,14
3bdddd16-bbac-11e8-b2ba-ac1f6b6435d0,16 0,0 16
3bdf48a2-bbc7-11e8-b2bc-ac1f6b6435d0,7,7
3be10c16-bbb6-11e8-b2ba-ac1f6b6435d0,19 25 13,13
3beaff8a-bb9f-11e8-b2b9-ac1f6b6435d0,14,14
3bebd468-bbaf-11e8-b2ba-ac1f6b6435d0,0,0 25
3becdc82-bbaa-11e8-b2ba-ac1f6b6435d0,14,14
3bf0ac3c-bb9f-11e8-b2b9-ac1f6b6435d0,1 0,0 1 25
3bf26412-bb9c-11e8-b2b9-ac1f6b6435d0,5,5
3bf30142-bbb0-11e8-b2ba-ac1f6b6435d0,23,25
3bf324c0-bbaa-11e8-b2ba-ac1f6b6435d0,23,23
3bf42d0e-bbb7-11e8-b2ba-ac1f6b6435d0,14,14
3bfcbe6c-bba6-11e8-b2ba-ac1f6b6435d0,19,19
3bfec874-bbb5-11e8-b2ba-ac1f6b6435d0,25 14,14 25
3c0018e8-bb9f-11e8-b2b9-ac1f6b6435d0,23 0,0 23
3c0151fa-bbbc-11e8-b2ba-ac1f6b6435d0,2,0
3c0251d2-bb9d-11e8-b2b9-ac1f6b6435d0,25,25
3c052dac-bba8-11e8-b2ba-ac1f6b6435d0,25 5 0,0 5
3c059f54-bba7-11e8-b2ba-ac1f6b6435d0,25 6 0,0 25
3c07ad1c-bbca-11e8-b2bc-ac1f6b6435d0,25 3,3
3c09853a-bbb9-11e8-b2ba-ac1f6b6435d0,0,0 25
3c09e130-bbb7-11e8-b2ba-ac1f6b6435d0,23 2,2 6 23
3c0e9c9c-bba4-11e8-b2b9-ac1f6b6435d0,7 0,0 25
3c0eb5a0-bbb9-11e8-b2ba-ac1f6b6435d0,23 4,4 23
3c0ff4c0-bb9a-11e8-b2b9-ac1f6b6435d0,5 0,0 5
3c15b7ec-bba0-11e8-b2b9-ac1f6b6435d0,22 19 0,0 22
3c1a0bf0-bb9e-11e8-b2b9-ac1f6b6435d0,3,2 3 23
3c1a2e44-bb9b-11e8-b2b9-ac1f6b6435d0,0,0
3c1ad84e-bbaa-11e8-b2ba-ac1f6b6435d0,0,0 2
3c1f58e4-bbb2-11e8-b2ba-ac1f6b6435d0,19 13 0,0
3c298b58-bbb6-11e8-b2ba-ac1f6b6435d0,19 16 0,0 19
3c2b6b78-bbb9-11e8-b2ba-ac1f6b6435d0,25,25
3c2bdd3c-bba1-11e8-b2b9-ac1f6b6435d0,2,2 21
3c2c7786-bbc1-11e8-b2bb-ac1f6b6435d0,5,0 5
3c2ce9fe-bbb3-11e8-b2ba-ac1f6b6435d0,4 21,4 21
3c2f67b6-bbc1-11e8-b2bb-ac1f6b6435d0,21,0 21 25
3c2fc61e-bbc3-11e8-b2bc-ac1f6b6435d0,18,19
3c30a11a-bbbe-11e8-b2ba-ac1f6b6435d0,5,0 5
3c30fdbc-bba6-11e8-b2ba-ac1f6b6435d0,12 21,12 25
3c32e9ca-bba5-11e8-b2ba-ac1f6b6435d0,7 0 21,2 21
3c33f686-bbae-11e8-b2ba-ac1f6b6435d0,19,25
3c3780e2-bba6-11e8-b2ba-ac1f6b6435d0,14,25
3c37dfa8-bbbd-11e8-b2ba-ac1f6b6435d0,21,7 21
3c39f256-bbb9-11e8-b2ba-ac1f6b6435d0,1 0,0 23
3c421308-bba2-11e8-b2b9-ac1f6b6435d0,21,21
3c433f62-bbca-11e8-b2bc-ac1f6b6435d0,23,23
3c4cca06-bbab-11e8-b2ba-ac1f6b6435d0,13 18,23
3c4e2bb6-bbbb-11e8-b2ba-ac1f6b6435d0,16 0,0
3c4efd30-bbc9-11e8-b2bc-ac1f6b6435d0,23,25
3c4f298e-bbad-11e8-b2ba-ac1f6b6435d0,6,6
3c51d13e-bbb2-11e8-b2ba-ac1f6b6435d0,23,23
3c574f54-bbaa-11e8-b2ba-ac1f6b6435d0,26,26
3c59664a-bba0-11e8-b2b9-ac1f6b6435d0,22 21,13 21
3c59b0ae-bbb5-11e8-b2ba-ac1f6b6435d0,0,0
3c5a25d2-bba8-11e8-b2ba-ac1f6b6435d0,1 2 0,0 1 2 25
3c5aff92-bbc2-11e8-b2bb-ac1f6b6435d0,25 0,0 25
3c60b55e-bba9-11e8-b2ba-ac1f6b6435d0,25,25
3c618694-bbb5-11e8-b2ba-ac1f6b6435d0,0,0
3c6215c4-bbb9-11e8-b2ba-ac1f6b6435d0,5,5
3c626d18-bbae-11e8-b2ba-ac1f6b6435d0,0 21,0 25
3c675782-bb9b-11e8-b2b9-ac1f6b6435d0,0,0 21
3c6890f2-bbc8-11e8-b2bc-ac1f6b6435d0,23,23
3c6966a4-bbb3-11e8-b2ba-ac1f6b6435d0,25 0,0 25
3c6c14da-bbb3-11e8-b2ba-ac1f6b6435d0,0 21,0 21
3c725694-bbb1-11e8-b2ba-ac1f6b6435d0,0,0
3c751bfe-bb9d-11e8-b2b9-ac1f6b6435d0,25 18,18 25
3c78737c-bbba-11e8-b2ba-ac1f6b6435d0,25 0,0 25
3c790d7a-bbb8-11e8-b2ba-ac1f6b6435d0,12 0 21,0 12 21 25
3c7c58b4-bba8-11e8-b2ba-ac1f6b6435d0,23 0,7
3c7d61f4-bb9f-11e8-b2b9-ac1f6b6435d0,21,21
3c7d9b94-bba2-11e8-b2b9-ac1f6b6435d0,11,11
3c7e107e-bbc5-11e8-b2bc-ac1f6b6435d0,2,2
3c83d57a-bbb8-11e8-b2ba-ac1f6b6435d0,25 5,5 25
3c840326-bbc0-11e8-b2bb-ac1f6b6435d0,25 3,3 25
3c849f12-bba1-11e8-b2b9-ac1f6b6435d0,25,25
3c858d62-bbbc-11e8-b2ba-ac1f6b6435d0,0,0
3c85e25a-bba6-11e8-b2ba-ac1f6b6435d0,18 0,18
3c86f3f8-bba5-11e8-b2ba-ac1f6b6435d0,5,5
3c88c728-bba5-11e8-b2ba-ac1f6b6435d0,6,23
3c8ec120-bbad-11e8-b2ba-ac1f6b6435d0,25 0,0 25
3c8f7456-bbbe-11e8-b2ba-ac1f6b6435d0,25 14,14
3c8fdfa4-bb9b-11e8-b2b9-ac1f6b6435d0,11,11
3c95d4b8-bbc8-11e8-b2bc-ac1f6b6435d0,1 21,1 21
3c97c9a2-bbc4-11e8-b2bc-ac1f6b6435d0,25 2 0,0 2 25
3c9997f8-bbbc-11e8-b2ba-ac1f6b6435d0,2,2
3c9a0f86-bbb6-11e8-b2ba-ac1f6b6435d0,25 18,18 25
3c9e5634-bbae-11e8-b2ba-ac1f6b6435d0,21,21 25
3ca237d4-bb9c-11e8-b2b9-ac1f6b6435d0,25 0,0
3ca6cb3c-bbbf-11e8-b2ba-ac1f6b6435d0,19 0,0 19 21
3caadc1e-bbc3-11e8-b2bc-ac1f6b6435d0,19 0,0 19
3cac6630-bbad-11e8-b2ba-ac1f6b6435d0,25 2 0,0 2
3caf52f6-bbb1-11e8-b2ba-ac1f6b6435d0,7 0,0 7
3caf705c-bbab-11e8-b2ba-ac1f6b6435d0,21,18 21
3cb5c9fe-bbbd-11e8-b2ba-ac1f6b6435d0,25 0,0 21 25
3cb6f1be-bbbb-11e8-b2ba-ac1f6b6435d0,6,6
3cbbd026-bbca-11e8-b2bc-ac1f6b6435d0,25 7,25
3cbd7426-bbb1-11e8-b2ba-ac1f6b6435d0,19,19
3cc3a854-bbc1-11e8-b2bb-ac1f6b6435d0,22 14,14
3cc5c74c-bbad-11e8-b2ba-ac1f6b6435d0,25 0,0 25
3cc7fc1e-bbb8-11e8-b2ba-ac1f6b6435d0,13,25
3cc855fe-bbb5-11e8-b2ba-ac1f6b6435d0,3,3
3cc93320-bbb0-11e8-b2ba-ac1f6b6435d0,2,2 25
3ccb06ec-bbaf-11e8-b2ba-ac1f6b6435d0,2,2
3ccb14d4-bbc3-11e8-b2bc-ac1f6b6435d0,25 0,25
3ccb2d54-bb9e-11e8-b2b9-ac1f6b6435d0,12 19 25 0,12 21 25
3ccd992e-bbbf-11e8-b2ba-ac1f6b6435d0,0,0
3cd0302c-bbb9-11e8-b2ba-ac1f6b6435d0,5,19
3ce23bc8-bbb4-11e8-b2ba-ac1f6b6435d0,0,0
3ce2832a-bb9c-11e8-b2b9-ac1f6b6435d0,22 25,0 25
3ce77984-bba6-11e8-b2ba-ac1f6b6435d0,23,23
3ce8f9f2-bb9d-11e8-b2b9-ac1f6b6435d0,25 2 21,3 21 25
3cebb8c0-bb9a-11e8-b2b9-ac1f6b6435d0,7 0,0 7
3cefda6e-bb9e-11e8-b2b9-ac1f6b6435d0,23 0,0 21
3cf063c0-bbae-11e8-b2ba-ac1f6b6435d0,6,6
3cf0d3da-bbab-11e8-b2ba-ac1f6b6435d0,7 0,7
3cf4fe1a-bbb5-11e8-b2ba-ac1f6b6435d0,22 23 0,0 21 22
3cf799aa-bbaf-11e8-b2ba-ac1f6b6435d0,23 0,0 23 25
3cfa0372-bba3-11e8-b2b9-ac1f6b6435d0,13 0,0
3d07f3d2-bba4-11e8-b2b9-ac1f6b6435d0,5,5
3d0971b8-bbc1-11e8-b2bb-ac1f6b6435d0,23 0,0 23
3d0cb4cc-bbb2-11e8-b2ba-ac1f6b6435d0,25,0 25
3d0db71c-bbc8-11e8-b2bc-ac1f6b6435d0,19 0,0 19 25
3d105b86-bbc6-11e8-b2bc-ac1f6b6435d0,0 21,0 21 25
3d10bd2a-bbac-11e8-b2ba-ac1f6b6435d0,4,4
3d157f7e-bbaf-11e8-b2ba-ac1f6b6435d0,25,25
3d1be1b8-bbc1-11e8-b2bb-ac1f6b6435d0,2,0 2
3d1de850-bb9e-11e8-b2b9-ac1f6b6435d0,25 0,0 25
3d1f3a92-bbb8-11e8-b2ba-ac1f6b6435d0,3,3
3d1fe300-bba1-11e8-b2b9-ac1f6b6435d0,25 18,25
3d2180b4-bbb7-11e8-b2ba-ac1f6b6435d0,25 0,0 21
3d21ac4e-bba1-11e8-b2b9-ac1f6b6435d0,2,2
3d2277e4-bbc6-11e8-b2bc-ac1f6b6435d0,0 21,0 12 21
3d26dc4e-bbc6-11e8-b2bc-ac1f6b6435d0,4,0 24
3d2a2562-bbc0-11e8-b2bb-ac1f6b6435d0,25 0,0 25
3d31c2a6-bbb4-11e8-b2ba-ac1f6b6435d0,23 2,2 23
3d386b44-bba3-11e8-b2b9-ac1f6b6435d0,25 5,5 6
3d3be9de-bbc3-11e8-b2bc-ac1f6b6435d0,5,5
3d4199a4-bbbb-11e8-b2ba-ac1f6b6435d0,25 5 0,5
3d42fa16-bbba-11e8-b2ba-ac1f6b6435d0,23,23
3d434fd6-bba9-11e8-b2ba-ac1f6b6435d0,3,3
3d43dce6-bbbb-11e8-b2ba-ac1f6b6435d0,25 21,21 25
3d444e5c-bbba-11e8-b2ba-ac1f6b6435d0,23,23
3d445de4-bbc8-11e8-b2bc-ac1f6b6435d0,13 0,0 13
3d46bedc-bbb3-11e8-b2ba-ac1f6b6435d0,25 4,0 25
3d470a44-bbbe-11e8-b2ba-ac1f6b6435d0,25 0,0 7 25
3d478892-bbb0-11e8-b2ba-ac1f6b6435d0,22,22
3d4b57aa-bbc5-11e8-b2bc-ac1f6b6435d0,23,23
3d4bf332-bbc9-11e8-b2bc-ac1f6b6435d0,7 0,0 7
3d4d84f8-bb9d-11e8-b2b9-ac1f6b6435d0,2 0,2
3d4da6e0-bbb6-11e8-b2ba-ac1f6b6435d0,25,25
3d4e59e4-bbc7-11e8-b2bc-ac1f6b6435d0,0 21,0 21
3d4ec2d6-bba3-11e8-b2b9-ac1f6b6435d0,6,6
3d522044-bbca-11e8-b2bc-ac1f6b6435d0,7 0 21,7 21
3d531d7e-bbbf-11e8-b2ba-ac1f6b6435d0,24 1,1
3d549418-bba8-11e8-b2ba-ac1f6b6435d0,7,7
3d592042-bba7-11e8-b2ba-ac1f6b6435d0,24 0,0 24
3d5bbd12-bba1-11e8-b2b9-ac1f6b6435d0,6,6
3d5da5a0-bb9c-11e8-b2b9-ac1f6b6435d0,0,0
3d5fac28-bbc5-11e8-b2bc-ac1f6b6435d0,21,14 21
3d607952-bbaf-11e8-b2ba-ac1f6b6435d0,2 0,0 2
3d613a96-bbb8-11e8-b2ba-ac1f6b6435d0,25 0,0 25
3d613ff8-bbc4-11e8-b2bc-ac1f6b6435d0,14,14
3d62f64a-bbc9-11e8-b2bc-ac1f6b6435d0,3,3
3d64166c-bba4-11e8-b2b9-ac1f6b6435d0,25 1 0,0 1
3d64efc2-bb9c-11e8-b2b9-ac1f6b6435d0,14,14
3d65a72e-bbb4-11e8-b2ba-ac1f6b6435d0,0 21,0
3d65e954-bbbf-11e8-b2ba-ac1f6b6435d0,23,23
3d66bc20-bbca-11e8-b2bc-ac1f6b6435d0,2 0,0 2
3d6895c6-bba3-11e8-b2b9-ac1f6b6435d0,25 1 0,0 1
3d69de66-bba0-11e8-b2b9-ac1f6b6435d0,22 21,22
3d6a3336-bba8-11e8-b2ba-ac1f6b6435d0,19 0,19
3d6f5b3e-bbb4-11e8-b2ba-ac1f6b6435d0,7,7
3d710734-bbac-11e8-b2ba-ac1f6b6435d0,7,7
3d76e420-bbbf-11e8-b2ba-ac1f6b6435d0,18,18
3d776570-bbc5-11e8-b2bc-ac1f6b6435d0,23,23
3d78358c-bba1-11e8-b2b9-ac1f6b6435d0,25 0,0 25
3d785eca-bbb2-11e8-b2ba-ac1f6b6435d0,0,0
3d7887be-bbc2-11e8-b2bb-ac1f6b6435d0,2,2
3d7d6b58-bbc7-11e8-b2bc-ac1f6b6435d0,26 0,0 26
3d7db78a-bb9e-11e8-b2b9-ac1f6b6435d0,0,0
3d826480-bbc9-11e8-b2bc-ac1f6b6435d0,0 21,0 21
3d83494a-bb9c-11e8-b2b9-ac1f6b6435d0,5,5
3d84212c-bbb4-11e8-b2ba-ac1f6b6435d0,23,0 23
3d84c14a-bbaa-11e8-b2ba-ac1f6b6435d0,11,25
3d878430-bbb3-11e8-b2ba-ac1f6b6435d0,6,6
3d899fec-bbbb-11e8-b2ba-ac1f6b6435d0,2 0,0
3d8b70ee-bbaa-11e8-b2ba-ac1f6b6435d0,7,7
3d8dc0a6-bbc8-11e8-b2bc-ac1f6b6435d0,5 0,0
3d91afa8-bbb5-11e8-b2ba-ac1f6b6435d0,7,7
3d93d628-bbad-11e8-b2ba-ac1f6b6435d0,0,0
3d94eabc-bba9-11e8-b2ba-ac1f6b6435d0,25 0,0 25
3d98b430-bbb8-11e8-b2ba-ac1f6b6435d0,11,11
3d9a0728-bbad-11e8-b2ba-ac1f6b6435d0,25 0,0 25
3d9ba1ec-bba7-11e8-b2ba-ac1f6b6435d0,25 0,0 6
3d9d96e2-bbc9-11e8-b2bc-ac1f6b6435d0,16 25 2,2 14 16 17 25
3d9ef3aa-bbbc-11e8-b2ba-ac1f6b6435d0,3 0,3
3da12152-bb9e-11e8-b2b9-ac1f6b6435d0,22 25 0,0 22
3da1265e-bbc9-11e8-b2bc-ac1f6b6435d0,4,4
3da2527a-bba3-11e8-b2b9-ac1f6b6435d0,25 0,0 25
3da2606a-bba0-11e8-b2b9-ac1f6b6435d0,23 5 0,0
3da31472-bbc0-11e8-b2bb-ac1f6b6435d0,22 0,0
3da44d06-bbb6-11e8-b2ba-ac1f6b6435d0,23,23
3da6bdc8-bbc7-11e8-b2bc-ac1f6b6435d0,7 0,0
3da76cc6-bbc4-11e8-b2bc-ac1f6b6435d0,25,25
3da7ef96-bbc1-11e8-b2bb-ac1f6b6435d0,1 0,0 1 25
3da881aa-bb9d-11e8-b2b9-ac1f6b6435d0,16 14 23 0,0 23
3db288c0-bbad-11e8-b2ba-ac1f6b6435d0,0,0
3db2b08e-bbb7-11e8-b2ba-ac1f6b6435d0,25,6
3db641ac-bbc3-11e8-b2bc-ac1f6b6435d0,0,0
3dba4edc-bb9b-11e8-b2b9-ac1f6b6435d0,25 5 2,25
3dc26abc-bbb5-11e8-b2ba-ac1f6b6435d0,25,0
3dc3731a-bbad-11e8-b2ba-ac1f6b6435d0,2 0,0 2
3dc40e6a-bbb2-11e8-b2ba-ac1f6b6435d0,0,0
3dc43794-bba0-11e8-b2b9-ac1f6b6435d0,25 0,0
3dc52bca-bbb1-11e8-b2ba-ac1f6b6435d0,19 0,0 19
3dc5ddd6-bbac-11e8-b2ba-ac1f6b6435d0,2,2
3dc67dd8-bbbe-11e8-b2ba-ac1f6b6435d0,7 11,7 11
3dc7c66e-bbc5-11e8-b2bc-ac1f6b6435d0,1,0 1
3dce9e14-bbbe-11e8-b2ba-ac1f6b6435d0,25 5,5 18 25
3dd00bba-bbc7-11e8-b2bc-ac1f6b6435d0,5 0,0
3dd19e2c-bbad-11e8-b2ba-ac1f6b6435d0,0,0
3dd4e9dc-bb9a-11e8-b2b9-ac1f6b6435d0,4,5
3dd52e6c-bbc0-11e8-b2bb-ac1f6b6435d0,25 21,21
3dd7b05c-bbbf-11e8-b2ba-ac1f6b6435d0,4,4
3dd7b5d4-bbab-11e8-b2ba-ac1f6b6435d0,25,25
3dd82b44-bb9d-11e8-b2b9-ac1f6b6435d0,25 21,0 21
3ddab680-bbbf-11e8-b2ba-ac1f6b6435d0,0 21,0 5 21
3de4800a-bba3-11e8-b2b9-ac1f6b6435d0,22,21 22
3de613e4-bbb1-11e8-b2ba-ac1f6b6435d0,1,0 1
3de664c4-bbc6-11e8-b2bc-ac1f6b6435d0,25 0,0 25
3de76b7e-bba5-11e8-b2ba-ac1f6b6435d0,25 0,0
3de91f2a-bbbc-11e8-b2ba-ac1f6b6435d0,4 21,21 25
3de940ac-bbb9-11e8-b2ba-ac1f6b6435d0,25 0,0 25
3de942ee-bbbb-11e8-b2ba-ac1f6b6435d0,3,3
3de9b476-bba8-11e8-b2ba-ac1f6b6435d0,23,23
3deaf9b8-bbb1-11e8-b2ba-ac1f6b6435d0,25 0,0 5 25
3dec7658-bba2-11e8-b2b9-ac1f6b6435d0,0,0
3ded3b16-bbc9-11e8-b2bc-ac1f6b6435d0,25 23,23 25
3dee6976-bbb7-11e8-b2ba-ac1f6b6435d0,4 21,2 4 21 25
3df94648-bbc1-11e8-b2bb-ac1f6b6435d0,25 16,21 25
3dfa84ac-bba0-11e8-b2b9-ac1f6b6435d0,2 0,0
3dfd0f58-bbc6-11e8-b2bc-ac1f6b6435d0,7,7
3dfd1194-bbba-11e8-b2ba-ac1f6b6435d0,7 16 0,0 7 16
3e01ffa6-bbab-11e8-b2ba-ac1f6b6435d0,6,6
3e030c18-bb9f-11e8-b2b9-ac1f6b6435d0,23,7
3e0576fa-bbbe-11e8-b2ba-ac1f6b6435d0,4,4
3e06cca6-bbc0-11e8-b2bb-ac1f6b6435d0,7,7
3e0970c0-bbb9-11e8-b2ba-ac1f6b6435d0,0,0
3e0ee874-bbb5-11e8-b2ba-ac1f6b6435d0,25 0,0 25
3e12aeb4-bbc4-11e8-b2bc-ac1f6b6435d0,23,19
3e12d588-bbab-11e8-b2ba-ac1f6b6435d0,23 2,2 6
3e179cb6-bbac-11e8-b2ba-ac1f6b6435d0,0,3 4
3e1957c8-bbab-11e8-b2ba-ac1f6b6435d0,25 2,2 8 25
3e1c1592-bb9e-11e8-b2b9-ac1f6b6435d0,23 1 2 0,7 8
3e1d10dc-bba3-11e8-b2b9-ac1f6b6435d0,16 0,0 3
3e1d664e-bbb3-11e8-b2ba-ac1f6b6435d0,25 0,0 25
3e1d71dc-bbb0-11e8-b2ba-ac1f6b6435d0,0,0
3e1e3420-bbbd-11e8-b2ba-ac1f6b6435d0,25 0 21,0 25
3e1ee7d8-bbba-11e8-b2ba-ac1f6b6435d0,13 7 0,0 13
3e2019aa-bbb5-11e8-b2ba-ac1f6b6435d0,25 21,21
3e207aac-bbc5-11e8-b2bc-ac1f6b6435d0,24 25,24
3e27bfb6-bbc4-11e8-b2bc-ac1f6b6435d0,23,4
3e2809be-bbc7-11e8-b2bc-ac1f6b6435d0,13,0
3e28a600-bba7-11e8-b2ba-ac1f6b6435d0,13 0,0 13
3e294952-bbac-11e8-b2ba-ac1f6b6435d0,22,22
3e299c2a-bbc7-11e8-b2bc-ac1f6b6435d0,25 0,0 25
3e2b453c-bbb0-11e8-b2ba-ac1f6b6435d0,6,6
3e2f685a-bba2-11e8-b2b9-ac1f6b6435d0,14,14
3e35a918-bb9d-11e8-b2b9-ac1f6b6435d0,25 0,0
3e3deadc-bba3-11e8-b2b9-ac1f6b6435d0,4,4
3e41e6fa-bbb7-11e8-b2ba-ac1f6b6435d0,0,0
3e42b24e-bba6-11e8-b2ba-ac1f6b6435d0,26,25 26
3e42cc64-bbc1-11e8-b2bb-ac1f6b6435d0,14,14
3e43651c-bbb1-11e8-b2ba-ac1f6b6435d0,23 4,23
3e449fe6-bbc4-11e8-b2bc-ac1f6b6435d0,2,2
3e45a5d0-bba6-11e8-b2ba-ac1f6b6435d0,0,0
3e492db2-bbac-11e8-b2ba-ac1f6b6435d0,14,14 17
3e4b0862-bba2-11e8-b2b9-ac1f6b6435d0,0,0
3e52503a-bbbc-11e8-b2ba-ac1f6b6435d0,3,3
3e527fb4-bbb3-11e8-b2ba-ac1f6b6435d0,23,23
3e58709e-bba0-11e8-b2b9-ac1f6b6435d0,19 25,19 25
3e5c45de-bbc8-11e8-b2bc-ac1f6b6435d0,12 16 0,0 12 16
3e603886-bbb1-11e8-b2ba-ac1f6b6435d0,16 17 0,0
3e608f2e-bba8-11e8-b2ba-ac1f6b6435d0,18,18
3e61e680-bbbc-11e8-b2ba-ac1f6b6435d0,23 3,2 23
3e632254-bbba-11e8-b2ba-ac1f6b6435d0,21,25
3e655608-bbb7-11e8-b2ba-ac1f6b6435d0,25 7 0,0 7
3e692c6e-bbc7-11e8-b2bc-ac1f6b6435d0,22 21,22
3e6a5718-bb9c-11e8-b2b9-ac1f6b6435d0,25 0,0 25
3e6b8c7e-bba5-11e8-b2ba-ac1f6b6435d0,25 2,2
3e6f0080-bba9-11e8-b2ba-ac1f6b6435d0,14,14
3e74cd1a-bbc9-11e8-b2bc-ac1f6b6435d0,25,0 25
3e7a9ac0-bbc8-11e8-b2bc-ac1f6b6435d0,0,0
3e7bfbd6-bbb9-11e8-b2ba-ac1f6b6435d0,23,23
3e7f3cf2-bb9f-11e8-b2b9-ac1f6b6435d0,5,5
3e81591a-bb9a-11e8-b2b9-ac1f6b6435d0,23,1
3e81c9fc-bba6-11e8-b2ba-ac1f6b6435d0,19,13 19
3e85890a-bbc6-11e8-b2bc-ac1f6b6435d0,0,0
3e86a1bc-bbc3-11e8-b2bc-ac1f6b6435d0,3 0,0
3e873d18-bbbc-11e8-b2ba-ac1f6b6435d0,18 0,0 19
3e87d26a-bb9d-11e8-b2b9-ac1f6b6435d0,0,0
3e88296e-bbbf-11e8-b2ba-ac1f6b6435d0,25 14 2,2 14
3e88c024-bba4-11e8-b2b9-ac1f6b6435d0,6 3,3 6
3e8cd476-bb9e-11e8-b2b9-ac1f6b6435d0,0,0 23
3e8eee28-bbb7-11e8-b2ba-ac1f6b6435d0,23 0,0 23
3e8ef31a-bbc5-11e8-b2bc-ac1f6b6435d0,2 0,0 2
3e9152ac-bb9f-11e8-b2b9-ac1f6b6435d0,4,0
3e91aa80-bbc8-11e8-b2bc-ac1f6b6435d0,25 23 0,0
3e9343ee-bbc4-11e8-b2bc-ac1f6b6435d0,0 21,0 21
3e942422-bbaf-11e8-b2ba-ac1f6b6435d0,19 2 0 21,0 2 25
3e95da86-bba7-11e8-b2ba-ac1f6b6435d0,26 3,19
3e973e44-bba2-11e8-b2b9-ac1f6b6435d0,0,0
3e98f42a-bbb4-11e8-b2ba-ac1f6b6435d0,24 5,5 24
3e9d98ba-bb9e-11e8-b2b9-ac1f6b6435d0,25 14 0,0 14
3e9e292e-bbc6-11e8-b2bc-ac1f6b6435d0,25,23
3ea01024-bbc9-11e8-b2bc-ac1f6b6435d0,5 1,1 5
3ea0739e-bba5-11e8-b2ba-ac1f6b6435d0,6,6
3ea2eb3a-bbc1-11e8-b2bb-ac1f6b6435d0,25,6
3ea4fefe-bbba-11e8-b2ba-ac1f6b6435d0,21,2
3ea65e48-bbb0-11e8-b2ba-ac1f6b6435d0,19 25,19 25
3ea745a4-bb9e-11e8-b2b9-ac1f6b6435d0,25 0,0
3eb3ccb6-bbb7-11e8-b2ba-ac1f6b6435d0,23,23
3ec0c752-bba0-11e8-b2b9-ac1f6b6435d0,12,12
3ec0cfdc-bbc7-11e8-b2bc-ac1f6b6435d0,4 0,4
3ec13cca-bb9e-11e8-b2b9-ac1f6b6435d0,4,5
3ec1dc76-bbca-11e8-b2bc-ac1f6b6435d0,5,4
3ec3b854-bbc3-11e8-b2bc-ac1f6b6435d0,25 5,5 25
3ec60336-bba8-11e8-b2ba-ac1f6b6435d0,1 3,1 3
3ec90c1e-bbc3-11e8-b2bc-ac1f6b6435d0,25 11 21,11
3ec9232c-bb9e-11e8-b2b9-ac1f6b6435d0,23,21
3ecb800e-bbc1-11e8-b2bb-ac1f6b6435d0,25 6,6 25
3ed44c12-bba7-11e8-b2ba-ac1f6b6435d0,3,3
3ed4ffa8-bbbc-11e8-b2ba-ac1f6b6435d0,7,7
3ed5168e-bbc4-11e8-b2bc-ac1f6b6435d0,25 7,7 21 25
3ed6bd3a-bbb6-11e8-b2ba-ac1f6b6435d0,25,14 25
3edb222c-bbb0-11e8-b2ba-ac1f6b6435d0,0 21,21 25
3edfc03c-bbb2-11e8-b2ba-ac1f6b6435d0,12,12
3ee498e2-bbbb-11e8-b2ba-ac1f6b6435d0,13 0 21,0 25
3ee54dfc-bb9b-11e8-b2b9-ac1f6b6435d0,19 0,0
3ee57242-bba4-11e8-b2b9-ac1f6b6435d0,6 9 10,9 10
3ee6ccca-bbb6-11e8-b2ba-ac1f6b6435d0,23,23
3eec7b48-bba7-11e8-b2ba-ac1f6b6435d0,25 18,18 25
3eee1284-bbc8-11e8-b2bc-ac1f6b6435d0,25 18,19 21 25
3eee59f6-bbb9-11e8-b2ba-ac1f6b6435d0,21,21
3eeebd3e-bbae-11e8-b2ba-ac1f6b6435d0,0 21,0 21
3ef2eba2-bbbd-11e8-b2ba-ac1f6b6435d0,25 6,25
3ef322ca-bbb3-11e8-b2ba-ac1f6b6435d0,0,0
3ef41e42-bba3-11e8-b2b9-ac1f6b6435d0,0,0
3ef6a416-bba1-11e8-b2b9-ac1f6b6435d0,0 21,0 21
3ef79386-bbb4-11e8-b2ba-ac1f6b6435d0,22 25,25
3ef7c1fc-bb9c-11e8-b2b9-ac1f6b6435d0,7,7
3efdd308-bbb5-11e8-b2ba-ac1f6b6435d0,3 0,0 3
3eff70e2-bbaa-11e8-b2ba-ac1f6b6435d0,19,19
3eff8436-bbb6-11e8-b2ba-ac1f6b6435d0,25 6 3,3 5 25
3f02fc3a-bbbe-11e8-b2ba-ac1f6b6435d0,25 5 0,0 5
3f0853e0-bbc0-11e8-b2bb-ac1f6b6435d0,23,23
3f0a3454-bbbf-11e8-b2ba-ac1f6b6435d0,1,0
3f0cc8c2-bbba-11e8-b2ba-ac1f6b6435d0,14,14
3f1749ec-bbbe-11e8-b2ba-ac1f6b6435d0,5 1,6
3f185630-bbae-11e8-b2ba-ac1f6b6435d0,19,3
3f18984e-bbb2-11e8-b2ba-ac1f6b6435d0,19 0 21,0 21
3f1af12c-bbb0-11e8-b2ba-ac1f6b6435d0,26 25 0,0 21 26
3f1b318e-bbc2-11e8-b2bb-ac1f6b6435d0,19,18 19
3f1f9ea6-bba2-11e8-b2b9-ac1f6b6435d0,4,4
3f21015a-bbb7-11e8-b2ba-ac1f6b6435d0,0,0 2 3
3f23f61e-bbb5-11e8-b2ba-ac1f6b6435d0,25 0,0 25
3f264da4-bbc6-11e8-b2bc-ac1f6b6435d0,1,0 1
3f2a115e-bbbd-11e8-b2ba-ac1f6b6435d0,23,25
3f2d1096-bbc4-11e8-b2bc-ac1f6b6435d0,2 0,0 2
3f3186e2-bbb2-11e8-b2ba-ac1f6b6435d0,23,25
3f35deba-bbbf-11e8-b2ba-ac1f6b6435d0,21,21
3f36762a-bbb2-11e8-b2ba-ac1f6b6435d0,22,21 25
3f367b40-bbc4-11e8-b2bc-ac1f6b6435d0,2 0,0
3f37abcc-bba7-11e8-b2ba-ac1f6b6435d0,21,21
3f38a4d2-bbca-11e8-b2bc-ac1f6b6435d0,26,26
3f3b1b6e-bbab-11e8-b2ba-ac1f6b6435d0,0,0 25
3f3b9266-bbbe-11e8-b2ba-ac1f6b6435d0,5,5
3f3e9dc2-bbbd-11e8-b2ba-ac1f6b6435d0,25 0,0 25
3f410e04-bba9-11e8-b2ba-ac1f6b6435d0,0,0 25
3f43f38e-bbc3-11e8-b2bc-ac1f6b6435d0,21,2
3f46eb96-bba2-11e8-b2b9-ac1f6b6435d0,19 25,20
3f47e126-bbc1-11e8-b2bb-ac1f6b6435d0,25,25
3f4c5e94-bba4-11e8-b2b9-ac1f6b6435d0,21,21 25
3f5245f4-bbc0-11e8-b2bb-ac1f6b6435d0,25 4,4 25
3f54d822-bbb7-11e8-b2ba-ac1f6b6435d0,0,0
3f566ee0-bbac-11e8-b2ba-ac1f6b6435d0,2 0,0 2
3f567c56-bbb0-11e8-b2ba-ac1f6b6435d0,23,23
3f5d9312-bb9a-11e8-b2b9-ac1f6b6435d0,11,11
3f6246d4-bbb6-11e8-b2ba-ac1f6b6435d0,23 0,0
3f64254e-bbb1-11e8-b2ba-ac1f6b6435d0,7,7
3f6ce92a-bbae-11e8-b2ba-ac1f6b6435d0,0,0 25
3f7115b8-bbb8-11e8-b2ba-ac1f6b6435d0,2,2
3f7246b8-bba4-11e8-b2b9-ac1f6b6435d0,14 23,14
3f728d3c-bba7-11e8-b2ba-ac1f6b6435d0,23 5,5 23
3f75462c-bbba-11e8-b2ba-ac1f6b6435d0,12 0,5 12
3f75fd02-bbbe-11e8-b2ba-ac1f6b6435d0,4,2 4
3f7de91a-bb9e-11e8-b2b9-ac1f6b6435d0,21,21
3f7ee190-bbb1-11e8-b2ba-ac1f6b6435d0,11 5 0,0 5
3f828dd0-bbb7-11e8-b2ba-ac1f6b6435d0,0,0 25
3f887842-bbb4-11e8-b2ba-ac1f6b6435d0,0,0
3f8a543e-bba3-11e8-b2b9-ac1f6b6435d0,3,3
3f8a9080-bbca-11e8-b2bc-ac1f6b6435d0,23,7
3f8e6de6-bbab-11e8-b2ba-ac1f6b6435d0,6,25
3f8e73b4-bbbe-11e8-b2ba-ac1f6b6435d0,4,4
3f8f3268-bb9b-11e8-b2b9-ac1f6b6435d0,25 0 21,0 21 25
3f8f3692-bba9-11e8-b2ba-ac1f6b6435d0,5,5
3f903a34-bbb2-11e8-b2ba-ac1f6b6435d0,2 0 21,0 2 25
3f9078ee-bba0-11e8-b2b9-ac1f6b6435d0,20 0,5
3f9186fa-bba8-11e8-b2ba-ac1f6b6435d0,7 0,0 7 26
3f925ea8-bbb3-11e8-b2ba-ac1f6b6435d0,7,7
3f92d0b2-bba0-11e8-b2b9-ac1f6b6435d0,25 0,0 25
3f98284e-bbc0-11e8-b2bb-ac1f6b6435d0,25,25
3f989ff8-bbad-11e8-b2ba-ac1f6b6435d0,19 0 21,0 19 25
3f9b5af0-bbac-11e8-b2ba-ac1f6b6435d0,18 0,0 18 19 25
3f9d9544-bbad-11e8-b2ba-ac1f6b6435d0,21,21
3f9ddfa8-bbbd-11e8-b2ba-ac1f6b6435d0,25 21,25
3fa021f2-bbb1-11e8-b2ba-ac1f6b6435d0,23,23
3fa245fa-bbba-11e8-b2ba-ac1f6b6435d0,0 21,0 21
3fa25380-bbc7-11e8-b2bc-ac1f6b6435d0,25 0,0 21 25
3fa2e766-bbbb-11e8-b2ba-ac1f6b6435d0,12 21,12
3fa34c3a-bb9b-11e8-b2b9-ac1f6b6435d0,25,2 25
3fa7396a-bbb1-11e8-b2ba-ac1f6b6435d0,0,0 25
3fa85e06-bba4-11e8-b2b9-ac1f6b6435d0,25,23
3faea088-bbb1-11e8-b2ba-ac1f6b6435d0,25,25
3faf9390-bbb0-11e8-b2ba-ac1f6b6435d0,3,3
3fb6f8d8-bbc9-11e8-b2bc-ac1f6b6435d0,19 0,0
3fb8bcca-bbad-11e8-b2ba-ac1f6b6435d0,3 0,0
3fc097b6-bbca-11e8-b2bc-ac1f6b6435d0,5 0,0 25
3fc524e8-bbca-11e8-b2bc-ac1f6b6435d0,25 0 21,0 5 21
3fc5864c-bba5-11e8-b2ba-ac1f6b6435d0,25 4,21 25
3fc60f84-bba7-11e8-b2ba-ac1f6b6435d0,5 2 0,0 2
3fc76638-bbc3-11e8-b2bc-ac1f6b6435d0,25 5,5 25
3fd03ddc-bbb2-11e8-b2ba-ac1f6b6435d0,5 0,0 19
3fd4e18c-bb9b-11e8-b2b9-ac1f6b6435d0,25,23
3fd74e3e-bbc0-11e8-b2bb-ac1f6b6435d0,12 5,12 25
3fd79e70-bba7-11e8-b2ba-ac1f6b6435d0,7,7
3fd8d7da-bbc1-11e8-b2bb-ac1f6b6435d0,23,23
3fd9d060-bbba-11e8-b2ba-ac1f6b6435d0,25,0 25
3fd9db50-bbba-11e8-b2ba-ac1f6b6435d0,0,0
3fda9ae0-bba1-11e8-b2b9-ac1f6b6435d0,2,2
3fdaa02c-bbbe-11e8-b2ba-ac1f6b6435d0,25 0,0 25
3fdab0ee-bbc8-11e8-b2bc-ac1f6b6435d0,19 14,14
3fe36584-bbca-11e8-b2bc-ac1f6b6435d0,5,5
3fe45a4a-bbbe-11e8-b2ba-ac1f6b6435d0,23,0 23
3fe5204c-bbc8-11e8-b2bc-ac1f6b6435d0,11,11
3fe63a0c-bbbb-11e8-b2ba-ac1f6b6435d0,21,0 25
3fe7b20a-bbc6-11e8-b2bc-ac1f6b6435d0,0,0
3fe89bae-bbbf-11e8-b2ba-ac1f6b6435d0,4 21,4 21 25
3fe924d2-bba3-11e8-b2b9-ac1f6b6435d0,3,3
3feda49e-bbb2-11e8-b2ba-ac1f6b6435d0,1,1
3fee1610-bb9c-11e8-b2b9-ac1f6b6435d0,12 0 21,0 21
3fee3a0e-bb9d-11e8-b2b9-ac1f6b6435d0,25 2 0,2 25
3feffb1e-bba2-11e8-b2b9-ac1f6b6435d0,25 14,25
3ff2104a-bbaf-11e8-b2ba-ac1f6b6435d0,0,0
3ff21f92-bbad-11e8-b2ba-ac1f6b6435d0,5 0,5
3ff32786-bbba-11e8-b2ba-ac1f6b6435d0,21,21
3ff39288-bba2-11e8-b2b9-ac1f6b6435d0,25 0,0 25
3ff65cec-bbc6-11e8-b2bc-ac1f6b6435d0,0,0
3ff6f35a-bba3-11e8-b2b9-ac1f6b6435d0,7 0 21,0 7 21
3ff9a1e8-bbaf-11e8-b2ba-ac1f6b6435d0,26 23 0,0 23
4000185a-bbac-11e8-b2ba-ac1f6b6435d0,0,0
40047d6c-bbbd-11e8-b2ba-ac1f6b6435d0,25 3,3 25
4006bd0a-bbc4-11e8-b2bc-ac1f6b6435d0,12,12
4008c77c-bbc8-11e8-b2bc-ac1f6b6435d0,22,22
400bba16-bba7-11e8-b2ba-ac1f6b6435d0,0,0
4014da08-bbaf-11e8-b2ba-ac1f6b6435d0,5 0,0
4015f9fc-bbc7-11e8-b2bc-ac1f6b6435d0,14 0,0 14
4016c1da-bbad-11e8-b2ba-ac1f6b6435d0,25,25
4019c340-bbbb-11e8-b2ba-ac1f6b6435d0,7,0
401a4a04-bbb1-11e8-b2ba-ac1f6b6435d0,7,7
401ddef4-bba6-11e8-b2ba-ac1f6b6435d0,21,21
402096ae-bbb4-11e8-b2ba-ac1f6b6435d0,25 0,0 19
402285e2-bbbc-11e8-b2ba-ac1f6b6435d0,23 0,0 23
4024542a-bbb8-11e8-b2ba-ac1f6b6435d0,20,20
40256da6-bbb3-11e8-b2ba-ac1f6b6435d0,16 14 17,14
4025745e-bba9-11e8-b2ba-ac1f6b6435d0,25 0,0 25
402585ca-bb9a-11e8-b2b9-ac1f6b6435d0,0,0 25
40258e56-bb9c-11e8-b2b9-ac1f6b6435d0,5,5
40261900-bbb2-11e8-b2ba-ac1f6b6435d0,13,13
403534b6-bbc7-11e8-b2bc-ac1f6b6435d0,23,23
4035b068-bbc6-11e8-b2bc-ac1f6b6435d0,19 0 21,0 18 25
403617a4-bbbe-11e8-b2ba-ac1f6b6435d0,2,2
40387bf8-bb9a-11e8-b2b9-ac1f6b6435d0,23 0,0 23
40399758-bbaa-11e8-b2ba-ac1f6b6435d0,23,23
403b86d0-bb9b-11e8-b2b9-ac1f6b6435d0,14,21
403de12c-bba1-11e8-b2b9-ac1f6b6435d0,12 25,25
4044ddc6-bb9f-11e8-b2b9-ac1f6b6435d0,25 0,0 25
4046fc80-bb9c-11e8-b2b9-ac1f6b6435d0,2 0,2
4048b8f0-bbc8-11e8-b2bc-ac1f6b6435d0,7 0,0 7
404b341a-bbc1-11e8-b2bb-ac1f6b6435d0,19 25 0,0 25
404cbf0c-bbb1-11e8-b2ba-ac1f6b6435d0,19 25 0,0 13 19 22
404d76b0-bbaa-11e8-b2ba-ac1f6b6435d0,6 0,6
404e3e8c-bbc4-11e8-b2bc-ac1f6b6435d0,22,22
404f5e4e-bba5-11e8-b2ba-ac1f6b6435d0,7 0,0 7
404f7ca6-bb9d-11e8-b2b9-ac1f6b6435d0,21,0
4050818e-bbc3-11e8-b2bc-ac1f6b6435d0,25 4,25
405469c2-bbc6-11e8-b2bc-ac1f6b6435d0,18 0,0 18
40591358-bb9b-11e8-b2b9-ac1f6b6435d0,25 0,0 25
405c6e5c-bbac-11e8-b2ba-ac1f6b6435d0,25 4,25
405e062a-bbc7-11e8-b2bc-ac1f6b6435d0,2,2
405e6288-bb9e-11e8-b2b9-ac1f6b6435d0,11,11
405eb79c-bba8-11e8-b2ba-ac1f6b6435d0,6,6 23
405ffd74-bbb1-11e8-b2ba-ac1f6b6435d0,25 18 0,0 18 25
40607c3a-bbb2-11e8-b2ba-ac1f6b6435d0,25 18,0 18 25
406285ae-bbba-11e8-b2ba-ac1f6b6435d0,0 21,0 21
40645c18-bba0-11e8-b2b9-ac1f6b6435d0,25 18 0,0 25
40692e24-bb9f-11e8-b2b9-ac1f6b6435d0,2 0,0 2
406a85b0-bb9c-11e8-b2b9-ac1f6b6435d0,23 5 0,25
406e88fc-bbb2-11e8-b2ba-ac1f6b6435d0,25 0,0 25
406ffc7a-bbb5-11e8-b2ba-ac1f6b6435d0,11,11
4070c888-bba3-11e8-b2b9-ac1f6b6435d0,5 0,0 5
4073ff2e-bb9b-11e8-b2b9-ac1f6b6435d0,0,0 2
40740d44-bb9f-11e8-b2b9-ac1f6b6435d0,19,19
4077385e-bbb6-11e8-b2ba-ac1f6b6435d0,6,23
407bbc62-bba2-11e8-b2b9-ac1f6b6435d0,25,4 26
407cd7f6-bbab-11e8-b2ba-ac1f6b6435d0,23,23
4083679c-bbb0-11e8-b2ba-ac1f6b6435d0,21,21
4085bafc-bbaa-11e8-b2ba-ac1f6b6435d0,25,0 25
40861974-bbc4-11e8-b2bc-ac1f6b6435d0,5,5
4086f8d2-bbc2-11e8-b2bb-ac1f6b6435d0,2 0,0
40889e66-bbb9-11e8-b2ba-ac1f6b6435d0,25 7,7
40893628-bbb4-11e8-b2ba-ac1f6b6435d0,2,18
408cb27a-bbbf-11e8-b2ba-ac1f6b6435d0,14,14
408dd942-bbbb-11e8-b2ba-ac1f6b6435d0,25,0 25
408e0456-bbb3-11e8-b2ba-ac1f6b6435d0,25 2 0,0
409114c8-bbbf-11e8-b2ba-ac1f6b6435d0,19 0,25
40958f1e-bbc7-11e8-b2bc-ac1f6b6435d0,12,12
4099cb4e-bbc5-11e8-b2bc-ac1f6b6435d0,2,2 25
409b9434-bbab-11e8-b2ba-ac1f6b6435d0,25 4,0 25
409be282-bbbe-11e8-b2ba-ac1f6b6435d0,21,21
409bed52-bbc0-11e8-b2bb-ac1f6b6435d0,21,21
409c43b2-bbc8-11e8-b2bc-ac1f6b6435d0,5 0,0 5 25
409c76a6-bbbf-11e8-b2ba-ac1f6b6435d0,25 6,6 25
409ce09e-bb9e-11e8-b2b9-ac1f6b6435d0,25,0 25
409da9ca-bbad-11e8-b2ba-ac1f6b6435d0,14,14 25
40a0d1e6-bbb6-11e8-b2ba-ac1f6b6435d0,18 0,2
40a29938-bba0-11e8-b2b9-ac1f6b6435d0,1,1
40a3ee34-bbb2-11e8-b2ba-ac1f6b6435d0,25,2 25
40a7cc72-bba6-11e8-b2ba-ac1f6b6435d0,0,0
40a7d6ce-bba9-11e8-b2ba-ac1f6b6435d0,22 21,21 22
40a81eaa-bb9e-11e8-b2b9-ac1f6b6435d0,25,25
40aba792-bba2-11e8-b2b9-ac1f6b6435d0,19 25 0,5 18 25
40aea804-bbc8-11e8-b2bc-ac1f6b6435d0,0,0
40b17eec-bba7-11e8-b2ba-ac1f6b6435d0,11 5,5 25
40b2409a-bba0-11e8-b2b9-ac1f6b6435d0,25 18,4 25
40b2664a-bbb1-11e8-b2ba-ac1f6b6435d0,22 0 21,5 25
40b4dff8-bbaf-11e8-b2ba-ac1f6b6435d0,25 23,25
40b77716-bbbb-11e8-b2ba-ac1f6b6435d0,19 25,18
40b7db5a-bbb8-11e8-b2ba-ac1f6b6435d0,25 0,0 25
40b819ec-bbb5-11e8-b2ba-ac1f6b6435d0,7 0,0 7
40b890f4-bbae-11e8-b2ba-ac1f6b6435d0,0,0
40b90ab6-bbc2-11e8-b2bb-ac1f6b6435d0,19 16 0,0 16 19
40ba3640-bba2-11e8-b2b9-ac1f6b6435d0,25 14,14
40ba3872-bbc8-11e8-b2bc-ac1f6b6435d0,25 3,3 25
40bdd672-bbb8-11e8-b2ba-ac1f6b6435d0,2,2
40c0208e-bbbe-11e8-b2ba-ac1f6b6435d0,25 0,0 25
40c18c40-bb9f-11e8-b2b9-ac1f6b6435d0,23,23
40c3f8ee-bb9b-11e8-b2b9-ac1f6b6435d0,0,0 17
40c56db4-bbbe-11e8-b2ba-ac1f6b6435d0,25 18,18
40c77c10-bbc5-11e8-b2bc-ac1f6b6435d0,25 5 0,0 25
40c84760-bbb8-11e8-b2ba-ac1f6b6435d0,7 0,0
40c8e47c-bbae-11e8-b2ba-ac1f6b6435d0,21,21
40ca4394-bbc2-11e8-b2bb-ac1f6b6435d0,19 0,0 19
40cbb2c8-bba5-11e8-b2ba-ac1f6b6435d0,0,0
40cdfe3e-bbc3-11e8-b2bc-ac1f6b6435d0,0,2
40ce2774-bbaf-11e8-b2ba-ac1f6b6435d0,0,0 3
40ceca0a-bbb7-11e8-b2ba-ac1f6b6435d0,7,7
40d5798e-bbaa-11e8-b2ba-ac1f6b6435d0,25 23,23
40d59ad0-bbb5-11e8-b2ba-ac1f6b6435d0,12 25 0,0 12 25
40d5ae02-bba2-11e8-b2b9-ac1f6b6435d0,1 0,0
40d63214-bbac-11e8-b2ba-ac1f6b6435d0,19 25,25
40d64dea-bbb0-11e8-b2ba-ac1f6b6435d0,5,0 5
40d86b3e-bbba-11e8-b2ba-ac1f6b6435d0,18 0 21,0 17 18 21
40dc6fd8-bba9-11e8-b2ba-ac1f6b6435d0,1 0,0 1
40e53246-bb9d-11e8-b2b9-ac1f6b6435d0,2 0,0 2
40e738ac-bbca-11e8-b2bc-ac1f6b6435d0,22 21,21 22
40e8272e-bb9f-11e8-b2b9-ac1f6b6435d0,25 7 0,0 7
40e868cc-bba6-11e8-b2ba-ac1f6b6435d0,2 0,0 2
40e9cfd6-bb9d-11e8-b2b9-ac1f6b6435d0,23 0,0 23
40ea40e0-bbc2-11e8-b2bb-ac1f6b6435d0,0,0
40ed4698-bbac-11e8-b2ba-ac1f6b6435d0,2,2
40ef7380-bb9a-11e8-b2b9-ac1f6b6435d0,0 21,0
40f73312-bba5-11e8-b2ba-ac1f6b6435d0,1 2 0,0 1 2
40f73f90-bba7-11e8-b2ba-ac1f6b6435d0,2,2 25
40faccce-bbb5-11e8-b2ba-ac1f6b6435d0,5 0,5
41015e46-bbaf-11e8-b2ba-ac1f6b6435d0,23,23
4103230a-bbc5-11e8-b2bc-ac1f6b6435d0,0,0
41035168-bba7-11e8-b2ba-ac1f6b6435d0,4,4
4104b198-bbca-11e8-b2bc-ac1f6b6435d0,7,7
410559aa-bba6-11e8-b2ba-ac1f6b6435d0,21,25
41060e2e-bba4-11e8-b2b9-ac1f6b6435d0,21,5 21 22
4106853c-bbc9-11e8-b2bc-ac1f6b6435d0,12 0,0 12
410789cc-bbb6-11e8-b2ba-ac1f6b6435d0,11,11
4107f694-bb9a-11e8-b2b9-ac1f6b6435d0,25 0,0 25
410f27aa-bbbf-11e8-b2ba-ac1f6b6435d0,25 18,18 19 25
4110ad0c-bbc2-11e8-b2bb-ac1f6b6435d0,25,3 25
41121120-bbb7-11e8-b2ba-ac1f6b6435d0,1,1
4114bad8-bb9e-11e8-b2b9-ac1f6b6435d0,24,24
4114feb4-bba6-11e8-b2ba-ac1f6b6435d0,21,21
411a0ccc-bba3-11e8-b2b9-ac1f6b6435d0,14,14 21 25
411a7e82-bbbc-11e8-b2ba-ac1f6b6435d0,12 25,12
411d7648-bbba-11e8-b2ba-ac1f6b6435d0,0,0 16 25
41250c48-bbc7-11e8-b2bc-ac1f6b6435d0,0,0 25
4126e2f8-bba3-11e8-b2b9-ac1f6b6435d0,0,0
41293ed0-bba9-11e8-b2ba-ac1f6b6435d0,21,21
412a1ffa-bbac-11e8-b2ba-ac1f6b6435d0,0,0
412c52f2-bb9d-11e8-b2b9-ac1f6b6435d0,2 0,0 2
412c903e-bbb4-11e8-b2ba-ac1f6b6435d0,25 0,0 23
412db3e4-bbb7-11e8-b2ba-ac1f6b6435d0,2 0,0 2
412ea190-bb9a-11e8-b2b9-ac1f6b6435d0,5 0,0 5
412fb9f8-bbaa-11e8-b2ba-ac1f6b6435d0,25 2 0,0 2 25
4132eec8-bba2-11e8-b2b9-ac1f6b6435d0,23,23
41346a6e-bbc5-11e8-b2bc-ac1f6b6435d0,25 18,25
41370f9c-bbbd-11e8-b2ba-ac1f6b6435d0,23 0,0 23
4137e740-bba5-11e8-b2ba-ac1f6b6435d0,23 4,4 23
413a1bd0-bba7-11e8-b2ba-ac1f6b6435d0,1,1 21
41414f78-bba1-11e8-b2b9-ac1f6b6435d0,19,19
41429b54-bbaf-11e8-b2ba-ac1f6b6435d0,5 0,0
4143098a-bbb0-11e8-b2ba-ac1f6b6435d0,25 21,25
41437440-bbb2-11e8-b2ba-ac1f6b6435d0,18 0,0
41485ea4-bbb9-11e8-b2ba-ac1f6b6435d0,5 21,0 21
414d7796-bbae-11e8-b2ba-ac1f6b6435d0,25 11 0,0 11
414efe2c-bba9-11e8-b2ba-ac1f6b6435d0,6,6
415116bc-bbbd-11e8-b2ba-ac1f6b6435d0,23 0,0 23
415aa176-bbb0-11e8-b2ba-ac1f6b6435d0,23,23
415c0310-bb9a-11e8-b2b9-ac1f6b6435d0,19 0,0
415edd1c-bb9d-11e8-b2b9-ac1f6b6435d0,0 21,0 21
41602058-bb9f-11e8-b2b9-ac1f6b6435d0,5 0 21,0 5 21
4161a31c-bbb1-11e8-b2ba-ac1f6b6435d0,4,4
41622dd4-bb9b-11e8-b2b9-ac1f6b6435d0,25 11,11
416517c8-bb9c-11e8-b2b9-ac1f6b6435d0,25 0,0 25
41656548-bbc4-11e8-b2bc-ac1f6b6435d0,14 5,5 14
41662a8c-bbb5-11e8-b2ba-ac1f6b6435d0,2 0,0 2
41670190-bbbb-11e8-b2ba-ac1f6b6435d0,3,3 5
41682592-bbb2-11e8-b2ba-ac1f6b6435d0,23,23
416bf4a8-bbbf-11e8-b2ba-ac1f6b6435d0,7,7
416c21a2-bbc5-11e8-b2bc-ac1f6b6435d0,25 0,0 25
416cd1bc-bba5-11e8-b2ba-ac1f6b6435d0,12 25 4,4 12
416cd214-bbc5-11e8-b2bc-ac1f6b6435d0,1 2,1 2
4171ca56-bba4-11e8-b2b9-ac1f6b6435d0,7,7
4172b472-bba2-11e8-b2b9-ac1f6b6435d0,0 21,0 21 25
4174f0a8-bbc9-11e8-b2bc-ac1f6b6435d0,14 0,0 14
4177442e-bbac-11e8-b2ba-ac1f6b6435d0,0,0
417a124a-bbc9-11e8-b2bc-ac1f6b6435d0,23 0,0 23
417de580-bbad-11e8-b2ba-ac1f6b6435d0,25 5,0 25
4180c96a-bbc3-11e8-b2bc-ac1f6b6435d0,25 21,25
41840fde-bb9c-11e8-b2b9-ac1f6b6435d0,0,0
418491c6-bba5-11e8-b2ba-ac1f6b6435d0,25 2 0,0 2
41874d70-bbb0-11e8-b2ba-ac1f6b6435d0,23,23
4189917c-bb9f-11e8-b2b9-ac1f6b6435d0,0,0
4189cd28-bbb2-11e8-b2ba-ac1f6b6435d0,0,0
418a1dda-bbb9-11e8-b2ba-ac1f6b6435d0,1 2,1 2
418be926-bb9b-11e8-b2b9-ac1f6b6435d0,3 21,2 25 26
419215d4-bbb5-11e8-b2ba-ac1f6b6435d0,12 25,12
41926da6-bb9a-11e8-b2b9-ac1f6b6435d0,19,19
419324ee-bbae-11e8-b2ba-ac1f6b6435d0,0,0
41956134-bba7-11e8-b2ba-ac1f6b6435d0,1 0,1
4197750c-bba0-11e8-b2b9-ac1f6b6435d0,23,23
419775d4-bbc8-11e8-b2bc-ac1f6b6435d0,23,23
419b1d18-bbc0-11e8-b2bb-ac1f6b6435d0,2,2 18
419c7e80-bb9b-11e8-b2b9-ac1f6b6435d0,25 0 21,0 21 25
419e2994-bbbc-11e8-b2ba-ac1f6b6435d0,25,25
419e82b2-bb9a-11e8-b2b9-ac1f6b6435d0,23 0,0 23
419fef18-bbb7-11e8-b2ba-ac1f6b6435d0,0,0
41a0b352-bba9-11e8-b2ba-ac1f6b6435d0,5 0,0 5
41a6edda-bbc7-11e8-b2bc-ac1f6b6435d0,25 14,14
41a778dc-bba8-11e8-b2ba-ac1f6b6435d0,4 0,4
41a80c82-bbb9-11e8-b2ba-ac1f6b6435d0,0,0
41a94746-bba5-11e8-b2ba-ac1f6b6435d0,16 14 17,14 16 17
41a9f636-bbab-11e8-b2ba-ac1f6b6435d0,25 0,0 25
41abb5f4-bba9-11e8-b2ba-ac1f6b6435d0,2,0 2
41ac5936-bbc3-11e8-b2bc-ac1f6b6435d0,19,25
41ad5640-bbbb-11e8-b2ba-ac1f6b6435d0,26 0,0 5 25
41af2b2a-bba5-11e8-b2ba-ac1f6b6435d0,0,0
41b0d84c-bbc5-11e8-b2bc-ac1f6b6435d0,19 2 0 21,0 2 21
41b125cc-bbb6-11e8-b2ba-ac1f6b6435d0,4,4
41b35392-bbb1-11e8-b2ba-ac1f6b6435d0,21,21
41b418de-bbbd-11e8-b2ba-ac1f6b6435d0,0 21,0
41b780d4-bbb1-11e8-b2ba-ac1f6b6435d0,0,2
41b8ace2-bbc6-11e8-b2bc-ac1f6b6435d0,0,0
41ba7d48-bbac-11e8-b2ba-ac1f6b6435d0,7 2 0,0 2
41c31bc8-bbc6-11e8-b2bc-ac1f6b6435d0,19 13 0,0
41c4a642-bbac-11e8-b2ba-ac1f6b6435d0,25 21,6 21
41c599aa-bb9b-11e8-b2b9-ac1f6b6435d0,25 0,0 25
41c7b6ee-bbab-11e8-b2ba-ac1f6b6435d0,25,2
41c82f38-bba2-11e8-b2b9-ac1f6b6435d0,23,23
41cdc6dc-bbca-11e8-b2bc-ac1f6b6435d0,0,0
41cfdf48-bbad-11e8-b2ba-ac1f6b6435d0,5 0,5 25
41cffd08-bbbb-11e8-b2ba-ac1f6b6435d0,12 18 4 3,4 12 21
41d15cbe-bbb3-11e8-b2ba-ac1f6b6435d0,25 5 0,0 25
41d2ca5a-bbc6-11e8-b2bc-ac1f6b6435d0,4,4
41d6867e-bb9c-11e8-b2b9-ac1f6b6435d0,2 0,0 25
41d7ba82-bba4-11e8-b2b9-ac1f6b6435d0,6,25
41d8f18a-bbaa-11e8-b2ba-ac1f6b6435d0,25 2,0 2 25
41da65d0-bbb7-11e8-b2ba-ac1f6b6435d0,2 0,0 2
41dad8a2-bbb8-11e8-b2ba-ac1f6b6435d0,0,0 5
41e205c0-bbb1-11e8-b2ba-ac1f6b6435d0,5,5
41e271ac-bbb8-11e8-b2ba-ac1f6b6435d0,25 0,0 7 25
41e2f868-bbc5-11e8-b2bc-ac1f6b6435d0,22 13,6
41e3ae98-bbc0-11e8-b2bb-ac1f6b6435d0,25 0,0 21
41e7f0cc-bbbe-11e8-b2ba-ac1f6b6435d0,1 2 0,0 1 2
41e9d9d2-bbaf-11e8-b2ba-ac1f6b6435d0,0,0
41ea4166-bb9a-11e8-b2b9-ac1f6b6435d0,20,26
41f0670e-bba8-11e8-b2ba-ac1f6b6435d0,22 0,0 22
41f0b478-bba5-11e8-b2ba-ac1f6b6435d0,25 8 21,21 25
41f1b0a8-bbc8-11e8-b2bc-ac1f6b6435d0,25 14,25
41f4b74e-bbaa-11e8-b2ba-ac1f6b6435d0,6,6
41f9fb88-bbbd-11e8-b2ba-ac1f6b6435d0,25 0,0 25
41fd69ee-bb9f-11e8-b2b9-ac1f6b6435d0,25 21,21
41fe794c-bba4-11e8-b2b9-ac1f6b6435d0,24,24
4202cbde-bbc5-11e8-b2bc-ac1f6b6435d0,19,19
42061ae4-bbae-11e8-b2ba-ac1f6b6435d0,14 0,0 14
4207ae44-bbc8-11e8-b2bc-ac1f6b6435d0,18 0,0 18
4207f49e-bba5-11e8-b2ba-ac1f6b6435d0,22 21,21 22
420c421e-bbbf-11e8-b2ba-ac1f6b6435d0,21,21
420d6856-bbc9-11e8-b2bc-ac1f6b6435d0,25 21,21 25
420dbd86-bbb2-11e8-b2ba-ac1f6b6435d0,25,25
4210961c-bbb9-11e8-b2ba-ac1f6b6435d0,25 6,23
4216d30e-bbac-11e8-b2ba-ac1f6b6435d0,13 0,0
421747ea-bbc4-11e8-b2bc-ac1f6b6435d0,0,0
4217c32c-bbbb-11e8-b2ba-ac1f6b6435d0,6,6
421aa992-bb9e-11e8-b2b9-ac1f6b6435d0,25 7,7
421f0306-bba4-11e8-b2b9-ac1f6b6435d0,21,21
42212382-bbc4-11e8-b2bc-ac1f6b6435d0,11,11
4222e66c-bbb6-11e8-b2ba-ac1f6b6435d0,25 0,0 19 25
42243a50-bba0-11e8-b2b9-ac1f6b6435d0,0,0
42246a2a-bba0-11e8-b2b9-ac1f6b6435d0,0,0 19
42260b3c-bba0-11e8-b2b9-ac1f6b6435d0,2,2
422968da-bbba-11e8-b2ba-ac1f6b6435d0,25,0
422c4c4c-bbc1-11e8-b2bb-ac1f6b6435d0,25 0,0 25
422d9652-bba7-11e8-b2ba-ac1f6b6435d0,1,0 1 25
422f197a-bbc8-11e8-b2bc-ac1f6b6435d0,2,2
42318de0-bbaf-11e8-b2ba-ac1f6b6435d0,23 0,0 22
423392da-bbb8-11e8-b2ba-ac1f6b6435d0,25 5,0 25
42386ef6-bbb6-11e8-b2ba-ac1f6b6435d0,19 0,0 19
423abaac-bbb7-11e8-b2ba-ac1f6b6435d0,12 7 0,0 7
423cb996-bba4-11e8-b2b9-ac1f6b6435d0,5,0 5 25
423f23a6-bbaa-11e8-b2ba-ac1f6b6435d0,19 25,19 21 25
42429352-bbc2-11e8-b2bb-ac1f6b6435d0,25 0,0 25
4243ab90-bbca-11e8-b2bc-ac1f6b6435d0,21,0 25
424426ae-bb9a-11e8-b2b9-ac1f6b6435d0,23 0,0 20 23
424549ea-bbbc-11e8-b2ba-ac1f6b6435d0,25 0,0 25
42459662-bb9d-11e8-b2b9-ac1f6b6435d0,0 21,0 21
4250a30a-bbc4-11e8-b2bc-ac1f6b6435d0,25,25
4250f562-bbab-11e8-b2ba-ac1f6b6435d0,21,25
42521d2e-bbbb-11e8-b2ba-ac1f6b6435d0,26,26
425630ee-bbc5-11e8-b2bc-ac1f6b6435d0,6,6
42569f9e-bbb5-11e8-b2ba-ac1f6b6435d0,0,0
4256eea8-bb9d-11e8-b2b9-ac1f6b6435d0,25 6,6
42576ff0-bba1-11e8-b2b9-ac1f6b6435d0,25 0 21,0 21 25
4257b978-bba7-11e8-b2ba-ac1f6b6435d0,25 0,0 21 25
425985ee-bba4-11e8-b2b9-ac1f6b6435d0,25 23,18 25
425a9698-bbca-11e8-b2bc-ac1f6b6435d0,2 0,0 2 3
425ae1b6-bbb1-11e8-b2ba-ac1f6b6435d0,3 0,0 2 25
425baf3e-bbab-11e8-b2ba-ac1f6b6435d0,2 0,2
4262ba30-bba7-11e8-b2ba-ac1f6b6435d0,23,23
42664ab0-bba2-11e8-b2b9-ac1f6b6435d0,18,18
426c1a40-bbc9-11e8-b2bc-ac1f6b6435d0,17 21,0 25
426d95da-bba8-11e8-b2ba-ac1f6b6435d0,7 0 21,0 21 25
42707e1e-bba1-11e8-b2b9-ac1f6b6435d0,24 0,0 24
42712b16-bbba-11e8-b2ba-ac1f6b6435d0,23,23
4272508a-bbc5-11e8-b2bc-ac1f6b6435d0,18 0,0 18
42795af2-bb9c-11e8-b2b9-ac1f6b6435d0,6,6
42803bdc-bbc5-11e8-b2bc-ac1f6b6435d0,0 21,0 21 25
42814fd8-bba0-11e8-b2b9-ac1f6b6435d0,19 0,0 19
42817e38-bbc1-11e8-b2bb-ac1f6b6435d0,0,0
42837978-bbac-11e8-b2ba-ac1f6b6435d0,19,19
4283deac-bba4-11e8-b2b9-ac1f6b6435d0,2 0,0 2
4285c424-bbb3-11e8-b2ba-ac1f6b6435d0,7 0,0
42898490-bbba-11e8-b2ba-ac1f6b6435d0,4,5
428bce62-bba1-11e8-b2b9-ac1f6b6435d0,25 7 0,0 7
4290379e-bbc0-11e8-b2bb-ac1f6b6435d0,7 1 0,0 7
4290ce40-bbc3-11e8-b2bc-ac1f6b6435d0,2,2
429249c4-bbbd-11e8-b2ba-ac1f6b6435d0,25 21,0
4293c4a4-bbb1-11e8-b2ba-ac1f6b6435d0,5,0 5
4295727e-bbb9-11e8-b2ba-ac1f6b6435d0,5 0,0 5 25
4296f9ea-bba6-11e8-b2ba-ac1f6b6435d0,25,25
429870dc-bba0-11e8-b2b9-ac1f6b6435d0,12,12
4299b9f4-bbac-11e8-b2ba-ac1f6b6435d0,24 25 0,0 7 25
429e42a6-bbbd-11e8-b2ba-ac1f6b6435d0,5,0 5
429f618e-bbb0-11e8-b2ba-ac1f6b6435d0,6,25
42a0cebe-bbb2-11e8-b2ba-ac1f6b6435d0,13,13
42a2df3c-bbb3-11e8-b2ba-ac1f6b6435d0,2 0,2 5
42a42b98-bbb9-11e8-b2ba-ac1f6b6435d0,2 0,0 2 25
42a47e90-bb9b-11e8-b2b9-ac1f6b6435d0,25 1 0,0 1 25
42a53422-bbc6-11e8-b2bc-ac1f6b6435d0,23,23
42a5c98e-bbbf-11e8-b2ba-ac1f6b6435d0,2 0,0 2
42a5f1e8-bbc4-11e8-b2bc-ac1f6b6435d0,3,3
42a8e620-bb9f-11e8-b2b9-ac1f6b6435d0,25,25
42a932f8-bbc0-11e8-b2bb-ac1f6b6435d0,0,0
42ae3184-bbb3-11e8-b2ba-ac1f6b6435d0,2 0,0
42afa30e-bba7-11e8-b2ba-ac1f6b6435d0,5 0,5
42b03614-bbbd-11e8-b2ba-ac1f6b6435d0,14,11 14
42b0e19a-bb9a-11e8-b2b9-ac1f6b6435d0,25 21,21
42b1b622-bbbf-11e8-b2ba-ac1f6b6435d0,7 0,0 7
42bdc3c4-bbc7-11e8-b2bc-ac1f6b6435d0,2 0,0 2
42bf48de-bbb8-11e8-b2ba-ac1f6b6435d0,25,25
42c21fe2-bbad-11e8-b2ba-ac1f6b6435d0,0,0
42c3046e-bbb4-11e8-b2ba-ac1f6b6435d0,25 6,21 25
42c3ac2e-bba6-11e8-b2ba-ac1f6b6435d0,4 21,4 11
42c8684a-bba6-11e8-b2ba-ac1f6b6435d0,25,25
42cdadfa-bba1-11e8-b2b9-ac1f6b6435d0,0,0
42ce7eca-bba5-11e8-b2ba-ac1f6b6435d0,25 0,0 25
42cecba6-bb9a-11e8-b2b9-ac1f6b6435d0,25 0,0
42d00dd8-bb9d-11e8-b2b9-ac1f6b6435d0,5 0,0 5
42d081ec-bbab-11e8-b2ba-ac1f6b6435d0,25 0 21,0 2 21 25
42d43a76-bbc9-11e8-b2bc-ac1f6b6435d0,13 11,26
42d53960-bbc1-11e8-b2bb-ac1f6b6435d0,22 7,7 22
42d5466e-bbb0-11e8-b2ba-ac1f6b6435d0,21,21
42d69ef6-bba6-11e8-b2ba-ac1f6b6435d0,5 0,0 5
42d8add0-bbc0-11e8-b2bb-ac1f6b6435d0,4,4
42de56f0-bbb5-11e8-b2ba-ac1f6b6435d0,4,4
42dff5de-bbc7-11e8-b2bc-ac1f6b6435d0,22 0,0 22
42e075c4-bbca-11e8-b2bc-ac1f6b6435d0,25 4,4 5 25
42e1b300-bbc3-11e8-b2bc-ac1f6b6435d0,11,6
42e4dbaa-bb9d-11e8-b2b9-ac1f6b6435d0,7 0,0 7
42e63486-bbb7-11e8-b2ba-ac1f6b6435d0,25 21,21 25
42ea07dc-bbb2-11e8-b2ba-ac1f6b6435d0,0,23
42ed59f8-bbb9-11e8-b2ba-ac1f6b6435d0,11,11
42ee2030-bbb5-11e8-b2ba-ac1f6b6435d0,7 2 0,0 2
42f107a2-bba9-11e8-b2ba-ac1f6b6435d0,12 25 0,0 2 12
42f25554-bba8-11e8-b2ba-ac1f6b6435d0,5 0,4
42f31a2e-bbbd-11e8-b2ba-ac1f6b6435d0,0,0
42f5cf2a-bbb4-11e8-b2ba-ac1f6b6435d0,25 18 0,0
42f9edfc-bbb0-11e8-b2ba-ac1f6b6435d0,5 0,0 5
4300a708-bbbc-11e8-b2ba-ac1f6b6435d0,26,26
4302d854-bba6-11e8-b2ba-ac1f6b6435d0,5 21,5 21
4302ef88-bbc4-11e8-b2bc-ac1f6b6435d0,23 0,20
4303171c-bbae-11e8-b2ba-ac1f6b6435d0,7 14,7 14
430902d8-bbc9-11e8-b2bc-ac1f6b6435d0,12 19 25,12 19 25
430a6ae0-bba8-11e8-b2ba-ac1f6b6435d0,25 11 2 0,0 2 25
430ee92c-bbb1-11e8-b2ba-ac1f6b6435d0,5 0 21,5
430f3958-bbc6-11e8-b2bc-ac1f6b6435d0,19 2 21,2 25
4310226e-bbad-11e8-b2ba-ac1f6b6435d0,2 0,0 2 23
4310f02e-bbc9-11e8-b2bc-ac1f6b6435d0,3 0,0
431616f0-bbb8-11e8-b2ba-ac1f6b6435d0,25 0,0 5 25
4316ced0-bb9d-11e8-b2b9-ac1f6b6435d0,4,4
4316e660-bbb9-11e8-b2ba-ac1f6b6435d0,25 2,2 25
431902f2-bba9-11e8-b2ba-ac1f6b6435d0,6 3,1 2
431df57c-bbbe-11e8-b2ba-ac1f6b6435d0,25 2,2 25
43203352-bbbc-11e8-b2ba-ac1f6b6435d0,2,2 3
4320b31e-bbc5-11e8-b2bc-ac1f6b6435d0,2 0,0 2
4320bffa-bbc3-11e8-b2bc-ac1f6b6435d0,1 2,1 2
4321b3d2-bbba-11e8-b2ba-ac1f6b6435d0,5 0,0 5
4324c2aa-bbbc-11e8-b2ba-ac1f6b6435d0,12 2 0,0 2 21
4325a116-bbbc-11e8-b2ba-ac1f6b6435d0,23,23
4327436c-bba4-11e8-b2b9-ac1f6b6435d0,7 0,7
4328622c-bb9c-11e8-b2b9-ac1f6b6435d0,7,7
432c120e-bbb6-11e8-b2ba-ac1f6b6435d0,2,2
4331c962-bbc8-11e8-b2bc-ac1f6b6435d0,22,26
4335d406-bbc5-11e8-b2bc-ac1f6b6435d0,25,25
433b5a40-bbbe-11e8-b2ba-ac1f6b6435d0,25 2,2 25
433cf10a-bbb6-11e8-b2ba-ac1f6b6435d0,19 25,18 25
433e5022-bbbb-11e8-b2ba-ac1f6b6435d0,11 5 0,0 11
433f496c-bbb3-11e8-b2ba-ac1f6b6435d0,25 0,21 25
433f54e2-bbc3-11e8-b2bc-ac1f6b6435d0,7 5,5 7
4340b742-bb9b-11e8-b2b9-ac1f6b6435d0,2 0,0 2 25
43413ce4-bb9b-11e8-b2b9-ac1f6b6435d0,0,0
4342233a-bbb3-11e8-b2ba-ac1f6b6435d0,23,7
4342adf0-bbc7-11e8-b2bc-ac1f6b6435d0,1,1
4345a590-bbaa-11e8-b2ba-ac1f6b6435d0,11 0,0 11
4346801a-bbb3-11e8-b2ba-ac1f6b6435d0,25 3 0,0 25
4346e23e-bbbe-11e8-b2ba-ac1f6b6435d0,25 7,2 7 25
4347b6ac-bba8-11e8-b2ba-ac1f6b6435d0,25 21,21 25
43480eba-bba6-11e8-b2ba-ac1f6b6435d0,22 21,0 25
4349a3ce-bbc4-11e8-b2bc-ac1f6b6435d0,23 1,1 23
434a9d80-bb9a-11e8-b2b9-ac1f6b6435d0,5,2
434b57fa-bba6-11e8-b2ba-ac1f6b6435d0,11 0,0 11
434f2cb4-bbaf-11e8-b2ba-ac1f6b6435d0,5,5 25
4355675a-bbb4-11e8-b2ba-ac1f6b6435d0,25 0 21,0 21 25
43625afe-bbbf-11e8-b2ba-ac1f6b6435d0,1,1
43641e4a-bbbd-11e8-b2ba-ac1f6b6435d0,25 5,5 25
43665860-bbbb-11e8-b2ba-ac1f6b6435d0,0,0
43672db4-bbc8-11e8-b2bc-ac1f6b6435d0,25 5,5 25
436d0eec-bb9a-11e8-b2b9-ac1f6b6435d0,6,6
436ef226-bbad-11e8-b2ba-ac1f6b6435d0,0,0
4373452e-bbbc-11e8-b2ba-ac1f6b6435d0,14 5,5 14
4375595c-bbc3-11e8-b2bc-ac1f6b6435d0,0 21,0 21
4379e8ee-bbca-11e8-b2bc-ac1f6b6435d0,18,18 23 25
437ebe3e-bbb9-11e8-b2ba-ac1f6b6435d0,25 13 21,13 25
437fa1ce-bb9f-11e8-b2b9-ac1f6b6435d0,25 21,21 25
437fd786-bbc0-11e8-b2bb-ac1f6b6435d0,7 11,7
43808060-bbb5-11e8-b2ba-ac1f6b6435d0,7 2,2 7
4380811c-bba3-11e8-b2b9-ac1f6b6435d0,25 1 0,0
4380f9c2-bbbb-11e8-b2ba-ac1f6b6435d0,7 2,2 7
438134bc-bbc2-11e8-b2bb-ac1f6b6435d0,3,3
4381676a-bbaf-11e8-b2ba-ac1f6b6435d0,25,25
4382483a-bba8-11e8-b2ba-ac1f6b6435d0,14,14
43827f5a-bba6-11e8-b2ba-ac1f6b6435d0,23 0,0 23
43857604-bba3-11e8-b2b9-ac1f6b6435d0,2 0,0 2
4388d566-bbbb-11e8-b2ba-ac1f6b6435d0,1 0,1
438903ae-bb9a-11e8-b2b9-ac1f6b6435d0,1 0,0 1 25
438ac964-bb9f-11e8-b2b9-ac1f6b6435d0,4,4
438ddc4e-bb9a-11e8-b2b9-ac1f6b6435d0,11,11 25
43973586-bba5-11e8-b2ba-ac1f6b6435d0,0,0
4397ac5a-bbb9-11e8-b2ba-ac1f6b6435d0,0,0
43981380-bbbd-11e8-b2ba-ac1f6b6435d0,0,0
4399b93e-bba3-11e8-b2b9-ac1f6b6435d0,21,21
439e650a-bbbd-11e8-b2ba-ac1f6b6435d0,0,0 5
439f3e7a-bbaa-11e8-b2ba-ac1f6b6435d0,14,14
43a36a3a-bbab-11e8-b2ba-ac1f6b6435d0,5,5
43a494d6-bbbb-11e8-b2ba-ac1f6b6435d0,25 6,6 25
43a4ea14-bb9b-11e8-b2b9-ac1f6b6435d0,11 0,0
43a8c8f4-bbb0-11e8-b2ba-ac1f6b6435d0,25 4,25 26
43a997a0-bbc6-11e8-b2bc-ac1f6b6435d0,0 21,2 21
43aa950a-bba9-11e8-b2ba-ac1f6b6435d0,19,19
43ac402a-bb9b-11e8-b2b9-ac1f6b6435d0,13 0,13
43acfe62-bb9a-11e8-b2b9-ac1f6b6435d0,25 13,13
43ae2fe2-bbab-11e8-b2ba-ac1f6b6435d0,4,4
43b0aed0-bbaa-11e8-b2ba-ac1f6b6435d0,21,0 21 25
43b27e7c-bba0-11e8-b2b9-ac1f6b6435d0,25 18 0,0 21 25
43b95054-bba4-11e8-b2b9-ac1f6b6435d0,0,0
43b96b0a-bbab-11e8-b2ba-ac1f6b6435d0,1,1
43ba962e-bbc9-11e8-b2bc-ac1f6b6435d0,1 0,0 1
43bb6eb0-bbc3-11e8-b2bc-ac1f6b6435d0,25 7 1 0,0 1 25
43bb7896-bbc9-11e8-b2bc-ac1f6b6435d0,12 0,4 14
43bd40fa-bbc3-11e8-b2bc-ac1f6b6435d0,0 21,23
43bd7704-bbc9-11e8-b2bc-ac1f6b6435d0,0,0 1
43c888c8-bba2-11e8-b2b9-ac1f6b6435d0,19 0,0 19
43c8b4d0-bba5-11e8-b2ba-ac1f6b6435d0,25 0,0 2
43cab012-bbbb-11e8-b2ba-ac1f6b6435d0,23 0,0 7 23
43cffbb0-bba4-11e8-b2b9-ac1f6b6435d0,23,0 23
43d46892-bbbf-11e8-b2ba-ac1f6b6435d0,4,4
43d58b80-bbbc-11e8-b2ba-ac1f6b6435d0,19 0,21
43d730c2-bbba-11e8-b2ba-ac1f6b6435d0,0,0 25
43d8dc3e-bba5-11e8-b2ba-ac1f6b6435d0,18,18 19
43da3386-bbc3-11e8-b2bc-ac1f6b6435d0,2 0,0 2
43db5b9a-bba4-11e8-b2b9-ac1f6b6435d0,6 0,6
43dc6b84-bbbd-11e8-b2ba-ac1f6b6435d0,25,25
43e1211a-bba9-11e8-b2ba-ac1f6b6435d0,3,3
43e292a2-bbb8-11e8-b2ba-ac1f6b6435d0,12 25,12
43e2fde6-bb9f-11e8-b2b9-ac1f6b6435d0,7,7
43e96e00-bbbe-11e8-b2ba-ac1f6b6435d0,7,14
43ed031c-bbb4-11e8-b2ba-ac1f6b6435d0,19,19
43ed5712-bb9c-11e8-b2b9-ac1f6b6435d0,21,5 21
43ee09c8-bb9c-11e8-b2b9-ac1f6b6435d0,25 0,0 5 18
43ef0e5c-bbbc-11e8-b2ba-ac1f6b6435d0,25 3 0,0 3 25
43f19c1a-bbc8-11e8-b2bc-ac1f6b6435d0,23 2 0,0 2 23
43f2a8a6-bbbb-11e8-b2ba-ac1f6b6435d0,4,4
43f4fb04-bbae-11e8-b2ba-ac1f6b6435d0,1 3,1 3
43f509ec-bbc1-11e8-b2bb-ac1f6b6435d0,7 2 0,0 3 25
43f600de-bbaa-11e8-b2ba-ac1f6b6435d0,25 0,0 25
43f68dd6-bbb1-11e8-b2ba-ac1f6b6435d0,4,4
43f6bd88-bbc5-11e8-b2bc-ac1f6b6435d0,0 27,0 26
43f8bb7c-bbbd-11e8-b2ba-ac1f6b6435d0,25 2 21,21
43fcd020-bbb0-11e8-b2ba-ac1f6b6435d0,25 0,25
43fd5140-bbbe-11e8-b2ba-ac1f6b6435d0,4,4
43fffa2e-bbc5-11e8-b2bc-ac1f6b6435d0,25 6 2,2 6
440226d8-bbc4-11e8-b2bc-ac1f6b6435d0,0,0
4402d9ca-bbbf-11e8-b2ba-ac1f6b6435d0,25,25
440356c6-bbaf-11e8-b2ba-ac1f6b6435d0,11,11
4403ae06-bbae-11e8-b2ba-ac1f6b6435d0,25 0,0 21 25
4405535c-bbbb-11e8-b2ba-ac1f6b6435d0,23,25
44086768-bbc5-11e8-b2bc-ac1f6b6435d0,2 0,0 2
440c3094-bb9f-11e8-b2b9-ac1f6b6435d0,25 3 0,0 3 25
440d831a-bba2-11e8-b2b9-ac1f6b6435d0,7 0,0 1 7
4412d0ac-bbb3-11e8-b2ba-ac1f6b6435d0,13 0,0 13
441729a0-bbbc-11e8-b2ba-ac1f6b6435d0,11,11
4418e728-bbc0-11e8-b2bb-ac1f6b6435d0,2 0,0 2
441ad036-bbb3-11e8-b2ba-ac1f6b6435d0,19,19
441bd54a-bbb7-11e8-b2ba-ac1f6b6435d0,23,23
441c82ce-bbc6-11e8-b2bc-ac1f6b6435d0,25,0 25
441dab1a-bba6-11e8-b2ba-ac1f6b6435d0,2,2
441f4d94-bbc9-11e8-b2bc-ac1f6b6435d0,16 25,14 16
4423c734-bbba-11e8-b2ba-ac1f6b6435d0,14,14
4424da3e-bba6-11e8-b2ba-ac1f6b6435d0,7,7
4426d810-bbac-11e8-b2ba-ac1f6b6435d0,0,0 25
442711d2-bbba-11e8-b2ba-ac1f6b6435d0,13 11,26
442a26da-bb9f-11e8-b2b9-ac1f6b6435d0,5,23
442d22be-bbbc-11e8-b2ba-ac1f6b6435d0,5,5
442f07dc-bbc6-11e8-b2bc-ac1f6b6435d0,25 5 0,0 25
44352f82-bbb1-11e8-b2ba-ac1f6b6435d0,0,0
443626a8-bbc5-11e8-b2bc-ac1f6b6435d0,0 21,0 21
4438ffbc-bbb7-11e8-b2ba-ac1f6b6435d0,1 4,1 4
44397d8e-bbad-11e8-b2ba-ac1f6b6435d0,22 25,21 25
443cc102-bbca-11e8-b2bc-ac1f6b6435d0,6,25
443e7190-bba8-11e8-b2ba-ac1f6b6435d0,6 23,6
44402562-bba8-11e8-b2ba-ac1f6b6435d0,0,0
44407532-bbab-11e8-b2ba-ac1f6b6435d0,0 21,0
4441a49a-bbae-11e8-b2ba-ac1f6b6435d0,25 1,1 11 25
44421f8c-bbaf-11e8-b2ba-ac1f6b6435d0,0,0
4443cf0a-bbb2-11e8-b2ba-ac1f6b6435d0,5,0 5
4447e082-bbac-11e8-b2ba-ac1f6b6435d0,16 14,2 14
444840ec-bbaf-11e8-b2ba-ac1f6b6435d0,25 1 0,0 25
44486712-bba4-11e8-b2b9-ac1f6b6435d0,0 21,0 21
444a307a-bbad-11e8-b2ba-ac1f6b6435d0,23,23
444b855c-bbb6-11e8-b2ba-ac1f6b6435d0,25 0,0 25
444c0e96-bb9d-11e8-b2b9-ac1f6b6435d0,25 4 21,0 21 25
444f7120-bbc1-11e8-b2bb-ac1f6b6435d0,23,23
444fd7ca-bb9c-11e8-b2b9-ac1f6b6435d0,7,7
4450141e-bbb6-11e8-b2ba-ac1f6b6435d0,2 0,0 2
4450c9b4-bb9c-11e8-b2b9-ac1f6b6435d0,19,19
445312c8-bbc9-11e8-b2bc-ac1f6b6435d0,24,25
4453cda6-bbc6-11e8-b2bc-ac1f6b6435d0,7 0,0 7
4459bb16-bbae-11e8-b2ba-ac1f6b6435d0,0 21,0 21 25
445a35a6-bbc1-11e8-b2bb-ac1f6b6435d0,19 25,19 25
445b8640-bbb7-11e8-b2ba-ac1f6b6435d0,25 0,0 25
44650054-bbb6-11e8-b2ba-ac1f6b6435d0,14 2,2 14
4468e558-bb9c-11e8-b2b9-ac1f6b6435d0,19,18
446c1ec8-bba4-11e8-b2b9-ac1f6b6435d0,25 2 0,0 2 25
446edda2-bb9a-11e8-b2b9-ac1f6b6435d0,2,0 2
447074b8-bba5-11e8-b2ba-ac1f6b6435d0,7,7
4473ea62-bbaf-11e8-b2ba-ac1f6b6435d0,4,4
44742e4e-bbac-11e8-b2ba-ac1f6b6435d0,25 0,0 25
44744c60-bbc2-11e8-b2bb-ac1f6b6435d0,23,23
4474774e-bb9f-11e8-b2b9-ac1f6b6435d0,25 5,4
447799ea-bbba-11e8-b2ba-ac1f6b6435d0,25 0,0 18 19
447d175a-bb9a-11e8-b2b9-ac1f6b6435d0,3 0,0
447d5ede-bbc9-11e8-b2bc-ac1f6b6435d0,19 25 5,18 25
447e6c48-bbc4-11e8-b2bc-ac1f6b6435d0,25 21,21 25
4480baf6-bbb1-11e8-b2ba-ac1f6b6435d0,25 0,0 25
4480cb5e-bbac-11e8-b2ba-ac1f6b6435d0,25,25
44823806-bb9b-11e8-b2b9-ac1f6b6435d0,0,0
4482ce7e-bb9b-11e8-b2b9-ac1f6b6435d0,0,0
4488f6b6-bbad-11e8-b2ba-ac1f6b6435d0,21,6 21
44899a80-bb9e-11e8-b2b9-ac1f6b6435d0,0,0 5
448cf260-bba9-11e8-b2ba-ac1f6b6435d0,7,7
448e51da-bbab-11e8-b2ba-ac1f6b6435d0,14,14 25
44907f42-bbc3-11e8-b2bc-ac1f6b6435d0,19,18
449893e8-bbbf-11e8-b2ba-ac1f6b6435d0,2 0,0 3 7 25
4498afac-bbb7-11e8-b2ba-ac1f6b6435d0,23 2,2 23
44993b5a-bbaa-11e8-b2ba-ac1f6b6435d0,2 0,0 2
449d4c8a-bbab-11e8-b2ba-ac1f6b6435d0,1,1
449f51e8-bbaf-11e8-b2ba-ac1f6b6435d0,25 2,2 25
44a3a88a-bbbc-11e8-b2ba-ac1f6b6435d0,0,0
44a5e776-bbc6-11e8-b2bc-ac1f6b6435d0,7 0,0 7
44aa8e26-bbca-11e8-b2bc-ac1f6b6435d0,25 2,2 25
44ab5862-bba5-11e8-b2ba-ac1f6b6435d0,0,0
44afccc8-bb9e-11e8-b2b9-ac1f6b6435d0,25 2,0 25
44b5e136-bbca-11e8-b2bc-ac1f6b6435d0,25 17,17 25
44b7f01e-bbc2-11e8-b2bb-ac1f6b6435d0,19,18
44bb4880-bbaf-11e8-b2ba-ac1f6b6435d0,22 25 0,0 22 25
44bf4728-bbb4-11e8-b2ba-ac1f6b6435d0,11 0,0 11
44c0d31c-bbc9-11e8-b2bc-ac1f6b6435d0,4,4
44c1dcd8-bbbc-11e8-b2ba-ac1f6b6435d0,25 0,0 25
44c576c8-bbac-11e8-b2ba-ac1f6b6435d0,3,2 3
44c6f000-bbbd-11e8-b2ba-ac1f6b6435d0,25 7,5 7
44c784fe-bba7-11e8-b2ba-ac1f6b6435d0,25 0,4 25
44ccabb8-bbbc-11e8-b2ba-ac1f6b6435d0,25 23 0,0 23
44ce69e6-bbb5-11e8-b2ba-ac1f6b6435d0,7 0,0 5 7
44d13db0-bb9c-11e8-b2b9-ac1f6b6435d0,4,4
44d70272-bbc9-11e8-b2bc-ac1f6b6435d0,3,3
44d7386a-bbc3-11e8-b2bc-ac1f6b6435d0,2,2
44d819c2-bbbb-11e8-b2ba-ac1f6b6435d0,19 0,0 19
44d83782-bbbf-11e8-b2ba-ac1f6b6435d0,19,19
44d84164-bba1-11e8-b2b9-ac1f6b6435d0,7 2,2 7
44d8a1ac-bbc1-11e8-b2bb-ac1f6b6435d0,23 4,4 23
44d8b8e0-bbad-11e8-b2ba-ac1f6b6435d0,22 21,21 22
44dbe5ce-bba8-11e8-b2ba-ac1f6b6435d0,25 23 0,0 2 25
44dc05d4-bba0-11e8-b2b9-ac1f6b6435d0,11 0,0 11
44ddf37e-bbb6-11e8-b2ba-ac1f6b6435d0,12,25
44de2768-bba7-11e8-b2ba-ac1f6b6435d0,11,11
44dfc766-bbbc-11e8-b2ba-ac1f6b6435d0,0,0 5
44e2007a-bba4-11e8-b2b9-ac1f6b6435d0,3,3
44e2fdee-bba0-11e8-b2b9-ac1f6b6435d0,5,5
44e397ae-bbb4-11e8-b2ba-ac1f6b6435d0,23,0 23
44e3c2ac-bbae-11e8-b2ba-ac1f6b6435d0,0,0
44e50530-bbb9-11e8-b2ba-ac1f6b6435d0,25 0,0 25
44e591ac-bba1-11e8-b2b9-ac1f6b6435d0,21,21
44e7157c-bbb5-11e8-b2ba-ac1f6b6435d0,25,25
44ee3666-bbad-11e8-b2ba-ac1f6b6435d0,3 0,0 3
44eeadbe-bbb0-11e8-b2ba-ac1f6b6435d0,25 4,21
44f02fd6-bbb5-11e8-b2ba-ac1f6b6435d0,25,0 25
44f2c18a-bbc2-11e8-b2bb-ac1f6b6435d0,25 6 0,0 25
44f58f36-bb9b-11e8-b2b9-ac1f6b6435d0,19,18
44f7e91e-bbc5-11e8-b2bc-ac1f6b6435d0,6,25
44f86d00-bba0-11e8-b2b9-ac1f6b6435d0,2 0,0 2
44fb0886-bbbd-11e8-b2ba-ac1f6b6435d0,1,1
45002d34-bbc7-11e8-b2bc-ac1f6b6435d0,0,0
4500e434-bbba-11e8-b2ba-ac1f6b6435d0,0,0
450424ae-bbca-11e8-b2bc-ac1f6b6435d0,25 7,25 26
4506b81a-bbb9-11e8-b2ba-ac1f6b6435d0,21,21
4509e7a0-bbb5-11e8-b2ba-ac1f6b6435d0,25 5,5
450bade2-bbc9-11e8-b2bc-ac1f6b6435d0,22 25 0,0 22 25
4511914e-bba1-11e8-b2b9-ac1f6b6435d0,25 13,21
451205f6-bb9d-11e8-b2b9-ac1f6b6435d0,0,0
451242b0-bb9c-11e8-b2b9-ac1f6b6435d0,13 0,0 5 7
45124614-bbc6-11e8-b2bc-ac1f6b6435d0,21,0 21
4512499a-bba1-11e8-b2b9-ac1f6b6435d0,25 6,6 25
45125548-bba1-11e8-b2b9-ac1f6b6435d0,19 0,0
451597b8-bbb4-11e8-b2ba-ac1f6b6435d0,7 0,0 1 7
4518f6e0-bbc0-11e8-b2bb-ac1f6b6435d0,23 0,0 23
45194c2c-bbc4-11e8-b2bc-ac1f6b6435d0,23 2,2 23
451acb8a-bbb3-11e8-b2ba-ac1f6b6435d0,13 0,0 19
451b3cc6-bbba-11e8-b2ba-ac1f6b6435d0,3,0 25
451c8e26-bba3-11e8-b2b9-ac1f6b6435d0,25 21,21
451dd946-bbc8-11e8-b2bc-ac1f6b6435d0,25,25
451ecdc0-bba9-11e8-b2ba-ac1f6b6435d0,4,4
45214f5e-bbaa-11e8-b2ba-ac1f6b6435d0,25 4,0 25
4521db26-bbb5-11e8-b2ba-ac1f6b6435d0,2 0,0 2
4522e9a2-bbac-11e8-b2ba-ac1f6b6435d0,4,4
45250282-bbb1-11e8-b2ba-ac1f6b6435d0,1,1
45288f6c-bbb9-11e8-b2ba-ac1f6b6435d0,19 7 16,7
452d9456-bbc0-11e8-b2bb-ac1f6b6435d0,25 0,0 25
452ee94e-bbc2-11e8-b2bb-ac1f6b6435d0,2 0,0 2
4530769c-bba9-11e8-b2ba-ac1f6b6435d0,25 0,25
45351750-bb9b-11e8-b2b9-ac1f6b6435d0,25 0,0 25
45372eac-bbc6-11e8-b2bc-ac1f6b6435d0,4,4
453a1d1a-bbb7-11e8-b2ba-ac1f6b6435d0,2 0,0 2
453a4ea6-bba4-11e8-b2b9-ac1f6b6435d0,14,14
453baeda-bbbe-11e8-b2ba-ac1f6b6435d0,2 0,2
453ca1a6-bbc7-11e8-b2bc-ac1f6b6435d0,25 0,0 25
45457704-bbc7-11e8-b2bc-ac1f6b6435d0,7 2,2 7 25
45476ca0-bbac-11e8-b2ba-ac1f6b6435d0,7 2,0 2 7
4547955c-bbae-11e8-b2ba-ac1f6b6435d0,25 1 21,1 25
454bb284-bbab-11e8-b2ba-ac1f6b6435d0,4,0 4
454d7472-bbc2-11e8-b2bb-ac1f6b6435d0,6,6
45520d12-bba8-11e8-b2ba-ac1f6b6435d0,22 2 0,0 2 22
4552b8b0-bba9-11e8-b2ba-ac1f6b6435d0,25 6 2,2 6 25
45548836-bbc0-11e8-b2bb-ac1f6b6435d0,4 2,4
4557b60e-bbad-11e8-b2ba-ac1f6b6435d0,25 0,0 7 20
4559b09c-bbaf-11e8-b2ba-ac1f6b6435d0,25 0,0 25
455a9ca2-bbb7-11e8-b2ba-ac1f6b6435d0,22,21 22
455beaca-bba4-11e8-b2b9-ac1f6b6435d0,6,25
45602aa6-bbb6-11e8-b2ba-ac1f6b6435d0,19 0,0 19
4560a570-bbc1-11e8-b2bb-ac1f6b6435d0,25,6 9 10
45621e96-bba3-11e8-b2b9-ac1f6b6435d0,0,0
4565cc90-bbbb-11e8-b2ba-ac1f6b6435d0,0 21,0 16 19 22
45679120-bb9c-11e8-b2b9-ac1f6b6435d0,23,23
45693d7a-bbad-11e8-b2ba-ac1f6b6435d0,11,0
456cc744-bbc9-11e8-b2bc-ac1f6b6435d0,3 0,3
456cde26-bbc1-11e8-b2bb-ac1f6b6435d0,3,3
456e218e-bbb0-11e8-b2ba-ac1f6b6435d0,24,24
45722202-bbb0-11e8-b2ba-ac1f6b6435d0,5,5
457398ca-bbca-11e8-b2bc-ac1f6b6435d0,7,7
45742f38-bbb6-11e8-b2ba-ac1f6b6435d0,0,0 2
4575d38e-bbba-11e8-b2ba-ac1f6b6435d0,12 19,19 21
457618de-bba7-11e8-b2ba-ac1f6b6435d0,25,25
45771c88-bbc6-11e8-b2bc-ac1f6b6435d0,7,7
4579233c-bba5-11e8-b2ba-ac1f6b6435d0,14 0,0 14
457a6194-bbc7-11e8-b2bc-ac1f6b6435d0,18,18
457daa02-bba9-11e8-b2ba-ac1f6b6435d0,25 0,0 21 25
457e92aa-bbc7-11e8-b2bc-ac1f6b6435d0,3 0,0 3
458017da-bbac-11e8-b2ba-ac1f6b6435d0,5,5
45816cee-bba6-11e8-b2ba-ac1f6b6435d0,16 25,16 25
45818132-bbc1-11e8-b2bb-ac1f6b6435d0,23,23
458206b4-bbb4-11e8-b2ba-ac1f6b6435d0,21,21
4582d306-bbae-11e8-b2ba-ac1f6b6435d0,25 2 21,21
4586a2bc-bbca-11e8-b2bc-ac1f6b6435d0,25 0,0
458c2fe6-bbb8-11e8-b2ba-ac1f6b6435d0,19 25,25
458cf1f0-bbc3-11e8-b2bc-ac1f6b6435d0,2 0,0 2 3
458d6c76-bbc7-11e8-b2bc-ac1f6b6435d0,23,23
458e8142-bbbd-11e8-b2ba-ac1f6b6435d0,2 0,0 2
45916312-bbc2-11e8-b2bb-ac1f6b6435d0,11,4 11
45916b0c-bba2-11e8-b2b9-ac1f6b6435d0,2 0,0 2
4593347c-bba8-11e8-b2ba-ac1f6b6435d0,19,18 19
459415ca-bbaf-11e8-b2ba-ac1f6b6435d0,5,19
45962e8c-bbaa-11e8-b2ba-ac1f6b6435d0,5,5
45986bf6-bbc9-11e8-b2bc-ac1f6b6435d0,19 0,0
459deb66-bba2-11e8-b2b9-ac1f6b6435d0,12,12
459f7146-bb9a-11e8-b2b9-ac1f6b6435d0,7,7
45a63ec0-bbb5-11e8-b2ba-ac1f6b6435d0,2 0,0 2
45a6eb56-bbc7-11e8-b2bc-ac1f6b6435d0,11,11 25
45a7343e-bba5-11e8-b2ba-ac1f6b6435d0,22,22
45a8a89e-bbc5-11e8-b2bc-ac1f6b6435d0,23,23
45a94832-bbc8-11e8-b2bc-ac1f6b6435d0,2 0,0 2
45a9cb34-bbb1-11e8-b2ba-ac1f6b6435d0,12,12
45aa932e-bbb2-11e8-b2ba-ac1f6b6435d0,5,5
45aab8b6-bbb4-11e8-b2ba-ac1f6b6435d0,4,0
45b23c18-bbb3-11e8-b2ba-ac1f6b6435d0,25 0,0 25
45b3b836-bb9f-11e8-b2b9-ac1f6b6435d0,19,18 25
45b44cf6-bbb8-11e8-b2ba-ac1f6b6435d0,19 0 21,0 1 25
45b77968-bb9e-11e8-b2b9-ac1f6b6435d0,23 0,0 23
45b86e4e-bbc7-11e8-b2bc-ac1f6b6435d0,2 0,0 2
45b8ef70-bbab-11e8-b2ba-ac1f6b6435d0,5,3
45b94296-bbaf-11e8-b2ba-ac1f6b6435d0,0,0
45ba07ba-bbbb-11e8-b2ba-ac1f6b6435d0,21,21
45ba2fe8-bb9c-11e8-b2b9-ac1f6b6435d0,23 0,0 23
45bed6d6-bbbc-11e8-b2ba-ac1f6b6435d0,25,6 7
45c25a2a-bbb4-11e8-b2ba-ac1f6b6435d0,0 21,25
45c42cac-bb9a-11e8-b2b9-ac1f6b6435d0,21,21 25
45c45e78-bbbf-11e8-b2ba-ac1f6b6435d0,22,21 22
45c794ce-bbb2-11e8-b2ba-ac1f6b6435d0,0,0 25
45c97756-bbc8-11e8-b2bc-ac1f6b6435d0,26,26
45c9960c-bbbc-11e8-b2ba-ac1f6b6435d0,2,2 3
45ca1bfc-bba5-11e8-b2ba-ac1f6b6435d0,23,6 23
45ca7ef4-bb9a-11e8-b2b9-ac1f6b6435d0,14,14
45d2f6ce-bbb3-11e8-b2ba-ac1f6b6435d0,0,0
45d38d90-bbc3-11e8-b2bc-ac1f6b6435d0,1,1
45d3acbe-bbc6-11e8-b2bc-ac1f6b6435d0,22,26
45d3e96a-bbb0-11e8-b2ba-ac1f6b6435d0,25 1 0,6 25
45d5f5fe-bbbd-11e8-b2ba-ac1f6b6435d0,25 0,0 5 25
45dab5e6-bbc5-11e8-b2bc-ac1f6b6435d0,25 21,25
45dbf56e-bba2-11e8-b2b9-ac1f6b6435d0,23 2,2 23
45dc5d3e-bba6-11e8-b2ba-ac1f6b6435d0,21,21
45dcb218-bbc7-11e8-b2bc-ac1f6b6435d0,2,2
45dcb7ee-bbaf-11e8-b2ba-ac1f6b6435d0,1 0,0 1
45ddd3c6-bbc4-11e8-b2bc-ac1f6b6435d0,6,0
45e5ac08-bbb6-11e8-b2ba-ac1f6b6435d0,5 1 0,0 5
45e5bf5a-bbba-11e8-b2ba-ac1f6b6435d0,25 0,5 25
45e837d0-bbc9-11e8-b2bc-ac1f6b6435d0,19 11 2,11
45eb108a-bba2-11e8-b2b9-ac1f6b6435d0,0 21,0 21
45eccf7e-bbca-11e8-b2bc-ac1f6b6435d0,5,0 5
45ecf208-bbbe-11e8-b2ba-ac1f6b6435d0,25 0,0 25
45f42092-bbc7-11e8-b2bc-ac1f6b6435d0,0,0
45f50434-bbaa-11e8-b2ba-ac1f6b6435d0,25 3 0,0 3 25
45f8e518-bb9b-11e8-b2b9-ac1f6b6435d0,2,2
45fc044a-bbb5-11e8-b2ba-ac1f6b6435d0,25 0,0 25
45fcbb18-bba8-11e8-b2ba-ac1f6b6435d0,1,1
460260b8-bbb7-11e8-b2ba-ac1f6b6435d0,3 0,0 3
46041452-bbbd-11e8-b2ba-ac1f6b6435d0,2,2 21
460492a0-bbaa-11e8-b2ba-ac1f6b6435d0,1,1 2
46056e24-bba9-11e8-b2ba-ac1f6b6435d0,7,7
46057228-bbc4-11e8-b2bc-ac1f6b6435d0,0,0
460664f2-bba2-11e8-b2b9-ac1f6b6435d0,5 0,0 5
4608e222-bba7-11e8-b2ba-ac1f6b6435d0,19 25,19 25
46094334-bbc0-11e8-b2bb-ac1f6b6435d0,25,0 25
460984e8-bbca-11e8-b2bc-ac1f6b6435d0,23,23
460c987a-bb9f-11e8-b2b9-ac1f6b6435d0,6,6
460eeeca-bbb0-11e8-b2ba-ac1f6b6435d0,21,21
460ef3d6-bbc2-11e8-b2bb-ac1f6b6435d0,7 0,0 7
461058de-bba9-11e8-b2ba-ac1f6b6435d0,25 4,4 25
4612d86e-bbb0-11e8-b2ba-ac1f6b6435d0,0,0
461661ac-bba4-11e8-b2b9-ac1f6b6435d0,11,11
46182bc0-bb9c-11e8-b2b9-ac1f6b6435d0,14 0,0 14
4618c382-bbba-11e8-b2ba-ac1f6b6435d0,25 1,1 25
461a1e02-bbc0-11e8-b2bb-ac1f6b6435d0,7 0,0
461e6e5a-bba5-11e8-b2ba-ac1f6b6435d0,25 2 0,0
461fb86a-bbb8-11e8-b2ba-ac1f6b6435d0,26,25 26
4621ba12-bbad-11e8-b2ba-ac1f6b6435d0,23 0 21,0 23
4622af50-bbb5-11e8-b2ba-ac1f6b6435d0,21,25
46277d7a-bbbd-11e8-b2ba-ac1f6b6435d0,0 21,0 25
4629c9be-bbc1-11e8-b2bb-ac1f6b6435d0,25 0,0 25
462d0080-bb9d-11e8-b2b9-ac1f6b6435d0,25 0,0 3
46313ad4-bbbf-11e8-b2ba-ac1f6b6435d0,21,21
46317fd0-bbb0-11e8-b2ba-ac1f6b6435d0,25 0,0 25
463383d8-bbc0-11e8-b2bb-ac1f6b6435d0,21,21
46339faa-bbb9-11e8-b2ba-ac1f6b6435d0,2,2
4636df3e-bbbf-11e8-b2ba-ac1f6b6435d0,14,14
4638c6e4-bba8-11e8-b2ba-ac1f6b6435d0,25 0,0 25
46391084-bbc8-11e8-b2bc-ac1f6b6435d0,22 21,25
463b390e-bbc3-11e8-b2bc-ac1f6b6435d0,7,23
463e707c-bbac-11e8-b2ba-ac1f6b6435d0,25 0,0
463eaa36-bbbd-11e8-b2ba-ac1f6b6435d0,21,25
4642f7c6-bbae-11e8-b2ba-ac1f6b6435d0,25 0,0 25
464319de-bbc9-11e8-b2bc-ac1f6b6435d0,24 5,5
46454a04-bba3-11e8-b2b9-ac1f6b6435d0,25,25
464a20b0-bb9e-11e8-b2b9-ac1f6b6435d0,22 7,7 22
464e9570-bba6-11e8-b2ba-ac1f6b6435d0,23 4,4 23
464edefa-bbbe-11e8-b2ba-ac1f6b6435d0,2 0,0 2
46534b18-bbb7-11e8-b2ba-ac1f6b6435d0,14,14
4653ce0c-bbb8-11e8-b2ba-ac1f6b6435d0,14,14
4657816c-bbba-11e8-b2ba-ac1f6b6435d0,3 0,0
4659f78c-bbae-11e8-b2ba-ac1f6b6435d0,25,25
465c2360-bbc0-11e8-b2bb-ac1f6b6435d0,25,25
465d3a5a-bbb8-11e8-b2ba-ac1f6b6435d0,19,19
4661cb52-bb9e-11e8-b2b9-ac1f6b6435d0,2,2
46624022-bbb3-11e8-b2ba-ac1f6b6435d0,22 11 2,11 25
4663eb20-bbc2-11e8-b2bb-ac1f6b6435d0,0,0
46656222-bbca-11e8-b2bc-ac1f6b6435d0,1 21,0 21
4668dd44-bbbb-11e8-b2ba-ac1f6b6435d0,4,4
466960de-bbb6-11e8-b2ba-ac1f6b6435d0,2 0,0 2
4669d992-bba2-11e8-b2b9-ac1f6b6435d0,25,23 25
466a98c6-bbae-11e8-b2ba-ac1f6b6435d0,25,11
466b0784-bbb3-11e8-b2ba-ac1f6b6435d0,23,23
466b8370-bbc3-11e8-b2bc-ac1f6b6435d0,2 0,0 2
466ca60c-bbb8-11e8-b2ba-ac1f6b6435d0,4,0 4
466e4b02-bbbc-11e8-b2ba-ac1f6b6435d0,21,21
467292b2-bbac-11e8-b2ba-ac1f6b6435d0,0 21,5 22
4673920e-bbb9-11e8-b2ba-ac1f6b6435d0,22,16 22
46754e70-bba8-11e8-b2ba-ac1f6b6435d0,21,6 25
4675c852-bbc4-11e8-b2bc-ac1f6b6435d0,25 0 21,6
467775d0-bbab-11e8-b2ba-ac1f6b6435d0,0,0
467ce544-bbb8-11e8-b2ba-ac1f6b6435d0,7 0,7
467f1816-bbac-11e8-b2ba-ac1f6b6435d0,6,6
467fc31c-bbbe-11e8-b2ba-ac1f6b6435d0,2,2 25
4680a370-bbb6-11e8-b2ba-ac1f6b6435d0,26,26
468279c0-bbb6-11e8-b2ba-ac1f6b6435d0,25 5,5 25
468569de-bbbe-11e8-b2ba-ac1f6b6435d0,5,5 14
46864fe2-bbab-11e8-b2ba-ac1f6b6435d0,7 2,2 7
4689aeb0-bba3-11e8-b2b9-ac1f6b6435d0,19 0,0 18
468e866e-bbbd-11e8-b2ba-ac1f6b6435d0,25 21,21 25
468ef160-bbab-11e8-b2ba-ac1f6b6435d0,25 7 0,0 7 25
469b4e6c-bbb8-11e8-b2ba-ac1f6b6435d0,13 3,13
469fea9a-bbad-11e8-b2ba-ac1f6b6435d0,22 2 0,0 2 22
46a02c5e-bbc5-11e8-b2bc-ac1f6b6435d0,25 4,4 25
46a04f78-bbba-11e8-b2ba-ac1f6b6435d0,25 18 0,0 18 25
46a16270-bba4-11e8-b2b9-ac1f6b6435d0,25,23
46a33484-bba3-11e8-b2b9-ac1f6b6435d0,5,5
46a68f36-bb9d-11e8-b2b9-ac1f6b6435d0,25,25
46a8bede-bbc3-11e8-b2bc-ac1f6b6435d0,21,21 22
46ac6954-bbb3-11e8-b2ba-ac1f6b6435d0,25 4,4 19 25
46ae05e2-bbaf-11e8-b2ba-ac1f6b6435d0,4,0 4
46b209f2-bbb5-11e8-b2ba-ac1f6b6435d0,1 0,0 1
46b288b0-bbc3-11e8-b2bc-ac1f6b6435d0,0,0
46b3adec-bba7-11e8-b2ba-ac1f6b6435d0,0,0
46b3ff60-bbb9-11e8-b2ba-ac1f6b6435d0,1 0,1 7
46b44162-bba7-11e8-b2ba-ac1f6b6435d0,25 7 0,7
46b5e926-bbb2-11e8-b2ba-ac1f6b6435d0,14,14
46bc2834-bbaa-11e8-b2ba-ac1f6b6435d0,0,0
46bd9886-bbbe-11e8-b2ba-ac1f6b6435d0,3,3
46c0230a-bba3-11e8-b2b9-ac1f6b6435d0,11,11
46c0ba38-bbbf-11e8-b2ba-ac1f6b6435d0,19,19
46c50ea0-bba4-11e8-b2b9-ac1f6b6435d0,23,7
46c8c4ca-bbb1-11e8-b2ba-ac1f6b6435d0,23,23
46cb6f8a-bba3-11e8-b2b9-ac1f6b6435d0,25 0,0 25
46cc8182-bbb1-11e8-b2ba-ac1f6b6435d0,3 0,3
46d1d9da-bba6-11e8-b2ba-ac1f6b6435d0,25 2,21
46d34b3e-bbb1-11e8-b2ba-ac1f6b6435d0,5 0,5
46d3a012-bbc9-11e8-b2bc-ac1f6b6435d0,19,19
46dd01e6-bbbc-11e8-b2ba-ac1f6b6435d0,7,7
46dd77c8-bbc8-11e8-b2bc-ac1f6b6435d0,7 0,0 7
46def58c-bbc1-11e8-b2bb-ac1f6b6435d0,19,19
46e41544-bbb7-11e8-b2ba-ac1f6b6435d0,22 21,21 22
46e4970e-bbc5-11e8-b2bc-ac1f6b6435d0,23,2
46e90364-bbb3-11e8-b2ba-ac1f6b6435d0,16 25 0,0 16 21
46ea33b2-bba7-11e8-b2ba-ac1f6b6435d0,25 18 21,18 25
46eaa1a0-bba0-11e8-b2b9-ac1f6b6435d0,2,0 2
46eccaba-bbc4-11e8-b2bc-ac1f6b6435d0,25 5,5
46ee82a6-bba6-11e8-b2ba-ac1f6b6435d0,5,5
46f1882e-bba2-11e8-b2b9-ac1f6b6435d0,4 21,4 21
46f32d70-bbb4-11e8-b2ba-ac1f6b6435d0,4,4
46f39244-bbb2-11e8-b2ba-ac1f6b6435d0,19,19
46f504d0-bbad-11e8-b2ba-ac1f6b6435d0,16 23,16 23
46fb6324-bbc2-11e8-b2bb-ac1f6b6435d0,7 21,18
4700ae5e-bbab-11e8-b2ba-ac1f6b6435d0,25 0,0
47021114-bb9b-11e8-b2b9-ac1f6b6435d0,6,6
47068262-bbc8-11e8-b2bc-ac1f6b6435d0,5,5
47084036-bb9e-11e8-b2b9-ac1f6b6435d0,25 3 0,0 3 25
4708638e-bba5-11e8-b2ba-ac1f6b6435d0,0,0 19
47088e22-bbb4-11e8-b2ba-ac1f6b6435d0,23,23
4708d75e-bb9d-11e8-b2b9-ac1f6b6435d0,14,14
4708eee4-bbaa-11e8-b2ba-ac1f6b6435d0,21,25
4709f3a0-bbc5-11e8-b2bc-ac1f6b6435d0,25 21,21
470a7244-bbca-11e8-b2bc-ac1f6b6435d0,7 0,0 7
470ab116-bba5-11e8-b2ba-ac1f6b6435d0,5,5
470d7f92-bbb7-11e8-b2ba-ac1f6b6435d0,23 0,23
471646d2-bb9d-11e8-b2b9-ac1f6b6435d0,21,25
47172326-bba8-11e8-b2ba-ac1f6b6435d0,25 18,21 25
4717a828-bba8-11e8-b2ba-ac1f6b6435d0,0,0
4717e86e-bb9f-11e8-b2b9-ac1f6b6435d0,19 1 0,0 19 25
471a2ffc-bbc2-11e8-b2bb-ac1f6b6435d0,0,0
471bc314-bba7-11e8-b2ba-ac1f6b6435d0,0 21,0 19 21
472a4316-bbad-11e8-b2ba-ac1f6b6435d0,25 2,2 23
472ab89c-bbca-11e8-b2bc-ac1f6b6435d0,7,5
472d0c9a-bba3-11e8-b2b9-ac1f6b6435d0,0,0
472f7538-bbb8-11e8-b2ba-ac1f6b6435d0,11 0,0 11
47373902-bbc3-11e8-b2bc-ac1f6b6435d0,25 2,0
4737a3ac-bbb8-11e8-b2ba-ac1f6b6435d0,7,7
473bd9a8-bbc8-11e8-b2bc-ac1f6b6435d0,21,21
473f8a4e-bba5-11e8-b2ba-ac1f6b6435d0,6,6
47463db0-bbc0-11e8-b2bb-ac1f6b6435d0,7,7
474a0bec-bbc6-11e8-b2bc-ac1f6b6435d0,2 0,0 2
474f16de-bb9c-11e8-b2b9-ac1f6b6435d0,19 25 0,0 25
4752148a-bbc2-11e8-b2bb-ac1f6b6435d0,19 0,0 19
4752c46c-bb9e-11e8-b2b9-ac1f6b6435d0,7 0,0 7
47543490-bbae-11e8-b2ba-ac1f6b6435d0,7 2,2 7
4756bc4c-bba4-11e8-b2b9-ac1f6b6435d0,4,4
47580066-bbb3-11e8-b2ba-ac1f6b6435d0,11 0,0 11
4758031e-bbc1-11e8-b2bb-ac1f6b6435d0,23,23
475a059a-bbb9-11e8-b2ba-ac1f6b6435d0,12 1,0 1 12
475aec54-bbae-11e8-b2ba-ac1f6b6435d0,2,2
475cc20e-bb9f-11e8-b2b9-ac1f6b6435d0,0,0
475ce630-bbc7-11e8-b2bc-ac1f6b6435d0,7,7
4763c07c-bb9a-11e8-b2b9-ac1f6b6435d0,23 0,0 23
47660aca-bbc8-11e8-b2bc-ac1f6b6435d0,7 0,0 7
4768f510-bbae-11e8-b2ba-ac1f6b6435d0,23 3,3 23
4768f7a2-bbb5-11e8-b2ba-ac1f6b6435d0,25 0,0 25
476921ea-bba7-11e8-b2ba-ac1f6b6435d0,3,2 7
476af9e6-bbae-11e8-b2ba-ac1f6b6435d0,25 0,0
476b147e-bb9c-11e8-b2b9-ac1f6b6435d0,25 0,0 25
476d2866-bbc6-11e8-b2bc-ac1f6b6435d0,1,0 1
476ebb12-bb9a-11e8-b2b9-ac1f6b6435d0,5 0,5
47726e90-bb9c-11e8-b2b9-ac1f6b6435d0,23 0,0
4773cd90-bbbe-11e8-b2ba-ac1f6b6435d0,25 0,0 25
477602aa-bb9a-11e8-b2b9-ac1f6b6435d0,25 2,2 25
477af7c2-bbc9-11e8-b2bc-ac1f6b6435d0,22 13 21,25
47836984-bba1-11e8-b2b9-ac1f6b6435d0,25,5
47853292-bbc3-11e8-b2bc-ac1f6b6435d0,23,11 23
478699d4-bbaa-11e8-b2ba-ac1f6b6435d0,0 21,0 21
47886388-bba3-11e8-b2b9-ac1f6b6435d0,25 0 21,21
4788e3b6-bbb3-11e8-b2ba-ac1f6b6435d0,25 2,21 25
478b4056-bbaa-11e8-b2ba-ac1f6b6435d0,21,21
478ef296-bbaf-11e8-b2ba-ac1f6b6435d0,25 1 0,0 1 25
478f8cc4-bbb9-11e8-b2ba-ac1f6b6435d0,19 0,25
4790b4ae-bbb5-11e8-b2ba-ac1f6b6435d0,21,21
47934d9e-bbbb-11e8-b2ba-ac1f6b6435d0,19 0,0 19
4795cdd0-bbc0-11e8-b2bb-ac1f6b6435d0,12,12
4796c122-bb9d-11e8-b2b9-ac1f6b6435d0,0,0
47974f94-bbbf-11e8-b2ba-ac1f6b6435d0,25 0,0 25
4799d5c8-bbc1-11e8-b2bb-ac1f6b6435d0,2 0,0 2
479d0872-bbbe-11e8-b2ba-ac1f6b6435d0,12 0,0 12
47a2409c-bbb1-11e8-b2ba-ac1f6b6435d0,5,5
47a324e6-bbaa-11e8-b2ba-ac1f6b6435d0,12 0,0 21
47a54326-bbc2-11e8-b2bb-ac1f6b6435d0,2,2
47a77be0-bbaf-11e8-b2ba-ac1f6b6435d0,23 0,0 7 25
47a81c72-bbbd-11e8-b2ba-ac1f6b6435d0,18,18
47a8b8c8-bbc5-11e8-b2bc-ac1f6b6435d0,23,6 23
47ac18b2-bbaf-11e8-b2ba-ac1f6b6435d0,21,21
47acf538-bbbf-11e8-b2ba-ac1f6b6435d0,11,11
47ad19a4-bbc0-11e8-b2bb-ac1f6b6435d0,18,18
47b6072a-bbc1-11e8-b2bb-ac1f6b6435d0,23 1,1
47b8d8f0-bba9-11e8-b2ba-ac1f6b6435d0,0,0 5
47bbb828-bba8-11e8-b2ba-ac1f6b6435d0,5,5
47bcc878-bbc9-11e8-b2bc-ac1f6b6435d0,0 21,0 21
47bd29da-bb9c-11e8-b2b9-ac1f6b6435d0,3,3
47bd5da8-bbae-11e8-b2ba-ac1f6b6435d0,5 21,5 21
47be99b0-bbc3-11e8-b2bc-ac1f6b6435d0,0,0
47c059b8-bba9-11e8-b2ba-ac1f6b6435d0,25 5 21,21
47c10762-bbc9-11e8-b2bc-ac1f6b6435d0,18,19
47c9871a-bbc5-11e8-b2bc-ac1f6b6435d0,25,25
47cadfce-bbc1-11e8-b2bb-ac1f6b6435d0,7,7
47ccf002-bbad-11e8-b2ba-ac1f6b6435d0,25 7 1,1 7 25
47cd14ba-bba8-11e8-b2ba-ac1f6b6435d0,0 21,0 25
47ce6b92-bbc8-11e8-b2bc-ac1f6b6435d0,13 0,0 19 25
47d00d90-bbb8-11e8-b2ba-ac1f6b6435d0,25 7,7
47d37b70-bbc1-11e8-b2bb-ac1f6b6435d0,7,7
47d3d498-bb9f-11e8-b2b9-ac1f6b6435d0,0,0
47d58bec-bbb5-11e8-b2ba-ac1f6b6435d0,23,23
47d79180-bbba-11e8-b2ba-ac1f6b6435d0,23,23
47d849f4-bbc4-11e8-b2bc-ac1f6b6435d0,23,23
47d9105a-bb9c-11e8-b2b9-ac1f6b6435d0,7 0,0 7
47db16ce-bba2-11e8-b2b9-ac1f6b6435d0,7,7
47ddded0-bbb2-11e8-b2ba-ac1f6b6435d0,0,0
47e04bc2-bbba-11e8-b2ba-ac1f6b6435d0,26,26
47e29126-bbc8-11e8-b2bc-ac1f6b6435d0,5,5
47e2de0a-bba6-11e8-b2ba-ac1f6b6435d0,11,11
47e6a7dc-bbb1-11e8-b2ba-ac1f6b6435d0,21,21
47e6c324-bba3-11e8-b2b9-ac1f6b6435d0,2 0,2
47ebba84-bbb0-11e8-b2ba-ac1f6b6435d0,0,0
47eebbd8-bbb2-11e8-b2ba-ac1f6b6435d0,7,7
47ef285c-bbad-11e8-b2ba-ac1f6b6435d0,5,5
47f03d32-bbc6-11e8-b2bc-ac1f6b6435d0,25 0,0 25
47f4e74c-bba3-11e8-b2b9-ac1f6b6435d0,2 0,0 2
47f84096-bbb6-11e8-b2ba-ac1f6b6435d0,20,20
47f8736c-bba8-11e8-b2ba-ac1f6b6435d0,2,2
47feb6c6-bbaf-11e8-b2ba-ac1f6b6435d0,25 2,2 21
4804258a-bbbd-11e8-b2ba-ac1f6b6435d0,19,18
4807ea0e-bbad-11e8-b2ba-ac1f6b6435d0,23 1 0,1 23
480b3f3a-bbb5-11e8-b2ba-ac1f6b6435d0,26 25 0,21
4810fa72-bba3-11e8-b2b9-ac1f6b6435d0,0,0
48154430-bbb5-11e8-b2ba-ac1f6b6435d0,0 21,0 21
4819f1aa-bb9d-11e8-b2b9-ac1f6b6435d0,2,2 23
481a081a-bbb2-11e8-b2ba-ac1f6b6435d0,12 25,25
481a141e-bbc0-11e8-b2bb-ac1f6b6435d0,2,2
481a8bb2-bbb4-11e8-b2ba-ac1f6b6435d0,23,23 25
481b5fca-bba4-11e8-b2b9-ac1f6b6435d0,4,26
481c6b7c-bbb8-11e8-b2ba-ac1f6b6435d0,13,0 5 25
481e821c-bba0-11e8-b2b9-ac1f6b6435d0,14,14
48268d8a-bba1-11e8-b2b9-ac1f6b6435d0,22 0,0
482c93b8-bbc1-11e8-b2bb-ac1f6b6435d0,0,0 25
482edee0-bbba-11e8-b2ba-ac1f6b6435d0,7,7
483237ce-bbbb-11e8-b2ba-ac1f6b6435d0,14,5 14
4833624c-bbb2-11e8-b2ba-ac1f6b6435d0,5,0 25
48337dac-bbb4-11e8-b2ba-ac1f6b6435d0,18,18
4833e098-bbc4-11e8-b2bc-ac1f6b6435d0,0,0
4837e1e4-bbc8-11e8-b2bc-ac1f6b6435d0,13,6
4838ccde-bbab-11e8-b2ba-ac1f6b6435d0,25 1,5 25
483b72a4-bbb5-11e8-b2ba-ac1f6b6435d0,6,25
483cbc5e-bbc9-11e8-b2bc-ac1f6b6435d0,0,0
483d7c40-bbc7-11e8-b2bc-ac1f6b6435d0,7,7
48418d44-bbae-11e8-b2ba-ac1f6b6435d0,4,5
4841bf18-bbb7-11e8-b2ba-ac1f6b6435d0,25 0,5 25
48452ac2-bbc1-11e8-b2bb-ac1f6b6435d0,5 0,5
48456492-bbc1-11e8-b2bb-ac1f6b6435d0,0,0
48457914-bbb2-11e8-b2ba-ac1f6b6435d0,0 21,0 21
48473854-bbb6-11e8-b2ba-ac1f6b6435d0,16 0,0 16
48485f48-bbbd-11e8-b2ba-ac1f6b6435d0,7,7
48496604-bbae-11e8-b2ba-ac1f6b6435d0,14,14
484f9a8c-bbbe-11e8-b2ba-ac1f6b6435d0,25,6
4851037a-bba7-11e8-b2ba-ac1f6b6435d0,5 21,0 5 25
485a4372-bba7-11e8-b2ba-ac1f6b6435d0,25,20 26
485b74ee-bbbc-11e8-b2ba-ac1f6b6435d0,23 0,0
4861adde-bb9c-11e8-b2b9-ac1f6b6435d0,23,20 23
4862d834-bb9d-11e8-b2b9-ac1f6b6435d0,25 0,0 25
4868416e-bbc2-11e8-b2bb-ac1f6b6435d0,25 2 0,0 2 25
4869284a-bb9a-11e8-b2b9-ac1f6b6435d0,2 0,0 2
48697932-bba7-11e8-b2ba-ac1f6b6435d0,23 2,2 25
486a5f02-bba5-11e8-b2ba-ac1f6b6435d0,25,6 25
486ba826-bba0-11e8-b2b9-ac1f6b6435d0,23,23
486e9f2e-bb9e-11e8-b2b9-ac1f6b6435d0,19 0,0 19
4870f3ee-bb9b-11e8-b2b9-ac1f6b6435d0,24,24
487186dc-bba1-11e8-b2b9-ac1f6b6435d0,11,0 11
48723174-bbc7-11e8-b2bc-ac1f6b6435d0,4,4 5
4872b58e-bba1-11e8-b2b9-ac1f6b6435d0,0 21,0 25
48759e56-bba2-11e8-b2b9-ac1f6b6435d0,23,23
48759eb8-bbc2-11e8-b2bb-ac1f6b6435d0,0,0
4876bcc0-bbb4-11e8-b2ba-ac1f6b6435d0,1,1
4878993e-bbc6-11e8-b2bc-ac1f6b6435d0,23 0,0 23
487cdd18-bbb8-11e8-b2ba-ac1f6b6435d0,0,0
4882db02-bbb1-11e8-b2ba-ac1f6b6435d0,13,13
48854758-bbc9-11e8-b2bc-ac1f6b6435d0,19 25,19 25
4885c74e-bbb2-11e8-b2ba-ac1f6b6435d0,0,0 2
4889d452-bb9d-11e8-b2b9-ac1f6b6435d0,25,6 21 25
488b14da-bbc4-11e8-b2bc-ac1f6b6435d0,25 7 0,0 7 25
48941960-bba4-11e8-b2b9-ac1f6b6435d0,25 5,5 25
48959f3c-bbbe-11e8-b2ba-ac1f6b6435d0,25 21,19
4895fd4e-bba3-11e8-b2b9-ac1f6b6435d0,0,4
4896d680-bbc4-11e8-b2bc-ac1f6b6435d0,19,0 19
4898aab8-bba2-11e8-b2b9-ac1f6b6435d0,5 0,5
4898fe0a-bba2-11e8-b2b9-ac1f6b6435d0,23 0,23
48a1f2c2-bba6-11e8-b2ba-ac1f6b6435d0,12,12
48a66d9c-bba7-11e8-b2ba-ac1f6b6435d0,23 0,0 23
48a903c4-bbb9-11e8-b2ba-ac1f6b6435d0,16 0,0 25
48abb622-bbb0-11e8-b2ba-ac1f6b6435d0,2,2
48afdcce-bbac-11e8-b2ba-ac1f6b6435d0,25 0,0 25
48b0b84a-bb9f-11e8-b2b9-ac1f6b6435d0,12 25,12 25
48b20aa6-bbbd-11e8-b2ba-ac1f6b6435d0,1 2 0,1 2
48b26d62-bba3-11e8-b2b9-ac1f6b6435d0,25 5 3 0,3 25
48b32a42-bbb0-11e8-b2ba-ac1f6b6435d0,2,2
48b4220a-bbc7-11e8-b2bc-ac1f6b6435d0,25 0,0 25
48b5b68a-bb9d-11e8-b2b9-ac1f6b6435d0,23,23
48b8f29e-bbbd-11e8-b2ba-ac1f6b6435d0,0,0
48bbad32-bbbc-11e8-b2ba-ac1f6b6435d0,5,5
48bfaf38-bba1-11e8-b2b9-ac1f6b6435d0,6,6
48c3dae8-bba3-11e8-b2b9-ac1f6b6435d0,6,6
48c5ff4e-bb9e-11e8-b2b9-ac1f6b6435d0,14 3 0,0 3 14
48c6145e-bba6-11e8-b2ba-ac1f6b6435d0,18,18
48c6926e-bba4-11e8-b2b9-ac1f6b6435d0,0,0
48ce699a-bba3-11e8-b2b9-ac1f6b6435d0,4,4
48d054b4-bbab-11e8-b2ba-ac1f6b6435d0,25 18,25
48d1197c-bbb4-11e8-b2ba-ac1f6b6435d0,25 5 0,5 25
48d1a41a-bb9a-11e8-b2b9-ac1f6b6435d0,23 2,2 23
48d6b18e-bba0-11e8-b2b9-ac1f6b6435d0,25 3 0,0 3
48d6cc30-bbc0-11e8-b2bb-ac1f6b6435d0,21,21 22
48d760d4-bbbe-11e8-b2ba-ac1f6b6435d0,18,18
48db8ffe-bbbb-11e8-b2ba-ac1f6b6435d0,5,5
48dc3a10-bba9-11e8-b2ba-ac1f6b6435d0,5,5
48de5494-bbb3-11e8-b2ba-ac1f6b6435d0,3 0,0 3
48df1d2c-bbb6-11e8-b2ba-ac1f6b6435d0,25 21,25
48e06504-bbbd-11e8-b2ba-ac1f6b6435d0,2 0,0 2
48e247ac-bb9a-11e8-b2b9-ac1f6b6435d0,3,21
48e42aa6-bbc5-11e8-b2bc-ac1f6b6435d0,0 21,0 21
48e93428-bbc6-11e8-b2bc-ac1f6b6435d0,21,21
48e9f518-bbbf-11e8-b2ba-ac1f6b6435d0,3,3
48ea5180-bbb9-11e8-b2ba-ac1f6b6435d0,0,0
48ec4a3c-bbb7-11e8-b2ba-ac1f6b6435d0,25,25
48ed4f46-bbb1-11e8-b2ba-ac1f6b6435d0,11 1,1 11
48f00230-bba8-11e8-b2ba-ac1f6b6435d0,21,21
48f10fb4-bba2-11e8-b2b9-ac1f6b6435d0,0 21,0 21
48f30874-bba6-11e8-b2ba-ac1f6b6435d0,3,0 3
48f43682-bbb4-11e8-b2ba-ac1f6b6435d0,24 25 0,0
48f73fa2-bbc4-11e8-b2bc-ac1f6b6435d0,6,6
48fbf434-bba1-11e8-b2b9-ac1f6b6435d0,11,25
48fca91e-bb9d-11e8-b2b9-ac1f6b6435d0,25,25
48ff51c0-bba0-11e8-b2b9-ac1f6b6435d0,18 4,4 19
49012c9e-bb9f-11e8-b2b9-ac1f6b6435d0,0,0 25
4902e9fe-bbbc-11e8-b2ba-ac1f6b6435d0,25 0,0 21 25
4904554c-bbac-11e8-b2ba-ac1f6b6435d0,0,0
4905e22a-bbc7-11e8-b2bc-ac1f6b6435d0,11,11 25
49063694-bb9a-11e8-b2b9-ac1f6b6435d0,5,0 5
4906ef5c-bbaa-11e8-b2ba-ac1f6b6435d0,23,25
4907f3d0-bba9-11e8-b2ba-ac1f6b6435d0,7 0,0
490927e4-bb9c-11e8-b2b9-ac1f6b6435d0,11,11
490b2a28-bbc7-11e8-b2bc-ac1f6b6435d0,25,21 25
490c282e-bbae-11e8-b2ba-ac1f6b6435d0,25 0,0 25
49209aa2-bbb8-11e8-b2ba-ac1f6b6435d0,25 4,4 25
49238bfc-bbb0-11e8-b2ba-ac1f6b6435d0,7 0,0 7
4923db98-bba1-11e8-b2b9-ac1f6b6435d0,0,0 25
4926c97a-bba6-11e8-b2ba-ac1f6b6435d0,16 25,14 16
4928d2d6-bbc6-11e8-b2bc-ac1f6b6435d0,2 0,0 2
492984e4-bbb5-11e8-b2ba-ac1f6b6435d0,7 0,0 7
492a1c3a-bbc2-11e8-b2bb-ac1f6b6435d0,19 2 0,0 2
492c0c12-bbad-11e8-b2ba-ac1f6b6435d0,5,5
492f6646-bba8-11e8-b2ba-ac1f6b6435d0,1 0,0 1
49314de0-bb9d-11e8-b2b9-ac1f6b6435d0,3 0,0 3
493155de-bba1-11e8-b2b9-ac1f6b6435d0,21,21 22
493258e0-bbb4-11e8-b2ba-ac1f6b6435d0,19 0,0 16 19
49340408-bba8-11e8-b2ba-ac1f6b6435d0,11,11
49343366-bbac-11e8-b2ba-ac1f6b6435d0,7 0,2
49366c04-bbb0-11e8-b2ba-ac1f6b6435d0,0,0
49368dee-bbbd-11e8-b2ba-ac1f6b6435d0,4,4
49384378-bb9f-11e8-b2b9-ac1f6b6435d0,6,6
4938cd76-bba8-11e8-b2ba-ac1f6b6435d0,14,14
493ac8b6-bba2-11e8-b2b9-ac1f6b6435d0,12,12
493b28c6-bbc8-11e8-b2bc-ac1f6b6435d0,3,3
493c0b7c-bbbb-11e8-b2ba-ac1f6b6435d0,4,4
493cd4dc-bbaa-11e8-b2ba-ac1f6b6435d0,0 21,0 21
493fa210-bbab-11e8-b2ba-ac1f6b6435d0,5,0
49462406-bba0-11e8-b2b9-ac1f6b6435d0,5,5
49486c92-bbc4-11e8-b2bc-ac1f6b6435d0,7 4,0 7
4949d912-bbb3-11e8-b2ba-ac1f6b6435d0,2,2
494acfb4-bbc9-11e8-b2bc-ac1f6b6435d0,25 0,0 25
494ff038-bbca-11e8-b2bc-ac1f6b6435d0,0,0
4950058e-bba5-11e8-b2ba-ac1f6b6435d0,2 0,0
49512772-bbbc-11e8-b2ba-ac1f6b6435d0,3,0 2
4955f24c-bb9f-11e8-b2b9-ac1f6b6435d0,0,0 21
49581564-bb9e-11e8-b2b9-ac1f6b6435d0,19 25,19 25
495a53f4-bbbe-11e8-b2ba-ac1f6b6435d0,2 0,0 2
495d2922-bba4-11e8-b2b9-ac1f6b6435d0,23,7
495df670-bbc4-11e8-b2bc-ac1f6b6435d0,25 4,4
49600130-bbc0-11e8-b2bb-ac1f6b6435d0,4 0,4
4960cb9c-bbc0-11e8-b2bb-ac1f6b6435d0,2 0,0 2
49617f7c-bba4-11e8-b2b9-ac1f6b6435d0,19 25 0,0 25
4964c0b2-bbca-11e8-b2bc-ac1f6b6435d0,25 7 2,2 7 25
49651152-bba2-11e8-b2b9-ac1f6b6435d0,21,0 25
49673430-bbc2-11e8-b2bb-ac1f6b6435d0,2 0,0 2
496b3abc-bbc7-11e8-b2bc-ac1f6b6435d0,0,0
496e9be4-bbb8-11e8-b2ba-ac1f6b6435d0,4,4
496f8e30-bbab-11e8-b2ba-ac1f6b6435d0,19 17,19
49731fc8-bba1-11e8-b2b9-ac1f6b6435d0,25 5,0 25
497468be-bbac-11e8-b2ba-ac1f6b6435d0,25 4 0,4 25
4976926c-bba0-11e8-b2b9-ac1f6b6435d0,25 0,0 25
49774c50-bbc5-11e8-b2bc-ac1f6b6435d0,2,2
4978f2c2-bbc9-11e8-b2bc-ac1f6b6435d0,13,13
497d4050-bbbc-11e8-b2ba-ac1f6b6435d0,25 20,25
49826c5c-bbb6-11e8-b2ba-ac1f6b6435d0,7,7
4985cf64-bbc0-11e8-b2bb-ac1f6b6435d0,20 0,0
49886f9a-bbc4-11e8-b2bc-ac1f6b6435d0,21,21 25
4988f6be-bbb4-11e8-b2ba-ac1f6b6435d0,2 0,0 2
4989e848-bb9c-11e8-b2b9-ac1f6b6435d0,11,11 25
498b89b2-bbb2-11e8-b2ba-ac1f6b6435d0,25 0,0 25
498c0acc-bbb7-11e8-b2ba-ac1f6b6435d0,7,0 7
498ca71a-bba9-11e8-b2ba-ac1f6b6435d0,20 2 0,0 20
498d5ea2-bba5-11e8-b2ba-ac1f6b6435d0,3,3
498fcbce-bbaf-11e8-b2ba-ac1f6b6435d0,2,2
49957cd4-bb9d-11e8-b2b9-ac1f6b6435d0,25 0,0 21 25
499a1028-bba2-11e8-b2b9-ac1f6b6435d0,25 13,13 21
499c54fc-bbc3-11e8-b2bc-ac1f6b6435d0,7 0,0 7
49a30592-bb9e-11e8-b2b9-ac1f6b6435d0,5,5
49a445fa-bbc7-11e8-b2bc-ac1f6b6435d0,25 2 0,0 2 11 25
49a48ee4-bbad-11e8-b2ba-ac1f6b6435d0,23 0,0 23
49a574c8-bba6-11e8-b2ba-ac1f6b6435d0,25,6 25
49a761fa-bbb7-11e8-b2ba-ac1f6b6435d0,0,0
49ae65c8-bbac-11e8-b2ba-ac1f6b6435d0,25 7,0
49b27afe-bbb2-11e8-b2ba-ac1f6b6435d0,2,2
49b7492e-bba5-11e8-b2ba-ac1f6b6435d0,14,14
49c03c8c-bbc8-11e8-b2bc-ac1f6b6435d0,23,23
49c0c998-bbb6-11e8-b2ba-ac1f6b6435d0,25,21
49c818e6-bbc6-11e8-b2bc-ac1f6b6435d0,5,5
49c9f9f2-bbaa-11e8-b2ba-ac1f6b6435d0,25 21,14 25
49cea0ac-bbbd-11e8-b2ba-ac1f6b6435d0,23,21 23
49d1121c-bba7-11e8-b2ba-ac1f6b6435d0,6,6 25
49d4105e-bba0-11e8-b2b9-ac1f6b6435d0,0,0
49d4aa8a-bbb6-11e8-b2ba-ac1f6b6435d0,11 0,0
49d6346a-bbaa-11e8-b2ba-ac1f6b6435d0,0 21,0 25
49dab8d8-bbbd-11e8-b2ba-ac1f6b6435d0,25,25
49db0f50-bba3-11e8-b2b9-ac1f6b6435d0,25 0,0 22 25
49db374e-bbbe-11e8-b2ba-ac1f6b6435d0,2 0,0 2
49dce35e-bbb0-11e8-b2ba-ac1f6b6435d0,3,3 25
49de73de-bbbc-11e8-b2ba-ac1f6b6435d0,2,2
49df0dda-bbbc-11e8-b2ba-ac1f6b6435d0,12 4,0 12
49dfd9f6-bbc9-11e8-b2bc-ac1f6b6435d0,19 0,0 19
49e1e718-bbbb-11e8-b2ba-ac1f6b6435d0,25 1,0 1 21
49e1ffa4-bba8-11e8-b2ba-ac1f6b6435d0,21,21 25
49e22d88-bb9b-11e8-b2b9-ac1f6b6435d0,5 0,0 5
49eaec0c-bbbe-11e8-b2ba-ac1f6b6435d0,25 4,4 7
49eb0010-bbab-11e8-b2ba-ac1f6b6435d0,14,14
49ebb02e-bb9b-11e8-b2b9-ac1f6b6435d0,25 0,0 25
49ebe880-bbbb-11e8-b2ba-ac1f6b6435d0,1 0,25
49ed2c0c-bba9-11e8-b2ba-ac1f6b6435d0,3 0,3
49f00074-bb9c-11e8-b2b9-ac1f6b6435d0,4,0 5 25
49f2d902-bbb0-11e8-b2ba-ac1f6b6435d0,3,5
49f4f7f4-bba7-11e8-b2ba-ac1f6b6435d0,23,23
49f80448-bbb7-11e8-b2ba-ac1f6b6435d0,0 21,0 21
49fd132c-bbba-11e8-b2ba-ac1f6b6435d0,23 0,4 23
49fe29f8-bbb3-11e8-b2ba-ac1f6b6435d0,25 0,0 21 25
4a003f3a-bbaa-11e8-b2ba-ac1f6b6435d0,25 2 0,0 2
4a007ba6-bbb6-11e8-b2ba-ac1f6b6435d0,11,11 25
4a03b5a6-bba6-11e8-b2ba-ac1f6b6435d0,7,7
4a047482-bbbf-11e8-b2ba-ac1f6b6435d0,2,2
4a04c730-bbb4-11e8-b2ba-ac1f6b6435d0,0 21,0 21 25
4a0635bc-bbb3-11e8-b2ba-ac1f6b6435d0,14 0,0 14
4a08a372-bbbf-11e8-b2ba-ac1f6b6435d0,22 0,0 22
4a09108a-bba3-11e8-b2b9-ac1f6b6435d0,6 1,1 21 25
4a094552-bbb5-11e8-b2ba-ac1f6b6435d0,1,1
4a0adba6-bbbf-11e8-b2ba-ac1f6b6435d0,1 0 21,21
4a0b1306-bba0-11e8-b2b9-ac1f6b6435d0,2 21,2 21
4a0c5526-bbc4-11e8-b2bc-ac1f6b6435d0,2 0,0 2
4a0ceac8-bbc8-11e8-b2bc-ac1f6b6435d0,25 0 21,0 21 25
4a0dd392-bbba-11e8-b2ba-ac1f6b6435d0,18,18
4a1315ae-bba7-11e8-b2ba-ac1f6b6435d0,25 7 0,12 25
4a16bb46-bbac-11e8-b2ba-ac1f6b6435d0,5,25
4a16fbe6-bbc1-11e8-b2bb-ac1f6b6435d0,0,0
4a172308-bbbe-11e8-b2ba-ac1f6b6435d0,5,5
4a20eade-bbbc-11e8-b2ba-ac1f6b6435d0,11,11
4a20f6e8-bbbf-11e8-b2ba-ac1f6b6435d0,4,4
4a23be66-bba9-11e8-b2ba-ac1f6b6435d0,0 21,0 21
4a24d514-bbca-11e8-b2bc-ac1f6b6435d0,0,0
4a2519ee-bba1-11e8-b2b9-ac1f6b6435d0,4,4
4a28e4f6-bbca-11e8-b2bc-ac1f6b6435d0,7,23
4a2b4d44-bbc6-11e8-b2bc-ac1f6b6435d0,4 0,0
4a2c88e4-bba8-11e8-b2ba-ac1f6b6435d0,23,23
4a2da23c-bb9f-11e8-b2b9-ac1f6b6435d0,23,7
4a2fcac4-bbb5-11e8-b2ba-ac1f6b6435d0,13,13
4a32cfea-bbc3-11e8-b2bc-ac1f6b6435d0,1 0,0 1
4a32eafa-bba2-11e8-b2b9-ac1f6b6435d0,23,25
4a350aac-bbc4-11e8-b2bc-ac1f6b6435d0,5 0 21,0 21 25
4a364eb4-bbae-11e8-b2ba-ac1f6b6435d0,19 0,25
4a3704de-bbc8-11e8-b2bc-ac1f6b6435d0,0,0 23
4a376560-bbb3-11e8-b2ba-ac1f6b6435d0,25 6 2,2 6 25
4a3c5628-bbbe-11e8-b2ba-ac1f6b6435d0,4,4 11
4a3d2ae4-bbb9-11e8-b2ba-ac1f6b6435d0,19 25,19
4a3ddf10-bbbf-11e8-b2ba-ac1f6b6435d0,7,7
4a3ea2c0-bbaa-11e8-b2ba-ac1f6b6435d0,22 2 0,0 2 22
4a3f1284-bbad-11e8-b2ba-ac1f6b6435d0,2 0,0
4a3f771e-bbc2-11e8-b2bb-ac1f6b6435d0,25,25
4a402484-bbb8-11e8-b2ba-ac1f6b6435d0,25 0,4
4a428856-bb9e-11e8-b2b9-ac1f6b6435d0,25 4,4 5
4a434802-bbc8-11e8-b2bc-ac1f6b6435d0,24 21,21 24
4a44aa42-bbca-11e8-b2bc-ac1f6b6435d0,0,0
4a44eb42-bbb6-11e8-b2ba-ac1f6b6435d0,25 0,25
4a46bd22-bb9e-11e8-b2b9-ac1f6b6435d0,25,25
4a47c466-bbac-11e8-b2ba-ac1f6b6435d0,2 0,0 2
4a47f726-bbb9-11e8-b2ba-ac1f6b6435d0,14,14
4a498974-bb9b-11e8-b2b9-ac1f6b6435d0,16 0,0 16
4a4c2e58-bbba-11e8-b2ba-ac1f6b6435d0,14 2,2 14
4a4dabf8-bbb4-11e8-b2ba-ac1f6b6435d0,19 0,0 18 19
4a5405d0-bba9-11e8-b2ba-ac1f6b6435d0,25 4,4
4a542b18-bb9b-11e8-b2b9-ac1f6b6435d0,11 0,0 11
4a5614c8-bbb4-11e8-b2ba-ac1f6b6435d0,5 0,0
4a594dbc-bbca-11e8-b2bc-ac1f6b6435d0,19,0
4a61ffd4-bbac-11e8-b2ba-ac1f6b6435d0,19 17 2,2 25
4a651918-bb9c-11e8-b2b9-ac1f6b6435d0,7 0,0 7
4a65b886-bba2-11e8-b2b9-ac1f6b6435d0,25 23,25
4a6b08b6-bb9a-11e8-b2b9-ac1f6b6435d0,0,25
4a6fa716-bba1-11e8-b2b9-ac1f6b6435d0,23 2,2 23
4a6fb520-bba2-11e8-b2b9-ac1f6b6435d0,25 4,4
4a726f96-bbbf-11e8-b2ba-ac1f6b6435d0,5,5
4a73105a-bbb9-11e8-b2ba-ac1f6b6435d0,21,21
4a7726c0-bbac-11e8-b2ba-ac1f6b6435d0,2,0 2
4a788318-bba6-11e8-b2ba-ac1f6b6435d0,7 2,0 2 7 25
4a796798-bbbe-11e8-b2ba-ac1f6b6435d0,5,5
4a7fab4e-bbb9-11e8-b2ba-ac1f6b6435d0,19 0,0
4a82135e-bba8-11e8-b2ba-ac1f6b6435d0,21,21
4a8339c8-bbb7-11e8-b2ba-ac1f6b6435d0,2,2
4a83d5cc-bbb2-11e8-b2ba-ac1f6b6435d0,5 21,0 21
4a84c7be-bbc3-11e8-b2bc-ac1f6b6435d0,25 0,0 25
4a8a29da-bb9a-11e8-b2b9-ac1f6b6435d0,25 0,0 11
4a8adf82-bba5-11e8-b2ba-ac1f6b6435d0,6 23,6 23
4a8b0944-bbbe-11e8-b2ba-ac1f6b6435d0,7 2 0,0 2 7
4a8f1388-bbb2-11e8-b2ba-ac1f6b6435d0,25 2,2 25
4a8f5c06-bba5-11e8-b2ba-ac1f6b6435d0,7 2 0,0 2 7
4a91ce32-bbb9-11e8-b2ba-ac1f6b6435d0,25 4,4 25
4a93eabc-bbc5-11e8-b2bc-ac1f6b6435d0,25,25 26
4a9d41a6-bbb2-11e8-b2ba-ac1f6b6435d0,4,4
4a9d5e88-bbc7-11e8-b2bc-ac1f6b6435d0,2 0,0 2
4a9e3a48-bbc1-11e8-b2bb-ac1f6b6435d0,24,20 24
4aa46e7c-bbb7-11e8-b2ba-ac1f6b6435d0,11,0
4aa4d84c-bba0-11e8-b2b9-ac1f6b6435d0,25 21,21 25
4aa4fe88-bbbb-11e8-b2ba-ac1f6b6435d0,25 21,13 25
4aa95198-bbb8-11e8-b2ba-ac1f6b6435d0,11 2,2 11
4aab3c4e-bbca-11e8-b2bc-ac1f6b6435d0,25 0,0
4aaf71cc-bba4-11e8-b2b9-ac1f6b6435d0,18,18
4ab1c39c-bbc1-11e8-b2bb-ac1f6b6435d0,7,7
4ab30bba-bbbe-11e8-b2ba-ac1f6b6435d0,25 0,0 25
4ab4f494-bba4-11e8-b2b9-ac1f6b6435d0,0,1
4ab6f9a8-bb9d-11e8-b2b9-ac1f6b6435d0,6 7,7 25
4abdafd0-bba4-11e8-b2b9-ac1f6b6435d0,2 0,0 2
4ac1112c-bbb1-11e8-b2ba-ac1f6b6435d0,0,26
4ac3336c-bba2-11e8-b2b9-ac1f6b6435d0,3,2 3
4ac40a7a-bba3-11e8-b2b9-ac1f6b6435d0,5,5
4ac7472e-bba5-11e8-b2ba-ac1f6b6435d0,25 2 0,2 25
4ac75794-bb9d-11e8-b2b9-ac1f6b6435d0,7 0,0 7 23
4ac80668-bbab-11e8-b2ba-ac1f6b6435d0,25 2 0,0 7 25
4acacbd0-bbad-11e8-b2ba-ac1f6b6435d0,23,23
4acdf116-bb9e-11e8-b2b9-ac1f6b6435d0,0,0
4ace0da2-bba0-11e8-b2b9-ac1f6b6435d0,21,25
4ad4bdc6-bbc0-11e8-b2bb-ac1f6b6435d0,1,1 25
4ad4e0e4-bbc0-11e8-b2bb-ac1f6b6435d0,23 0,0 23
4ad726bc-bbb9-11e8-b2ba-ac1f6b6435d0,2 0,0
4ad846c4-bba4-11e8-b2b9-ac1f6b6435d0,4 2,4
4adc77da-bbc2-11e8-b2bb-ac1f6b6435d0,25,0
4adece54-bbae-11e8-b2ba-ac1f6b6435d0,25 11 2 0,0 2 25
4ae1efde-bbb4-11e8-b2ba-ac1f6b6435d0,25 0,0 25
4ae2daba-bbc4-11e8-b2bc-ac1f6b6435d0,7 0,0 7
4ae458cc-bbc4-11e8-b2bc-ac1f6b6435d0,0,0 1
4ae6987c-bbb9-11e8-b2ba-ac1f6b6435d0,25 0,0 25
4ae9f040-bba4-11e8-b2b9-ac1f6b6435d0,25,25
4aea96f8-bbbd-11e8-b2ba-ac1f6b6435d0,5,0 5
4aeb0fd6-bbc5-11e8-b2bc-ac1f6b6435d0,4,4
4aee2c0a-bba9-11e8-b2ba-ac1f6b6435d0,25 0,0
4aeec0c6-bba3-11e8-b2b9-ac1f6b6435d0,14 2,2 14
4aef261c-bbb5-11e8-b2ba-ac1f6b6435d0,2,0 2
4af12632-bbac-11e8-b2ba-ac1f6b6435d0,23,23
4af265e8-bbbf-11e8-b2ba-ac1f6b6435d0,6 0,0 6
4af6d956-bbca-11e8-b2bc-ac1f6b6435d0,21,21
4af8175a-bba5-11e8-b2ba-ac1f6b6435d0,2 0,0 2
4afc5c48-bbbe-11e8-b2ba-ac1f6b6435d0,6,6
4afe71c2-bbaa-11e8-b2ba-ac1f6b6435d0,22,0 25
4b00d8de-bbb6-11e8-b2ba-ac1f6b6435d0,25 18 0,0 18 19 25
4b072100-bbaf-11e8-b2ba-ac1f6b6435d0,25 0,0
4b0b6d16-bbb7-11e8-b2ba-ac1f6b6435d0,25 0,0 25
4b0bdbb0-bba9-11e8-b2ba-ac1f6b6435d0,25 4,5 25
4b0d7acc-bbb5-11e8-b2ba-ac1f6b6435d0,7,7
4b0e4648-bbc2-11e8-b2bb-ac1f6b6435d0,5 0,0 5
4b0fe352-bbbf-11e8-b2ba-ac1f6b6435d0,23,0 23
4b1164e4-bbaf-11e8-b2ba-ac1f6b6435d0,2,2
4b120c9e-bbb1-11e8-b2ba-ac1f6b6435d0,25,23 25
4b1331f8-bba4-11e8-b2b9-ac1f6b6435d0,25 23,23 25
4b153af0-bbc4-11e8-b2bc-ac1f6b6435d0,0,0
4b179d38-bb9a-11e8-b2b9-ac1f6b6435d0,7,0 23 25
4b1a3130-bbb6-11e8-b2ba-ac1f6b6435d0,0,0 19
4b1aa872-bbac-11e8-b2ba-ac1f6b6435d0,23,23
4b1d8c40-bba2-11e8-b2b9-ac1f6b6435d0,2,0 2
4b1eeece-bb9c-11e8-b2b9-ac1f6b6435d0,7,0 7
4b1f01c6-bbaf-11e8-b2ba-ac1f6b6435d0,21,21
4b2064de-bbb5-11e8-b2ba-ac1f6b6435d0,18 0,0 19
4b220010-bbaa-11e8-b2ba-ac1f6b6435d0,25,25
4b257ef0-bbca-11e8-b2bc-ac1f6b6435d0,3 0,0 2 3
4b288608-bb9e-11e8-b2b9-ac1f6b6435d0,5,5
4b2886e8-bbae-11e8-b2ba-ac1f6b6435d0,25,5 25
4b28a87c-bbad-11e8-b2ba-ac1f6b6435d0,25 2,2 21 25
4b28c6f4-bb9e-11e8-b2b9-ac1f6b6435d0,1 2,0 1 2
4b2be42e-bbc6-11e8-b2bc-ac1f6b6435d0,7,7
4b2c4e76-bbaf-11e8-b2ba-ac1f6b6435d0,0 21,0 21 22
4b3202bc-bb9b-11e8-b2b9-ac1f6b6435d0,3,3
4b34d272-bb9f-11e8-b2b9-ac1f6b6435d0,0,0
4b3521e4-bb9c-11e8-b2b9-ac1f6b6435d0,25 5,5 25
4b35b9a8-bb9f-11e8-b2b9-ac1f6b6435d0,4,4
4b37db46-bbb0-11e8-b2ba-ac1f6b6435d0,25 7 0,7 25
4b38ef28-bb9b-11e8-b2b9-ac1f6b6435d0,18 0,0
4b3a7030-bb9d-11e8-b2b9-ac1f6b6435d0,25 23 0,23 25
4b3b05c0-bbae-11e8-b2ba-ac1f6b6435d0,22 0,0 21
4b3c7612-bb9a-11e8-b2b9-ac1f6b6435d0,19,19
4b3df398-bbb3-11e8-b2ba-ac1f6b6435d0,6,6
4b3e241c-bbb8-11e8-b2ba-ac1f6b6435d0,25,23
4b47158e-bbc9-11e8-b2bc-ac1f6b6435d0,18,18
4b479366-bbaa-11e8-b2ba-ac1f6b6435d0,0,0 16
4b47e40a-bbc4-11e8-b2bc-ac1f6b6435d0,21,21
4b47e610-bba8-11e8-b2ba-ac1f6b6435d0,20,20
4b4acdc6-bba8-11e8-b2ba-ac1f6b6435d0,5,5
4b4be292-bbad-11e8-b2ba-ac1f6b6435d0,25 21,21 25
4b4caad2-bbbd-11e8-b2ba-ac1f6b6435d0,19,25
4b4d6ba8-bbb2-11e8-b2ba-ac1f6b6435d0,24 25,25
4b4fd632-bbc5-11e8-b2bc-ac1f6b6435d0,1,1
4b55237c-bbbf-11e8-b2ba-ac1f6b6435d0,0 21,0 21
4b57c11c-bba7-11e8-b2ba-ac1f6b6435d0,14 0,0 14
4b59f564-bbc4-11e8-b2bc-ac1f6b6435d0,2 0,0 2
4b5ac6e6-bba7-11e8-b2ba-ac1f6b6435d0,25 18 0,17 18
4b5d441e-bbb8-11e8-b2ba-ac1f6b6435d0,5,5
4b5df18a-bbc6-11e8-b2bc-ac1f6b6435d0,0,0
4b609016-bbb2-11e8-b2ba-ac1f6b6435d0,7 5,0 5
4b616a0c-bbaf-11e8-b2ba-ac1f6b6435d0,25 18 17,16 17 18 25
4b6489ba-bbca-11e8-b2bc-ac1f6b6435d0,23,23
4b650e3c-bba0-11e8-b2b9-ac1f6b6435d0,0,0
4b6600dc-bba8-11e8-b2ba-ac1f6b6435d0,21,21
4b67eecc-bb9b-11e8-b2b9-ac1f6b6435d0,25,23 25
4b69d45e-bbc7-11e8-b2bc-ac1f6b6435d0,25 5,0 25
4b6a6396-bbc8-11e8-b2bc-ac1f6b6435d0,5,5
4b6a7c06-bbbd-11e8-b2ba-ac1f6b6435d0,25 2,2
4b747c22-bbb5-11e8-b2ba-ac1f6b6435d0,7 3,2 7
4b74ea96-bbc8-11e8-b2bc-ac1f6b6435d0,7,7
4b762f74-bbc7-11e8-b2bc-ac1f6b6435d0,22 0,0 22
4b7646fe-bbc1-11e8-b2bb-ac1f6b6435d0,2 0,0
4b765cae-bbb5-11e8-b2ba-ac1f6b6435d0,11,11
4b785a14-bbc8-11e8-b2bc-ac1f6b6435d0,23,2 23
4b79f574-bbb2-11e8-b2ba-ac1f6b6435d0,25,12 25
4b7bf75e-bbb5-11e8-b2ba-ac1f6b6435d0,6 0,0 7
4b7e6a72-bbc2-11e8-b2bb-ac1f6b6435d0,2,0 2
4b822f9c-bba2-11e8-b2b9-ac1f6b6435d0,25 5 0,5 25
4b83b9ec-bbc1-11e8-b2bb-ac1f6b6435d0,11,11
4b853196-bba3-11e8-b2b9-ac1f6b6435d0,3,3
4b864004-bbc6-11e8-b2bc-ac1f6b6435d0,22 0,0 22
4b87bb9c-bbc0-11e8-b2bb-ac1f6b6435d0,4,4 25
4b882218-bbb5-11e8-b2ba-ac1f6b6435d0,0,0 4
4b8876d6-bba7-11e8-b2ba-ac1f6b6435d0,12,0
4b8a53d0-bbbf-11e8-b2ba-ac1f6b6435d0,19 0,0 19
4b8d379c-bba3-11e8-b2b9-ac1f6b6435d0,14,14
4b8edfd2-bb9b-11e8-b2b9-ac1f6b6435d0,25,25
4b900930-bb9a-11e8-b2b9-ac1f6b6435d0,25 21,21
4b981c12-bbca-11e8-b2bc-ac1f6b6435d0,3 0,0 3
4b998b4c-bba7-11e8-b2ba-ac1f6b6435d0,19 0,0 19
4b9b1f3a-bbc9-11e8-b2bc-ac1f6b6435d0,3 0,0 3
4b9cd52a-bb9a-11e8-b2b9-ac1f6b6435d0,0,0 5
4ba0ecb6-bba7-11e8-b2ba-ac1f6b6435d0,19 25 0,19
4ba553c4-bbbf-11e8-b2ba-ac1f6b6435d0,7 0,25
4ba6efae-bbb0-11e8-b2ba-ac1f6b6435d0,2 0,0 2
4ba90c9c-bbb7-11e8-b2ba-ac1f6b6435d0,25 0,0 18
4ba92ef2-bbb2-11e8-b2ba-ac1f6b6435d0,25 0,0 25
4bab9b58-bbc4-11e8-b2bc-ac1f6b6435d0,11,11
4bae61f0-bbae-11e8-b2ba-ac1f6b6435d0,25 7 0,7 25
4bb198e8-bbae-11e8-b2ba-ac1f6b6435d0,19,24
4bb2465c-bb9b-11e8-b2b9-ac1f6b6435d0,18 0,0 18 25
4bb66d0c-bbbb-11e8-b2ba-ac1f6b6435d0,0,0
4bb90d4a-bba3-11e8-b2b9-ac1f6b6435d0,7 2,2 7 24
4bbb99ae-bbab-11e8-b2ba-ac1f6b6435d0,7 0,0 7
4bc12620-bbb6-11e8-b2ba-ac1f6b6435d0,5,5
4bc2064e-bbb1-11e8-b2ba-ac1f6b6435d0,12,12
4bc6eae4-bbc8-11e8-b2bc-ac1f6b6435d0,19 0,0 19
4bc806dc-bbc7-11e8-b2bc-ac1f6b6435d0,5,5
4bcad094-bbb1-11e8-b2ba-ac1f6b6435d0,0,0 21
4bccb844-bbae-11e8-b2ba-ac1f6b6435d0,25 1,1 25
4bcdc3f2-bbb2-11e8-b2ba-ac1f6b6435d0,26,12
4bcf3b62-bbba-11e8-b2ba-ac1f6b6435d0,19 0 21,0 21
4bcfc622-bbba-11e8-b2ba-ac1f6b6435d0,23 4,4
4bd07378-bbc5-11e8-b2bc-ac1f6b6435d0,25 0,0 25
4bd0e716-bbb3-11e8-b2ba-ac1f6b6435d0,25,25
4bd1027c-bbb9-11e8-b2ba-ac1f6b6435d0,1 0,0 1
4bd31c44-bb9e-11e8-b2b9-ac1f6b6435d0,19 5,0 19
4bd3ef8c-bba0-11e8-b2b9-ac1f6b6435d0,1 4 2 0,0
4bd692c8-bbc8-11e8-b2bc-ac1f6b6435d0,0,0
4bd8fa58-bbc4-11e8-b2bc-ac1f6b6435d0,0 21,0 21
4bd90320-bbbc-11e8-b2ba-ac1f6b6435d0,5 0,0 25
4bda9220-bbae-11e8-b2ba-ac1f6b6435d0,0 21,4 21
4bdc2b0e-bbc6-11e8-b2bc-ac1f6b6435d0,25 0 21,0 25
4bddbc1c-bbb2-11e8-b2ba-ac1f6b6435d0,12 2 0,2 12 25
4be21560-bbb6-11e8-b2ba-ac1f6b6435d0,0,0 25
4be330f0-bbb9-11e8-b2ba-ac1f6b6435d0,0 21,0 22
4be4b382-bbc6-11e8-b2bc-ac1f6b6435d0,20,20
4be5cc10-bba1-11e8-b2b9-ac1f6b6435d0,4,4
4beb60d8-bbb2-11e8-b2ba-ac1f6b6435d0,6 11 0,0 1 25
4bec8f4e-bbbc-11e8-b2ba-ac1f6b6435d0,3 0,3
4bed002e-bb9d-11e8-b2b9-ac1f6b6435d0,7,7
4bedd634-bba2-11e8-b2b9-ac1f6b6435d0,26 0,0 25 26
4befec0a-bbc3-11e8-b2bc-ac1f6b6435d0,11 0,0 11
4bf19fa2-bbad-11e8-b2ba-ac1f6b6435d0,1,1
4bf2d050-bbaa-11e8-b2ba-ac1f6b6435d0,0,0
4bf4bc36-bbbd-11e8-b2ba-ac1f6b6435d0,25 5,5 25
4bf930de-bbb0-11e8-b2ba-ac1f6b6435d0,23 1,1 23
4bf9801a-bb9d-11e8-b2b9-ac1f6b6435d0,23,23
4c01a7a4-bbb1-11e8-b2ba-ac1f6b6435d0,19 11 0,0 19
4c01ddcc-bba8-11e8-b2ba-ac1f6b6435d0,3 0,0 3
4c03222c-bb9e-11e8-b2b9-ac1f6b6435d0,0 21,0 21
4c034b40-bbb1-11e8-b2ba-ac1f6b6435d0,7,7
4c03762e-bb9d-11e8-b2b9-ac1f6b6435d0,19 4,0 19
4c05ecfa-bbbc-11e8-b2ba-ac1f6b6435d0,2 0,0 2
4c07eb1e-bba7-11e8-b2ba-ac1f6b6435d0,24 18,18 24
4c099748-bbb1-11e8-b2ba-ac1f6b6435d0,14,0 14
4c0bbb10-bba0-11e8-b2b9-ac1f6b6435d0,5,4 25
4c0c04c6-bbaf-11e8-b2ba-ac1f6b6435d0,2,2
4c0c2348-bb9b-11e8-b2b9-ac1f6b6435d0,19 23,23
4c0c6f96-bbab-11e8-b2ba-ac1f6b6435d0,25 6,6 25
4c0d58c4-bbca-11e8-b2bc-ac1f6b6435d0,19 25,19
4c0e3ef0-bbb7-11e8-b2ba-ac1f6b6435d0,25 2 0,0 2 21
4c0f3a02-bbb8-11e8-b2ba-ac1f6b6435d0,0,0
4c147a4c-bbc9-11e8-b2bc-ac1f6b6435d0,25 18,18 25
4c161af2-bbb3-11e8-b2ba-ac1f6b6435d0,22 23,22
4c1aace6-bbc4-11e8-b2bc-ac1f6b6435d0,25 4,4 25
4c1f8b84-bbb1-11e8-b2ba-ac1f6b6435d0,22 0,0 5 22
4c218cc4-bbaa-11e8-b2ba-ac1f6b6435d0,25 1 21,1 21 25
4c25f308-bbba-11e8-b2ba-ac1f6b6435d0,0,0
4c2975e2-bbc8-11e8-b2bc-ac1f6b6435d0,23 0,0 23
4c2e6040-bb9e-11e8-b2b9-ac1f6b6435d0,12 21,21
4c2e8028-bba5-11e8-b2ba-ac1f6b6435d0,25 0,0 25
4c2ed0da-bba2-11e8-b2b9-ac1f6b6435d0,4,4 23
4c30b8e4-bbbd-11e8-b2ba-ac1f6b6435d0,25 5,0 25 26
4c35e21c-bbc5-11e8-b2bc-ac1f6b6435d0,7,7
4c36fce4-bba5-11e8-b2ba-ac1f6b6435d0,19,0
4c3bf52e-bbb8-11e8-b2ba-ac1f6b6435d0,2,0
4c3c4140-bbaa-11e8-b2ba-ac1f6b6435d0,18,18
4c3cf9b8-bbb5-11e8-b2ba-ac1f6b6435d0,4,4
4c3e3690-bba4-11e8-b2b9-ac1f6b6435d0,5,0 5 25
4c3f80f4-bba4-11e8-b2b9-ac1f6b6435d0,25 2,0 18
4c443618-bb9e-11e8-b2b9-ac1f6b6435d0,7 0,0 7
4c45a6c2-bbaf-11e8-b2ba-ac1f6b6435d0,6,26
4c464230-bba0-11e8-b2b9-ac1f6b6435d0,19 21,12 21
4c4806cc-bb9d-11e8-b2b9-ac1f6b6435d0,22 0,0 25
4c491582-bbc3-11e8-b2bc-ac1f6b6435d0,25 0,0 25
4c4c737a-bbb5-11e8-b2ba-ac1f6b6435d0,4,4
4c4c960c-bbc9-11e8-b2bc-ac1f6b6435d0,2,2
4c510f6e-bbc6-11e8-b2bc-ac1f6b6435d0,7 0,7
4c54d1be-bbc4-11e8-b2bc-ac1f6b6435d0,2 0,17 21
4c5d0a86-bbb6-11e8-b2ba-ac1f6b6435d0,25 21,21
4c5d4618-bbca-11e8-b2bc-ac1f6b6435d0,16 18 17,0 17 18
4c623f16-bbb5-11e8-b2ba-ac1f6b6435d0,4,4
4c6279f8-bba7-11e8-b2ba-ac1f6b6435d0,0 21,0 21
4c66c7f0-bb9e-11e8-b2b9-ac1f6b6435d0,6,1 6
4c6fc028-bb9c-11e8-b2b9-ac1f6b6435d0,6,6 20
4c7006b6-bb9a-11e8-b2b9-ac1f6b6435d0,5,5
4c715a58-bbad-11e8-b2ba-ac1f6b6435d0,4,4
4c719f94-bb9f-11e8-b2b9-ac1f6b6435d0,0,0 25
4c732b6a-bbaa-11e8-b2ba-ac1f6b6435d0,19 0,0 2
4c794b2e-bbb1-11e8-b2ba-ac1f6b6435d0,23,25
4c7a5314-bb9a-11e8-b2b9-ac1f6b6435d0,11,11
4c7b21be-bba8-11e8-b2ba-ac1f6b6435d0,3,3
4c7b2a4a-bbb4-11e8-b2ba-ac1f6b6435d0,1 0,0 1
4c7d14fc-bbbb-11e8-b2ba-ac1f6b6435d0,2 0,0 2
4c7eb380-bb9c-11e8-b2b9-ac1f6b6435d0,25,25
4c7f09b6-bba6-11e8-b2ba-ac1f6b6435d0,25 14,25
4c815210-bbb1-11e8-b2ba-ac1f6b6435d0,23,23
4c835348-bb9e-11e8-b2b9-ac1f6b6435d0,25 21,21 25
4c87e6a0-bbb8-11e8-b2ba-ac1f6b6435d0,16 0,0 16
4c888230-bb9b-11e8-b2b9-ac1f6b6435d0,3,3
4c8d3ffe-bba1-11e8-b2b9-ac1f6b6435d0,25 0,0 25
4c909b58-bbbb-11e8-b2ba-ac1f6b6435d0,22,22
4c94e24a-bbb0-11e8-b2ba-ac1f6b6435d0,25 0,0
4c952f6a-bbbb-11e8-b2ba-ac1f6b6435d0,25 0,5 25
4c988806-bbb4-11e8-b2ba-ac1f6b6435d0,0 21,0 21
4c9c5f24-bba7-11e8-b2ba-ac1f6b6435d0,4,4
4c9c5f58-bbaa-11e8-b2ba-ac1f6b6435d0,1 4,0 4
4c9f3f34-bbbe-11e8-b2ba-ac1f6b6435d0,14,14
4ca03104-bba6-11e8-b2ba-ac1f6b6435d0,1 0,0 1 25
4ca19d10-bbb4-11e8-b2ba-ac1f6b6435d0,25 0,0 25
4ca1cce6-bbb8-11e8-b2ba-ac1f6b6435d0,25 0,0 2 25
4ca4fa48-bb9e-11e8-b2b9-ac1f6b6435d0,2,2
4ca6b734-bbc6-11e8-b2bc-ac1f6b6435d0,0 21,12 21
4ca723f0-bbb6-11e8-b2ba-ac1f6b6435d0,0,0
4ca7512e-bba0-11e8-b2b9-ac1f6b6435d0,2,18
4ca77c3c-bb9e-11e8-b2b9-ac1f6b6435d0,19,0 19
4cab4918-bbba-11e8-b2ba-ac1f6b6435d0,6,6 23
4cac5d94-bbb0-11e8-b2ba-ac1f6b6435d0,23,23
4cae0930-bbad-11e8-b2ba-ac1f6b6435d0,25,0 11
4caf135e-bb9c-11e8-b2b9-ac1f6b6435d0,7,7
4caf27e2-bbb3-11e8-b2ba-ac1f6b6435d0,25 5,5 25
4caf8b76-bbac-11e8-b2ba-ac1f6b6435d0,0 21,0 21 25
4cafadca-bba4-11e8-b2b9-ac1f6b6435d0,23,23
4cb2a014-bbc9-11e8-b2bc-ac1f6b6435d0,0,0
4cb55eb2-bbba-11e8-b2ba-ac1f6b6435d0,25 0,0 25
4cc073ce-bbc9-11e8-b2bc-ac1f6b6435d0,19 17,19
4cc17d86-bbac-11e8-b2ba-ac1f6b6435d0,2,2
4cc1e874-bbb7-11e8-b2ba-ac1f6b6435d0,21,21 22
4cc3a6d0-bbbe-11e8-b2ba-ac1f6b6435d0,25 0,0 25
4cc52fb8-bba1-11e8-b2b9-ac1f6b6435d0,25 4,2 4
4cc5a0ec-bbab-11e8-b2ba-ac1f6b6435d0,25 2,2 25
4cc89dc2-bbb2-11e8-b2ba-ac1f6b6435d0,25 5,0 5 25
4ccbae60-bbc9-11e8-b2bc-ac1f6b6435d0,21,0 21
4ccd907a-bbc6-11e8-b2bc-ac1f6b6435d0,0,0
4cd27bea-bbc5-11e8-b2bc-ac1f6b6435d0,13 1 0,0
4cd61586-bb9b-11e8-b2b9-ac1f6b6435d0,23,23
4cdd113c-bbc4-11e8-b2bc-ac1f6b6435d0,25,25
4ce3358c-bbbd-11e8-b2ba-ac1f6b6435d0,7 2,7
4ce4eb48-bba9-11e8-b2ba-ac1f6b6435d0,19 0,0 19
4ce4f468-bbc1-11e8-b2bb-ac1f6b6435d0,23,23
4ce781f6-bbad-11e8-b2ba-ac1f6b6435d0,25 0,0 25
4ce9b1a4-bbc3-11e8-b2bc-ac1f6b6435d0,7,7
4cea9976-bba4-11e8-b2b9-ac1f6b6435d0,25 1 0,0 1 25
4ceb5924-bbb8-11e8-b2ba-ac1f6b6435d0,0,0 5
4ceb99fc-bb9f-11e8-b2b9-ac1f6b6435d0,21,21
4cf169d8-bbc5-11e8-b2bc-ac1f6b6435d0,5,5
4cfc0a2a-bba5-11e8-b2ba-ac1f6b6435d0,0,0
4cfd2746-bba2-11e8-b2b9-ac1f6b6435d0,25 2,25
4cfdd9e0-bbb4-11e8-b2ba-ac1f6b6435d0,2,2
4cfddd52-bbbc-11e8-b2ba-ac1f6b6435d0,19,18
4cfe8bac-bbae-11e8-b2ba-ac1f6b6435d0,0,0
4cffb672-bba3-11e8-b2b9-ac1f6b6435d0,24,24
4d00f726-bbb7-11e8-b2ba-ac1f6b6435d0,0,0
4d02578c-bbc7-11e8-b2bc-ac1f6b6435d0,25,25
4d02e684-bbb3-11e8-b2ba-ac1f6b6435d0,25 17,17 25
4d030c1a-bbca-11e8-b2bc-ac1f6b6435d0,23 0,0 23
4d041a1c-bba5-11e8-b2ba-ac1f6b6435d0,18,18 24
4d048a5e-bba7-11e8-b2ba-ac1f6b6435d0,3 0,0 3 25
4d048bf6-bbb3-11e8-b2ba-ac1f6b6435d0,23,25
4d048f50-bba6-11e8-b2ba-ac1f6b6435d0,4,4
4d07ef58-bbb3-11e8-b2ba-ac1f6b6435d0,4,4
4d092aca-bbaa-11e8-b2ba-ac1f6b6435d0,23,23
4d0b3d2a-bba9-11e8-b2ba-ac1f6b6435d0,13 3,13 21
4d0c035e-bb9a-11e8-b2b9-ac1f6b6435d0,6,6
4d0dd128-bbbf-11e8-b2ba-ac1f6b6435d0,0,0
4d0f9756-bba6-11e8-b2ba-ac1f6b6435d0,25 2 0,0 25
4d102848-bbbe-11e8-b2ba-ac1f6b6435d0,7 21,0 7 25
4d11c11c-bbb4-11e8-b2ba-ac1f6b6435d0,0,0
4d1290bc-bbb7-11e8-b2ba-ac1f6b6435d0,25,4
4d1787de-bbb2-11e8-b2ba-ac1f6b6435d0,2 0,0 2
4d17b68c-bbc1-11e8-b2bb-ac1f6b6435d0,22,22
4d17d174-bbaa-11e8-b2ba-ac1f6b6435d0,23,23
4d18f6ec-bbc5-11e8-b2bc-ac1f6b6435d0,7,7 22
4d1917ec-bba4-11e8-b2b9-ac1f6b6435d0,22,25
4d1a634a-bb9f-11e8-b2b9-ac1f6b6435d0,14 17,14
4d1b8ff8-bbaa-11e8-b2ba-ac1f6b6435d0,21,3 13
4d1b9550-bba7-11e8-b2ba-ac1f6b6435d0,16 0,0 16
4d1f613c-bbaf-11e8-b2ba-ac1f6b6435d0,25 13 0,0 13 21
4d22a3f6-bbc3-11e8-b2bc-ac1f6b6435d0,7,11
4d22ec96-bbb7-11e8-b2ba-ac1f6b6435d0,0,0
4d23de98-bbbd-11e8-b2ba-ac1f6b6435d0,6 21,6 21
4d240bd8-bb9b-11e8-b2b9-ac1f6b6435d0,26 0,0 26
4d246eb6-bbc3-11e8-b2bc-ac1f6b6435d0,0,0
4d257c46-bbb1-11e8-b2ba-ac1f6b6435d0,7 0,0 7
4d26ba1e-bba9-11e8-b2ba-ac1f6b6435d0,2,0 2
4d28bfcc-bbad-11e8-b2ba-ac1f6b6435d0,19,19
4d28f8fe-bbab-11e8-b2ba-ac1f6b6435d0,0,0
4d291200-bbc7-11e8-b2bc-ac1f6b6435d0,2 0,0 2
4d2d70a0-bbbf-11e8-b2ba-ac1f6b6435d0,3,2 3
4d2e2720-bbab-11e8-b2ba-ac1f6b6435d0,5 1,0 1
4d2fada8-bbc8-11e8-b2bc-ac1f6b6435d0,25 0,0
4d2fd5aa-bbb7-11e8-b2ba-ac1f6b6435d0,25 7 0,0 7 25
4d3022de-bb9a-11e8-b2b9-ac1f6b6435d0,23,23
4d310ce6-bba2-11e8-b2b9-ac1f6b6435d0,2 0,0 2
4d363b8e-bba8-11e8-b2ba-ac1f6b6435d0,2,2
4d37ba9e-bbb3-11e8-b2ba-ac1f6b6435d0,25 0,0 26
4d37c894-bbbe-11e8-b2ba-ac1f6b6435d0,25 1 0,0 25
4d3ad8a6-bbc1-11e8-b2bb-ac1f6b6435d0,19 25,19 25
4d410d8a-bbb6-11e8-b2ba-ac1f6b6435d0,25 21,21
4d464cf0-bbac-11e8-b2ba-ac1f6b6435d0,7,7
4d48d06c-bba0-11e8-b2b9-ac1f6b6435d0,9 10,9 20
4d49d1a4-bbca-11e8-b2bc-ac1f6b6435d0,4 21,21
4d4f336c-bbaf-11e8-b2ba-ac1f6b6435d0,25 0,0 25
4d4f918c-bba4-11e8-b2b9-ac1f6b6435d0,25 0 21,21
4d528d04-bbab-11e8-b2ba-ac1f6b6435d0,3,3
4d586d00-bba6-11e8-b2ba-ac1f6b6435d0,19,0 2 19
4d5f97dc-bbbb-11e8-b2ba-ac1f6b6435d0,0,0
4d601584-bbb3-11e8-b2ba-ac1f6b6435d0,25 3,21
4d602df0-bbc5-11e8-b2bc-ac1f6b6435d0,25 0,0 25
4d63094c-bbb8-11e8-b2ba-ac1f6b6435d0,7,7
4d672dcc-bba6-11e8-b2ba-ac1f6b6435d0,19,19
4d674dfc-bbc4-11e8-b2bc-ac1f6b6435d0,7 2 0,0 2 7
4d68bc10-bbc3-11e8-b2bc-ac1f6b6435d0,25 0,0 5
4d69c334-bbc9-11e8-b2bc-ac1f6b6435d0,19 0,0 19
4d6b89ba-bba8-11e8-b2ba-ac1f6b6435d0,5 0,0 5
4d6b91b2-bbb7-11e8-b2ba-ac1f6b6435d0,23 0,0 23
4d6da9dc-bbaf-11e8-b2ba-ac1f6b6435d0,1,1
4d6f22e4-bbb9-11e8-b2ba-ac1f6b6435d0,25 21,21 25
4d6f823c-bbbb-11e8-b2ba-ac1f6b6435d0,23 2,2 23
4d7467f2-bba7-11e8-b2ba-ac1f6b6435d0,9 10,8 9 10
4d7a66a0-bbae-11e8-b2ba-ac1f6b6435d0,7 0,0 23
4d7b0678-bbc7-11e8-b2bc-ac1f6b6435d0,1 2 0,0 1
4d7baf0a-bbb9-11e8-b2ba-ac1f6b6435d0,4 2,2 4
4d84971c-bbac-11e8-b2ba-ac1f6b6435d0,25 2 0,0 2 25
4d84ce58-bbac-11e8-b2ba-ac1f6b6435d0,16 14 0,0 14
4d85025e-bbbd-11e8-b2ba-ac1f6b6435d0,25,25
4d8527fc-bba9-11e8-b2ba-ac1f6b6435d0,25,0 5
4d85f494-bbb7-11e8-b2ba-ac1f6b6435d0,23,23
4d86bd08-bbbb-11e8-b2ba-ac1f6b6435d0,21,14 21 25
4d88bd9c-bbc0-11e8-b2bb-ac1f6b6435d0,2 0,0 2
4d8de16c-bbae-11e8-b2ba-ac1f6b6435d0,25 0,0 25
4d8e646e-bbb0-11e8-b2ba-ac1f6b6435d0,6,6
4d91f2e6-bbab-11e8-b2ba-ac1f6b6435d0,2 0,0 2
4d932828-bbab-11e8-b2ba-ac1f6b6435d0,23,23
4d93420a-bbb9-11e8-b2ba-ac1f6b6435d0,23,23
4d9cf0f8-bba9-11e8-b2ba-ac1f6b6435d0,25 4,4 25
4d9e2334-bb9e-11e8-b2b9-ac1f6b6435d0,0,0 25
4da64b48-bbc3-11e8-b2bc-ac1f6b6435d0,0,4
4da685d4-bb9d-11e8-b2b9-ac1f6b6435d0,0,0
4da7c014-bbc7-11e8-b2bc-ac1f6b6435d0,14,14 16 25
4db05b34-bbb3-11e8-b2ba-ac1f6b6435d0,18,5
4db30bbe-bbb2-11e8-b2ba-ac1f6b6435d0,7 0,0 7
4db910fc-bbb4-11e8-b2ba-ac1f6b6435d0,23,23
4dbd79ae-bb9a-11e8-b2b9-ac1f6b6435d0,21,21
4dbf6216-bbc5-11e8-b2bc-ac1f6b6435d0,23 2,2 23
4dc066d6-bba5-11e8-b2ba-ac1f6b6435d0,7 0,0 7
4dc52d7a-bbc7-11e8-b2bc-ac1f6b6435d0,13,12 13
4dc69324-bbb6-11e8-b2ba-ac1f6b6435d0,23,20 23
4dd064dc-bba5-11e8-b2ba-ac1f6b6435d0,25 6,2 6 25
4dd118ce-bbb3-11e8-b2ba-ac1f6b6435d0,6,6
4dd2c90a-bbca-11e8-b2bc-ac1f6b6435d0,25 7 0,0 7 25
4dd3f9c0-bbab-11e8-b2ba-ac1f6b6435d0,6,6
4dd6f368-bbca-11e8-b2bc-ac1f6b6435d0,7,7
4dd7c974-bbc9-11e8-b2bc-ac1f6b6435d0,7 0,0 7
4dd980c0-bbba-11e8-b2ba-ac1f6b6435d0,7 0,7
4ddb1e84-bba2-11e8-b2b9-ac1f6b6435d0,2,2
4ddf3740-bbba-11e8-b2ba-ac1f6b6435d0,1 2 0,0 1 2
4de099fc-bb9f-11e8-b2b9-ac1f6b6435d0,21,21 22
4de12048-bbb3-11e8-b2ba-ac1f6b6435d0,4,4
4de1e3d2-bbbf-11e8-b2ba-ac1f6b6435d0,3,3
4de539f8-bbc7-11e8-b2bc-ac1f6b6435d0,0,0 7
4de87e5a-bba0-11e8-b2b9-ac1f6b6435d0,25 0,0 25
4de8e49c-bbc5-11e8-b2bc-ac1f6b6435d0,2 0,0 7
4de8f0da-bbb2-11e8-b2ba-ac1f6b6435d0,0,0
4de96dd2-bbb5-11e8-b2ba-ac1f6b6435d0,6,6
4dea5c08-bba9-11e8-b2ba-ac1f6b6435d0,7 0,0 7
4dec2776-bbbe-11e8-b2ba-ac1f6b6435d0,7 0,0 7 25
4deec4fe-bbb4-11e8-b2ba-ac1f6b6435d0,7 0,0 7
4df2a314-bbc6-11e8-b2bc-ac1f6b6435d0,0,0
4df2cb98-bbc9-11e8-b2bc-ac1f6b6435d0,25 0,25
4df2d110-bbbf-11e8-b2ba-ac1f6b6435d0,25 0,0 5 25
4df3d3ee-bbbf-11e8-b2ba-ac1f6b6435d0,5,0
4df4a108-bbaa-11e8-b2ba-ac1f6b6435d0,25 0 21,0 21
4df97de0-bbaa-11e8-b2ba-ac1f6b6435d0,7 2,2 7
4dfb9ee0-bbaf-11e8-b2ba-ac1f6b6435d0,25 18,21
4dfd7bcc-bbb7-11e8-b2ba-ac1f6b6435d0,25 4,5 25
4dfe8f4a-bbbb-11e8-b2ba-ac1f6b6435d0,25 0,0 21 25
4dfee810-bbbf-11e8-b2ba-ac1f6b6435d0,0,0
4e0030b8-bba0-11e8-b2b9-ac1f6b6435d0,22 13 7 0,0 7
4e0386c2-bbb0-11e8-b2ba-ac1f6b6435d0,23,23
4e042622-bba1-11e8-b2b9-ac1f6b6435d0,23,0 23
4e059472-bbaa-11e8-b2ba-ac1f6b6435d0,23 2 0,0 2 23
4e05f38a-bbc4-11e8-b2bc-ac1f6b6435d0,22,22
4e07ea28-bba1-11e8-b2b9-ac1f6b6435d0,25 5,0
4e07fe9c-bb9b-11e8-b2b9-ac1f6b6435d0,7 2 0,0 2 7
4e096690-bb9d-11e8-b2b9-ac1f6b6435d0,25 3 0,0
4e0aba0c-bba4-11e8-b2b9-ac1f6b6435d0,19,19
4e0b08ce-bbac-11e8-b2ba-ac1f6b6435d0,23,23
4e0c5df8-bb9a-11e8-b2b9-ac1f6b6435d0,19,19
4e0de80a-bbb6-11e8-b2ba-ac1f6b6435d0,21,21 25
4e0f0c10-bba9-11e8-b2ba-ac1f6b6435d0,21,25
4e10b90a-bba1-11e8-b2b9-ac1f6b6435d0,7 2 0,0 2 25
4e141e66-bbbe-11e8-b2ba-ac1f6b6435d0,23,6
4e163ea4-bb9a-11e8-b2b9-ac1f6b6435d0,7,7
4e170cbe-bbac-11e8-b2ba-ac1f6b6435d0,1 2,1
4e1c65a0-bba3-11e8-b2b9-ac1f6b6435d0,13,22
4e222afc-bba4-11e8-b2b9-ac1f6b6435d0,3,3
4e23f60a-bbb0-11e8-b2ba-ac1f6b6435d0,20,23
4e26dc82-bbbd-11e8-b2ba-ac1f6b6435d0,2,2
4e26e134-bbc0-11e8-b2bb-ac1f6b6435d0,25,21
4e28245a-bbbf-11e8-b2ba-ac1f6b6435d0,25 4,4 25
4e2a9212-bbc4-11e8-b2bc-ac1f6b6435d0,2,2
4e2ada98-bb9b-11e8-b2b9-ac1f6b6435d0,1 0,1
4e2b9416-bbc2-11e8-b2bb-ac1f6b6435d0,7,7
4e2fd256-bba9-11e8-b2ba-ac1f6b6435d0,23,23
4e31ee08-bba2-11e8-b2b9-ac1f6b6435d0,18,18
4e34f544-bbc0-11e8-b2bb-ac1f6b6435d0,25 2,25
4e34fa6a-bba4-11e8-b2b9-ac1f6b6435d0,25,25
4e352734-bbb7-11e8-b2ba-ac1f6b6435d0,25 1 0,1 25
4e35bd82-bba5-11e8-b2ba-ac1f6b6435d0,3,2
4e366606-bbaa-11e8-b2ba-ac1f6b6435d0,1 2 0,0 1 2
4e3818a6-bbba-11e8-b2ba-ac1f6b6435d0,0,0
4e391278-bbc0-11e8-b2bb-ac1f6b6435d0,19,0 19
4e3e0570-bbbc-11e8-b2ba-ac1f6b6435d0,7 5,5 7
4e40fb98-bba5-11e8-b2ba-ac1f6b6435d0,2 0,0 2
4e41a4a4-bbae-11e8-b2ba-ac1f6b6435d0,19,19 25
4e4302d6-bb9a-11e8-b2b9-ac1f6b6435d0,25 11,11 25
4e433cf4-bbab-11e8-b2ba-ac1f6b6435d0,22 2 0,0 2 22
4e443f66-bbae-11e8-b2ba-ac1f6b6435d0,25 3 0,0 16 25
4e4d0e5c-bbbd-11e8-b2ba-ac1f6b6435d0,7,7
4e4dd5da-bbbd-11e8-b2ba-ac1f6b6435d0,9 10,9 10
4e4e0e40-bbb5-11e8-b2ba-ac1f6b6435d0,2 0,0 2
4e52f846-bbc5-11e8-b2bc-ac1f6b6435d0,25 7,7 25
4e580aa0-bba9-11e8-b2ba-ac1f6b6435d0,5,5
4e58c454-bb9f-11e8-b2b9-ac1f6b6435d0,22 25,21
4e5a2806-bbc9-11e8-b2bc-ac1f6b6435d0,7 2 0,0 2 7
4e5c1726-bba9-11e8-b2ba-ac1f6b6435d0,19 0,0 19
4e5cfeba-bba5-11e8-b2ba-ac1f6b6435d0,25,25
4e654b62-bbbc-11e8-b2ba-ac1f6b6435d0,13,13
4e65637e-bbab-11e8-b2ba-ac1f6b6435d0,1,1
4e6729da-bbb9-11e8-b2ba-ac1f6b6435d0,5,5
4e694f90-bbae-11e8-b2ba-ac1f6b6435d0,25 0,0
4e699a0e-bbc2-11e8-b2bb-ac1f6b6435d0,25 23,25
4e6ddc4a-bb9f-11e8-b2b9-ac1f6b6435d0,1,1
4e6ff1ae-bbba-11e8-b2ba-ac1f6b6435d0,18 1 0,0 1 18
4e730560-bbb5-11e8-b2ba-ac1f6b6435d0,0,0
4e76c21c-bbac-11e8-b2ba-ac1f6b6435d0,25,25
4e786690-bba1-11e8-b2b9-ac1f6b6435d0,19 0,0 3 25
4e84c502-bba6-11e8-b2ba-ac1f6b6435d0,2,2
4e84d71a-bb9f-11e8-b2b9-ac1f6b6435d0,22 21,21 22
4e85d998-bbb9-11e8-b2ba-ac1f6b6435d0,7,7
4e868226-bbaa-11e8-b2ba-ac1f6b6435d0,12 14,14
4e884ecc-bbb8-11e8-b2ba-ac1f6b6435d0,25 0,25
4e88774e-bbc7-11e8-b2bc-ac1f6b6435d0,25 13 3 0,0 13 25
4e8a89f8-bbc7-11e8-b2bc-ac1f6b6435d0,6,21 25
4e8ad25a-bbb3-11e8-b2ba-ac1f6b6435d0,11,11
4e8f803a-bbb2-11e8-b2ba-ac1f6b6435d0,2 0 21,5 21 25
4e93b9a8-bbc5-11e8-b2bc-ac1f6b6435d0,7 4,4 7
4e95ef42-bbad-11e8-b2ba-ac1f6b6435d0,25,25
4e99c926-bbb4-11e8-b2ba-ac1f6b6435d0,7 0,0 7
4e9cf34c-bb9d-11e8-b2b9-ac1f6b6435d0,19 0,0 19
4e9dd8b0-bbad-11e8-b2ba-ac1f6b6435d0,25 0,0 5 21
4e9ed962-bbc7-11e8-b2bc-ac1f6b6435d0,12 22 21,12 21
4e9f02d2-bbc9-11e8-b2bc-ac1f6b6435d0,23 1,1 23
4e9f9c0a-bbca-11e8-b2bc-ac1f6b6435d0,1,1
4ea0f74a-bbc9-11e8-b2bc-ac1f6b6435d0,25 0,0 1 25
4ea2f718-bba9-11e8-b2ba-ac1f6b6435d0,25 11,11 25
4ea6cfde-bba7-11e8-b2ba-ac1f6b6435d0,25 21,21 25
4ea790f4-bba2-11e8-b2b9-ac1f6b6435d0,2 0,0 2
4ea7a640-bbaf-11e8-b2ba-ac1f6b6435d0,1,1
4eaa8738-bbab-11e8-b2ba-ac1f6b6435d0,5,5
4eae663a-bbad-11e8-b2ba-ac1f6b6435d0,5,5
4eaf0fc4-bbc4-11e8-b2bc-ac1f6b6435d0,26 0,0
4eb199b4-bbc0-11e8-b2bb-ac1f6b6435d0,25 21,22
4eb37ca8-bbb5-11e8-b2ba-ac1f6b6435d0,0,0 25
4eb544ae-bba9-11e8-b2ba-ac1f6b6435d0,9 10,9 10 18
4eb74236-bbc2-11e8-b2bb-ac1f6b6435d0,19 0,0 18 19
4eb8a9ca-bbc0-11e8-b2bb-ac1f6b6435d0,25,25
4eb96842-bbbb-11e8-b2ba-ac1f6b6435d0,2 0,0
4eba01c6-bbca-11e8-b2bc-ac1f6b6435d0,25 0,0 25
4ebc19c0-bbb1-11e8-b2ba-ac1f6b6435d0,23,18
4ebd5498-bbbb-11e8-b2ba-ac1f6b6435d0,2,2
4ec017dc-bbb6-11e8-b2ba-ac1f6b6435d0,25 0 21,0 21
4ec01b1c-bba0-11e8-b2b9-ac1f6b6435d0,25 6,6 25
4ec0e256-bba3-11e8-b2b9-ac1f6b6435d0,16 25 0,0 16 25
4ec50120-bbca-11e8-b2bc-ac1f6b6435d0,14,14 21
4ec620e2-bbba-11e8-b2ba-ac1f6b6435d0,23 0,0 23
4ec8b86a-bba2-11e8-b2b9-ac1f6b6435d0,25,5 25
4eca62ba-bbba-11e8-b2ba-ac1f6b6435d0,25 0,0 25
4ecad5c6-bbb8-11e8-b2ba-ac1f6b6435d0,2 8,2 25
4ecd59be-bbc6-11e8-b2bc-ac1f6b6435d0,25 0,0 25
4ecef382-bbad-11e8-b2ba-ac1f6b6435d0,3 0,3 5
4ecfba06-bbad-11e8-b2ba-ac1f6b6435d0,25 5,0 25
4ed1d0d2-bba5-11e8-b2ba-ac1f6b6435d0,2 0,0 2
4ed43bd0-bbad-11e8-b2ba-ac1f6b6435d0,4 0,4
4ed4a3ca-bbaf-11e8-b2ba-ac1f6b6435d0,23 21,23
4eddd750-bba6-11e8-b2ba-ac1f6b6435d0,13,21 25
4ee600d2-bb9d-11e8-b2b9-ac1f6b6435d0,2,0 2
4ee66b02-bbc1-11e8-b2bb-ac1f6b6435d0,18 17 21,18 21
4ee870ec-bbc5-11e8-b2bc-ac1f6b6435d0,23 5,5
4eed4880-bba0-11e8-b2b9-ac1f6b6435d0,23,23
4eef82c6-bb9b-11e8-b2b9-ac1f6b6435d0,25 3 0,0 3
4ef40bd8-bba1-11e8-b2b9-ac1f6b6435d0,0,0
4ef6964e-bbad-11e8-b2ba-ac1f6b6435d0,7,7
4ef9e3ce-bbc3-11e8-b2bc-ac1f6b6435d0,12 0,0 12
4efa0810-bbc6-11e8-b2bc-ac1f6b6435d0,7 2,7 9 10
4efaee5a-bbc2-11e8-b2bb-ac1f6b6435d0,2 0,2
4efb92fe-bba6-11e8-b2ba-ac1f6b6435d0,0,0
4efd6918-bbbe-11e8-b2ba-ac1f6b6435d0,3,3
4efe3852-bbaf-11e8-b2ba-ac1f6b6435d0,19,19
4eff85fc-bbb1-11e8-b2ba-ac1f6b6435d0,23 0,0 23
4effe086-bbbd-11e8-b2ba-ac1f6b6435d0,4 21,4
4efffad2-bb9d-11e8-b2b9-ac1f6b6435d0,7,7
4f015320-bbaa-11e8-b2ba-ac1f6b6435d0,0,4
4f02e538-bba9-11e8-b2ba-ac1f6b6435d0,2 21,0
4f03d8de-bba5-11e8-b2ba-ac1f6b6435d0,2 0,0
4f08d9a0-bba6-11e8-b2ba-ac1f6b6435d0,16 18 17,7 16 17
4f0babc8-bbae-11e8-b2ba-ac1f6b6435d0,0,0 2
4f0c272a-bb9e-11e8-b2b9-ac1f6b6435d0,16 6 0,0 16 25
4f0c3e1e-bba7-11e8-b2ba-ac1f6b6435d0,5 0,0 5
4f0f47c2-bb9c-11e8-b2b9-ac1f6b6435d0,22,22
4f10d3ba-bbc6-11e8-b2bc-ac1f6b6435d0,22 2 0,0 22
4f15de1e-bbb7-11e8-b2ba-ac1f6b6435d0,25 5 0,0 5 25
4f1652e6-bbbb-11e8-b2ba-ac1f6b6435d0,25 0 21,21 25
4f18d5be-bbb8-11e8-b2ba-ac1f6b6435d0,25 17 0,0 17 25
4f18f44e-bbc8-11e8-b2bc-ac1f6b6435d0,25,25
4f1a975a-bba9-11e8-b2ba-ac1f6b6435d0,25 4,26
4f1c2cfa-bbc7-11e8-b2bc-ac1f6b6435d0,7,7
4f1c75d6-bbac-11e8-b2ba-ac1f6b6435d0,6,6
4f1db0f4-bbca-11e8-b2bc-ac1f6b6435d0,23,23
4f1fde54-bb9a-11e8-b2b9-ac1f6b6435d0,7 0,0 23
4f2106ac-bbaf-11e8-b2ba-ac1f6b6435d0,5 21,21
4f2148ba-bbb9-11e8-b2ba-ac1f6b6435d0,25 0,25
4f215354-bbbf-11e8-b2ba-ac1f6b6435d0,25 5,0 25
4f262a44-bbb7-11e8-b2ba-ac1f6b6435d0,19,19
4f26c210-bbbc-11e8-b2ba-ac1f6b6435d0,4,4
4f28e9a4-bb9a-11e8-b2b9-ac1f6b6435d0,26 0,0 5 25
4f2e1878-bbbf-11e8-b2ba-ac1f6b6435d0,25 1 0,0 1 25
4f2e2624-bbb5-11e8-b2ba-ac1f6b6435d0,25,11
4f327074-bbc1-11e8-b2bb-ac1f6b6435d0,12 26 5 0,0 12
4f334114-bbc8-11e8-b2bc-ac1f6b6435d0,25 6 2,3 6 25
4f3353f2-bbc3-11e8-b2bc-ac1f6b6435d0,18 2 0,0 2
4f35f360-bbc2-11e8-b2bb-ac1f6b6435d0,25 0,0 25
4f373c66-bb9f-11e8-b2b9-ac1f6b6435d0,19 25 4,18
4f37ce96-bbbe-11e8-b2ba-ac1f6b6435d0,7,7
4f38387a-bbbb-11e8-b2ba-ac1f6b6435d0,13 1 0,0 1
4f3a8658-bbc9-11e8-b2bc-ac1f6b6435d0,25 0,0
4f3d4070-bb9f-11e8-b2b9-ac1f6b6435d0,0 21,0 21 25
4f3eacf8-bbae-11e8-b2ba-ac1f6b6435d0,1,1
4f3fc802-bbba-11e8-b2ba-ac1f6b6435d0,21,5 21
4f41df44-bbaf-11e8-b2ba-ac1f6b6435d0,0,0
4f421af8-bbb0-11e8-b2ba-ac1f6b6435d0,23,23
4f4277d2-bbc9-11e8-b2bc-ac1f6b6435d0,4,4
4f4433ea-bbad-11e8-b2ba-ac1f6b6435d0,16 15 2,12
4f444fde-bbc5-11e8-b2bc-ac1f6b6435d0,2,2
4f450df6-bba8-11e8-b2ba-ac1f6b6435d0,5,5
4f4654d2-bbb1-11e8-b2ba-ac1f6b6435d0,22 25,21
4f47afd8-bbae-11e8-b2ba-ac1f6b6435d0,21,21
4f47bb78-bbb7-11e8-b2ba-ac1f6b6435d0,3 0,0 3
4f47c4b8-bbb9-11e8-b2ba-ac1f6b6435d0,25 2,2 25
4f4a47be-bbb0-11e8-b2ba-ac1f6b6435d0,25 0,5
4f4b20c2-bbbe-11e8-b2ba-ac1f6b6435d0,12 25,25
4f4f79ca-bba9-11e8-b2ba-ac1f6b6435d0,25 1 0,0 1 25
4f4fcc2a-bba1-11e8-b2b9-ac1f6b6435d0,7,7 23
4f50bcde-bbab-11e8-b2ba-ac1f6b6435d0,1 0,1
4f550d9a-bba9-11e8-b2ba-ac1f6b6435d0,25 0 21,0 25
4f557c5c-bbb4-11e8-b2ba-ac1f6b6435d0,25 21,25
4f5a8b4a-bba3-11e8-b2b9-ac1f6b6435d0,21,21
4f5ad97c-bbc3-11e8-b2bc-ac1f6b6435d0,2 0,2
4f5c19b8-bbc8-11e8-b2bc-ac1f6b6435d0,6,21
4f5c5bde-bba6-11e8-b2ba-ac1f6b6435d0,5,5
4f61177e-bbbe-11e8-b2ba-ac1f6b6435d0,6,6
4f62d206-bbbb-11e8-b2ba-ac1f6b6435d0,25,25
4f638900-bbc3-11e8-b2bc-ac1f6b6435d0,2 0,0 2
4f6666da-bba9-11e8-b2ba-ac1f6b6435d0,2 0,0 2 22
4f685920-bb9c-11e8-b2b9-ac1f6b6435d0,5 0,0 5
4f685c72-bbba-11e8-b2ba-ac1f6b6435d0,5,4 5
4f6daba2-bb9f-11e8-b2b9-ac1f6b6435d0,25,25
4f6fead0-bba8-11e8-b2ba-ac1f6b6435d0,25 5 0,0 5 25
4f734e08-bbb9-11e8-b2ba-ac1f6b6435d0,7 0,0 7
4f737954-bbba-11e8-b2ba-ac1f6b6435d0,25 4,4 25
4f763ce6-bbc1-11e8-b2bb-ac1f6b6435d0,25 0,0 25
4f77763e-bbca-11e8-b2bc-ac1f6b6435d0,6 0,0 2 25
4f77d482-bbc3-11e8-b2bc-ac1f6b6435d0,20,20 25
4f7bb438-bbca-11e8-b2bc-ac1f6b6435d0,25,25
4f818a46-bbbd-11e8-b2ba-ac1f6b6435d0,25,25
4f82405c-bbc8-11e8-b2bc-ac1f6b6435d0,0,0 25
4f846a3e-bba1-11e8-b2b9-ac1f6b6435d0,5,0 5
4f852326-bbaa-11e8-b2ba-ac1f6b6435d0,4,4
4f870426-bbb3-11e8-b2ba-ac1f6b6435d0,25,12
4f873792-bbaf-11e8-b2ba-ac1f6b6435d0,12 7 0,0
4f876270-bbbf-11e8-b2ba-ac1f6b6435d0,25 0,0 25
4f880532-bbbe-11e8-b2ba-ac1f6b6435d0,24,11 24
4f88b67a-bbbf-11e8-b2ba-ac1f6b6435d0,25 0 21,0 21 25
4f88e5c6-bba8-11e8-b2ba-ac1f6b6435d0,1,1
4f89d976-bbae-11e8-b2ba-ac1f6b6435d0,21,21
4f89efd0-bbc5-11e8-b2bc-ac1f6b6435d0,7 0,0 7 22
4f89f712-bb9a-11e8-b2b9-ac1f6b6435d0,3,0
4f8fe6b6-bbc9-11e8-b2bc-ac1f6b6435d0,23,23
4f90555a-bba7-11e8-b2ba-ac1f6b6435d0,25 5,5
4f928500-bbc5-11e8-b2bc-ac1f6b6435d0,19 2 0,2
4f969b68-bba2-11e8-b2b9-ac1f6b6435d0,19 0,0 19
4f982748-bbbc-11e8-b2ba-ac1f6b6435d0,23 0,0 23
4f9c8570-bbb4-11e8-b2ba-ac1f6b6435d0,25 1 0,1
4f9cf7b6-bbc9-11e8-b2bc-ac1f6b6435d0,25 0,0
4f9ebf6c-bbb3-11e8-b2ba-ac1f6b6435d0,0,0
4f9fe94c-bbbc-11e8-b2ba-ac1f6b6435d0,7 2,2 7
4fa0dc44-bbb2-11e8-b2ba-ac1f6b6435d0,7 0,0 21 25
4fa20d3e-bba4-11e8-b2b9-ac1f6b6435d0,23 0,0 23
4fa3b292-bbae-11e8-b2ba-ac1f6b6435d0,6,0 25
4fa5fe76-bbb8-11e8-b2ba-ac1f6b6435d0,19 0,0
4fa9254c-bbbd-11e8-b2ba-ac1f6b6435d0,6,6
4fae58c6-bbc4-11e8-b2bc-ac1f6b6435d0,0,0
4fb50d6e-bbb1-11e8-b2ba-ac1f6b6435d0,22 21,21
4fb78e16-bba4-11e8-b2b9-ac1f6b6435d0,12 19 0,11 12
4fb9a636-bbc9-11e8-b2bc-ac1f6b6435d0,0,0
4fbd48b6-bbc6-11e8-b2bc-ac1f6b6435d0,14 5,5 14
4fbd5cb0-bbae-11e8-b2ba-ac1f6b6435d0,3,3
4fbe6e42-bbbe-11e8-b2ba-ac1f6b6435d0,25 0,21
4fbfc694-bb9a-11e8-b2b9-ac1f6b6435d0,7 0,0 7
4fc52212-bbbb-11e8-b2ba-ac1f6b6435d0,5 21,5 21
4fcc402e-bbca-11e8-b2bc-ac1f6b6435d0,14,14
4fce3cc8-bbc3-11e8-b2bc-ac1f6b6435d0,23 0,0 7
4fcef21e-bbbc-11e8-b2ba-ac1f6b6435d0,22,21 22
4fd09594-bba1-11e8-b2b9-ac1f6b6435d0,25 5,0 5 25
4fd0bc28-bba0-11e8-b2b9-ac1f6b6435d0,13,25
4fd142ca-bba4-11e8-b2b9-ac1f6b6435d0,25 18 0,0 25
4fd4f414-bb9b-11e8-b2b9-ac1f6b6435d0,7,7
4fd8b252-bbaf-11e8-b2ba-ac1f6b6435d0,1,1
4fdb1c64-bbb8-11e8-b2ba-ac1f6b6435d0,19 0,0
4fdb5f1e-bbb6-11e8-b2ba-ac1f6b6435d0,23,23
4fdb9be6-bbbb-11e8-b2ba-ac1f6b6435d0,2,2
4fdf76f0-bba5-11e8-b2ba-ac1f6b6435d0,3 0,0 3 25
4fdff6a0-bb9d-11e8-b2b9-ac1f6b6435d0,25 2 0,0 2 25
4fe01ec6-bbb3-11e8-b2ba-ac1f6b6435d0,23 0,25
4fe13f48-bbc9-11e8-b2bc-ac1f6b6435d0,23,23
4fe1dace-bba7-11e8-b2ba-ac1f6b6435d0,23,21
4fe2a0d2-bbb9-11e8-b2ba-ac1f6b6435d0,11,11
4fe9342e-bbb4-11e8-b2ba-ac1f6b6435d0,0,0
4feafda2-bbb1-11e8-b2ba-ac1f6b6435d0,25,25
4feba6cc-bbab-11e8-b2ba-ac1f6b6435d0,7 0,7
4fecf7ba-bbb1-11e8-b2ba-ac1f6b6435d0,2 0,0
4fef384a-bbc5-11e8-b2bc-ac1f6b6435d0,2 0,2
4ff5dc8e-bbb8-11e8-b2ba-ac1f6b6435d0,5 0 21,5
4ff86a26-bb9f-11e8-b2b9-ac1f6b6435d0,23,23
4ff893e6-bba6-11e8-b2ba-ac1f6b6435d0,14,14
4ff8947a-bbb7-11e8-b2ba-ac1f6b6435d0,11 0,0 11
50017446-bbb7-11e8-b2ba-ac1f6b6435d0,2,2
50023de4-bbc7-11e8-b2bc-ac1f6b6435d0,3,5
50026656-bbb9-11e8-b2ba-ac1f6b6435d0,25 0,0 25
50026d56-bbb2-11e8-b2ba-ac1f6b6435d0,5 2,2
5003f82c-bba0-11e8-b2b9-ac1f6b6435d0,22 25 0,0 2 25
50065a22-bbc3-11e8-b2bc-ac1f6b6435d0,0,0
5006bf20-bba1-11e8-b2b9-ac1f6b6435d0,21,4 21
500e1fa4-bbab-11e8-b2ba-ac1f6b6435d0,25,25
500f98ee-bbc8-11e8-b2bc-ac1f6b6435d0,0 21,0 21
500ffadc-bbb4-11e8-b2ba-ac1f6b6435d0,23 2 0,0 2 23
5018bcee-bbc3-11e8-b2bc-ac1f6b6435d0,2,2
501a0674-bbb6-11e8-b2ba-ac1f6b6435d0,21,21
501c103e-bb9f-11e8-b2b9-ac1f6b6435d0,19 0,0 19
501e49aa-bba2-11e8-b2b9-ac1f6b6435d0,19 25 0,0 19
50210100-bb9c-11e8-b2b9-ac1f6b6435d0,20,7 20
50225a56-bbb9-11e8-b2ba-ac1f6b6435d0,14,14
50245336-bbc5-11e8-b2bc-ac1f6b6435d0,4,4
50254d04-bbb6-11e8-b2ba-ac1f6b6435d0,1 0,2 25
5027edcc-bbc3-11e8-b2bc-ac1f6b6435d0,12 21,12 21
5027fa08-bbb7-11e8-b2ba-ac1f6b6435d0,25 4,25
5028afd2-bbc8-11e8-b2bc-ac1f6b6435d0,7,7
5028c4ce-bbbc-11e8-b2ba-ac1f6b6435d0,25 21,21 25
502a2838-bbac-11e8-b2ba-ac1f6b6435d0,23,23
502afe6e-bba9-11e8-b2ba-ac1f6b6435d0,25 5 0,0
502b1aca-bba9-11e8-b2ba-ac1f6b6435d0,22 0,0 23
502c1736-bba4-11e8-b2b9-ac1f6b6435d0,5 21,0 21
502f96ba-bbc5-11e8-b2bc-ac1f6b6435d0,23 0,0 23
502fb808-bb9c-11e8-b2b9-ac1f6b6435d0,14,14
5035e82c-bba6-11e8-b2ba-ac1f6b6435d0,7 0,0 7
5037c40c-bbc5-11e8-b2bc-ac1f6b6435d0,3,5
50385e4a-bbb5-11e8-b2ba-ac1f6b6435d0,7 0,0 7
50390726-bbc6-11e8-b2bc-ac1f6b6435d0,14 4,4 25
5039a546-bbc1-11e8-b2bb-ac1f6b6435d0,12,12
503cbeee-bbc0-11e8-b2bb-ac1f6b6435d0,14 2,2 14
503d8652-bbad-11e8-b2ba-ac1f6b6435d0,7,7
503e2bc2-bba1-11e8-b2b9-ac1f6b6435d0,25 0 21,0 5 25
50414c5c-bba2-11e8-b2b9-ac1f6b6435d0,0,0
50423f58-bba8-11e8-b2ba-ac1f6b6435d0,25 16 0,0 16 25
5045236e-bba1-11e8-b2b9-ac1f6b6435d0,0,0
5045a3ba-bba7-11e8-b2ba-ac1f6b6435d0,23,23
5048b496-bbad-11e8-b2ba-ac1f6b6435d0,4,4
504a3724-bbb4-11e8-b2ba-ac1f6b6435d0,2 0,0
504a9c12-bbbb-11e8-b2ba-ac1f6b6435d0,25 4 21,0 25
504c0d5a-bb9c-11e8-b2b9-ac1f6b6435d0,19 2 21,0 2 21
504c80e0-bb9d-11e8-b2b9-ac1f6b6435d0,23 0,0 23
504fdc82-bba6-11e8-b2ba-ac1f6b6435d0,14,14 25
5052a0c8-bbb2-11e8-b2ba-ac1f6b6435d0,23,23
5052efcc-bbbe-11e8-b2ba-ac1f6b6435d0,5 0,5
505549ae-bbad-11e8-b2ba-ac1f6b6435d0,4,4
50556890-bbac-11e8-b2ba-ac1f6b6435d0,25 5 0,0 5
5055d108-bbbc-11e8-b2ba-ac1f6b6435d0,26 25,26
50580dfc-bbac-11e8-b2ba-ac1f6b6435d0,23,23
5058b16a-bbae-11e8-b2ba-ac1f6b6435d0,3,3
5058f2de-bbc1-11e8-b2bb-ac1f6b6435d0,25 3,3 25
505a63a0-bbba-11e8-b2ba-ac1f6b6435d0,25 2,2 25
505db766-bbb6-11e8-b2ba-ac1f6b6435d0,25,25
50600fc0-bbbb-11e8-b2ba-ac1f6b6435d0,25 4,4
5060d5d4-bbbd-11e8-b2ba-ac1f6b6435d0,12,12
5061784c-bbca-11e8-b2bc-ac1f6b6435d0,3,0
5065f098-bba2-11e8-b2b9-ac1f6b6435d0,25,25
5066aa10-bbc0-11e8-b2bb-ac1f6b6435d0,5 0,0 25
506b04fe-bbaf-11e8-b2ba-ac1f6b6435d0,7,7
506e2e44-bbb0-11e8-b2ba-ac1f6b6435d0,23 0,5 25
506f3858-bb9b-11e8-b2b9-ac1f6b6435d0,25 3,2 4
507074e8-bba0-11e8-b2b9-ac1f6b6435d0,25 2 0,0 2 25
507161e0-bbb0-11e8-b2ba-ac1f6b6435d0,2 0,0 2
50731cb2-bbb8-11e8-b2ba-ac1f6b6435d0,25,25
50755000-bbad-11e8-b2ba-ac1f6b6435d0,7 2,2 7
50793728-bbb3-11e8-b2ba-ac1f6b6435d0,25 7,25
507b3c70-bba5-11e8-b2ba-ac1f6b6435d0,25 0,0
507b7e94-bbbc-11e8-b2ba-ac1f6b6435d0,7 0,0 7
507cef16-bba5-11e8-b2ba-ac1f6b6435d0,25 11,0 25
507f257a-bb9a-11e8-b2b9-ac1f6b6435d0,25,25
5085ee60-bbad-11e8-b2ba-ac1f6b6435d0,25 2,2 6 25
50876522-bbb9-11e8-b2ba-ac1f6b6435d0,6 2,2 6
508daf8c-bb9f-11e8-b2b9-ac1f6b6435d0,22,21 22
508ddba2-bba3-11e8-b2b9-ac1f6b6435d0,0,0
509145bc-bba3-11e8-b2b9-ac1f6b6435d0,2,26
5091a326-bbc7-11e8-b2bc-ac1f6b6435d0,25 5 3 0,5 25
5091c092-bbb6-11e8-b2ba-ac1f6b6435d0,0 21,21
509599d0-bbaf-11e8-b2ba-ac1f6b6435d0,2,2
5096a54e-bbb6-11e8-b2ba-ac1f6b6435d0,0,0
5096e328-bbc6-11e8-b2bc-ac1f6b6435d0,23 0,4
509707b0-bbc4-11e8-b2bc-ac1f6b6435d0,3,3
50987e1c-bb9a-11e8-b2b9-ac1f6b6435d0,14,14
50a357dc-bbc3-11e8-b2bc-ac1f6b6435d0,0 21,0 23 25
50a3d160-bbb1-11e8-b2ba-ac1f6b6435d0,25 0,0 25
50a62e0e-bbb8-11e8-b2ba-ac1f6b6435d0,25,25
50a91120-bb9d-11e8-b2b9-ac1f6b6435d0,11,11
50a967e8-bbc4-11e8-b2bc-ac1f6b6435d0,25 1 0,0 14
50add092-bbb2-11e8-b2ba-ac1f6b6435d0,2 0,0 2 3
50aeea6a-bbb0-11e8-b2ba-ac1f6b6435d0,23,21
50b0b7f2-bba4-11e8-b2b9-ac1f6b6435d0,21,21
50b38268-bbac-11e8-b2ba-ac1f6b6435d0,6,6
50b6152a-bbbe-11e8-b2ba-ac1f6b6435d0,0 21,0
50b99482-bbc0-11e8-b2bb-ac1f6b6435d0,25 3 0,3
50bd311e-bbac-11e8-b2ba-ac1f6b6435d0,5 0,0 25
50c09482-bb9b-11e8-b2b9-ac1f6b6435d0,0,0
50c0d240-bbbd-11e8-b2ba-ac1f6b6435d0,24,24
50c1b82a-bbc4-11e8-b2bc-ac1f6b6435d0,25 5,5 25
50c5c372-bbae-11e8-b2ba-ac1f6b6435d0,5,0
50cabb36-bbc5-11e8-b2bc-ac1f6b6435d0,25 0,0 25
50cb2ffe-bbba-11e8-b2ba-ac1f6b6435d0,25 14 17 2,2 14 25
50cd0eea-bbac-11e8-b2ba-ac1f6b6435d0,25 2 0,2
50cf72c8-bbb8-11e8-b2ba-ac1f6b6435d0,14 17,14 17 18
50cfcb72-bbb5-11e8-b2ba-ac1f6b6435d0,25 6 21,25
50d08456-bba9-11e8-b2ba-ac1f6b6435d0,4,4
50d1eb16-bbbd-11e8-b2ba-ac1f6b6435d0,21,21
50d3256a-bbc9-11e8-b2bc-ac1f6b6435d0,1 0,0 25
50d6def0-bba4-11e8-b2b9-ac1f6b6435d0,19 0,0 25
50d83200-bbb3-11e8-b2ba-ac1f6b6435d0,3 0,3
50dba916-bba5-11e8-b2ba-ac1f6b6435d0,0,0 25
50dbc34c-bbaf-11e8-b2ba-ac1f6b6435d0,16 0,0 16
50dc00a0-bbc8-11e8-b2bc-ac1f6b6435d0,25 5,5 25
50de43dc-bbb5-11e8-b2ba-ac1f6b6435d0,25 2,2 25
50df5974-bbc0-11e8-b2bb-ac1f6b6435d0,25 18 0,0 18 25
50e05232-bbc2-11e8-b2bb-ac1f6b6435d0,1,1
50e0e64a-bba7-11e8-b2ba-ac1f6b6435d0,25 0,0 21 25
50e17256-bba5-11e8-b2ba-ac1f6b6435d0,7,7
50e61c06-bbc9-11e8-b2bc-ac1f6b6435d0,7,7
50e80d78-bbaa-11e8-b2ba-ac1f6b6435d0,19,19
50e887dc-bbbc-11e8-b2ba-ac1f6b6435d0,0,0
50ebb664-bb9e-11e8-b2b9-ac1f6b6435d0,12,12
50ec11e6-bbb6-11e8-b2ba-ac1f6b6435d0,25,6
50f04852-bbab-11e8-b2ba-ac1f6b6435d0,25 0,0 25
50f4626e-bba8-11e8-b2ba-ac1f6b6435d0,25 2 0,0 2 25
50f821f0-bbbd-11e8-b2ba-ac1f6b6435d0,6,6
50fa2d0e-bbc4-11e8-b2bc-ac1f6b6435d0,5,3
50fb845c-bbc8-11e8-b2bc-ac1f6b6435d0,2 0,0 2
50fcfe90-bb9b-11e8-b2b9-ac1f6b6435d0,22 16 0,0 22
50febb3c-bbc7-11e8-b2bc-ac1f6b6435d0,7,7
5100f28c-bbb6-11e8-b2ba-ac1f6b6435d0,0,0
5101b14c-bba0-11e8-b2b9-ac1f6b6435d0,25 11 2 0,0 2 11 25
51032954-bbb5-11e8-b2ba-ac1f6b6435d0,19,3
5107c840-bbbc-11e8-b2ba-ac1f6b6435d0,22,22
510aacba-bbab-11e8-b2ba-ac1f6b6435d0,11 0,25
510c525a-bbaf-11e8-b2ba-ac1f6b6435d0,24,24
510d1968-bba2-11e8-b2b9-ac1f6b6435d0,5,5
510d9c7c-bbab-11e8-b2ba-ac1f6b6435d0,5 0,0 5
510ea234-bbab-11e8-b2ba-ac1f6b6435d0,7 2,2 7
510eda38-bbb0-11e8-b2ba-ac1f6b6435d0,25 5,5 25
510f388e-bba1-11e8-b2b9-ac1f6b6435d0,5,5
510f4144-bbb0-11e8-b2ba-ac1f6b6435d0,11 0,0 11
510f81ca-bbc1-11e8-b2bb-ac1f6b6435d0,25 0,5
51118da0-bbba-11e8-b2ba-ac1f6b6435d0,1,1 25
5113cd86-bbba-11e8-b2ba-ac1f6b6435d0,25 7,0 18 21
51140ef8-bbca-11e8-b2bc-ac1f6b6435d0,12 25 2,12 24
5114373c-bbb8-11e8-b2ba-ac1f6b6435d0,20,20
511462b0-bbb4-11e8-b2ba-ac1f6b6435d0,19,19
51153d9a-bbbc-11e8-b2ba-ac1f6b6435d0,14,0 14
5115b66c-bbc6-11e8-b2bc-ac1f6b6435d0,14,14
511ad5ea-bbab-11e8-b2ba-ac1f6b6435d0,25 7,7
511ba56a-bbb0-11e8-b2ba-ac1f6b6435d0,19 25,21 25
511ff564-bbb2-11e8-b2ba-ac1f6b6435d0,7 0,0 7
5120cc74-bba7-11e8-b2ba-ac1f6b6435d0,19 25,19 25
51233f3e-bb9a-11e8-b2b9-ac1f6b6435d0,23,23
5123ef18-bb9c-11e8-b2b9-ac1f6b6435d0,21,21
51272b8e-bbc8-11e8-b2bc-ac1f6b6435d0,0,0
512743aa-bbb2-11e8-b2ba-ac1f6b6435d0,14,14
51298390-bba3-11e8-b2b9-ac1f6b6435d0,6,6 25
512999ce-bbc7-11e8-b2bc-ac1f6b6435d0,14,14
512b07b0-bbc1-11e8-b2bb-ac1f6b6435d0,4,4
512bb606-bba3-11e8-b2b9-ac1f6b6435d0,0,0
512dedfc-bbb9-11e8-b2ba-ac1f6b6435d0,2 8,2 8
512e29d8-bbc9-11e8-b2bc-ac1f6b6435d0,25 5 0,5 25
512e7c64-bba9-11e8-b2ba-ac1f6b6435d0,3 0,0 3
512ea21e-bb9c-11e8-b2b9-ac1f6b6435d0,2 0,0 2
512f7ef2-bbc2-11e8-b2bb-ac1f6b6435d0,25,25
51301a48-bb9e-11e8-b2b9-ac1f6b6435d0,0 21,21
5133348a-bb9e-11e8-b2b9-ac1f6b6435d0,25 1,1 21 25
5133feb6-bbb1-11e8-b2ba-ac1f6b6435d0,7 0,0 19 25
5134fdfc-bbb1-11e8-b2ba-ac1f6b6435d0,7 21,7
513586a0-bb9d-11e8-b2b9-ac1f6b6435d0,0,0 25
51455202-bbbf-11e8-b2ba-ac1f6b6435d0,0,0
514948aa-bb9f-11e8-b2b9-ac1f6b6435d0,1 0,0 1 25
5149f6e2-bbae-11e8-b2ba-ac1f6b6435d0,6 0,1 6
514a358a-bbc7-11e8-b2bc-ac1f6b6435d0,23,23
514acc54-bbbb-11e8-b2ba-ac1f6b6435d0,19,19
514af4ec-bbb9-11e8-b2ba-ac1f6b6435d0,25 0,0 25
5156c3f0-bbb7-11e8-b2ba-ac1f6b6435d0,25 11 14,12 14 25
51572992-bbc3-11e8-b2bc-ac1f6b6435d0,21,21
5159c1c8-bbc5-11e8-b2bc-ac1f6b6435d0,5 21,18 21
515cc1fe-bba5-11e8-b2ba-ac1f6b6435d0,25 0,0 21
51612e3c-bbc9-11e8-b2bc-ac1f6b6435d0,23,23
51653634-bbca-11e8-b2bc-ac1f6b6435d0,6,23
5169c772-bb9c-11e8-b2b9-ac1f6b6435d0,22 0,0 21 22
516e2bc4-bb9b-11e8-b2b9-ac1f6b6435d0,23 2 0,0 2 23
5174e20c-bbaa-11e8-b2ba-ac1f6b6435d0,12,25
5174ff84-bba6-11e8-b2ba-ac1f6b6435d0,2 0,2
5177eb94-bba7-11e8-b2ba-ac1f6b6435d0,4,4
51781906-bbc1-11e8-b2bb-ac1f6b6435d0,25 21,21
517acab6-bbbc-11e8-b2ba-ac1f6b6435d0,7 0,0 7
517b4600-bb9c-11e8-b2b9-ac1f6b6435d0,20,9 20
517dc654-bbb1-11e8-b2ba-ac1f6b6435d0,25 0,0 23
517ffbbe-bbbf-11e8-b2ba-ac1f6b6435d0,12 25,12 25
51803f86-bbbd-11e8-b2ba-ac1f6b6435d0,2 21,2 21
518267d0-bbb2-11e8-b2ba-ac1f6b6435d0,25 0,0 25
51834da8-bbad-11e8-b2ba-ac1f6b6435d0,23,23
518359a6-bbb7-11e8-b2ba-ac1f6b6435d0,18 21,21
5183938c-bbba-11e8-b2ba-ac1f6b6435d0,14,14
51864554-bbca-11e8-b2bc-ac1f6b6435d0,23,23
518b66ec-bba2-11e8-b2b9-ac1f6b6435d0,0,0 25
51918752-bbc5-11e8-b2bc-ac1f6b6435d0,25 18,18 25
51930664-bba6-11e8-b2ba-ac1f6b6435d0,25 0,0 25
51942d5a-bba6-11e8-b2ba-ac1f6b6435d0,2,2
51943f28-bbb7-11e8-b2ba-ac1f6b6435d0,21,21
5195760a-bba7-11e8-b2ba-ac1f6b6435d0,1 0,0 1 25
51981f72-bbac-11e8-b2ba-ac1f6b6435d0,25 2 0,0 2
519a36a0-bbb5-11e8-b2ba-ac1f6b6435d0,16 2 0,0 16
519a52d0-bbb9-11e8-b2ba-ac1f6b6435d0,21,21 25
519a75f4-bb9a-11e8-b2b9-ac1f6b6435d0,16 25 0,0 25
519b2e9a-bba4-11e8-b2b9-ac1f6b6435d0,23,23
519bc630-bbad-11e8-b2ba-ac1f6b6435d0,7 2 0,0 2 7
519bf49a-bbbf-11e8-b2ba-ac1f6b6435d0,6 1,6
51a1e896-bba1-11e8-b2b9-ac1f6b6435d0,3,3
51a31b96-bbb8-11e8-b2ba-ac1f6b6435d0,25 5,3 25
51a5ab8c-bbc1-11e8-b2bb-ac1f6b6435d0,19 23,7
51a63b64-bba9-11e8-b2ba-ac1f6b6435d0,2 0,0 2
51accc3a-bbc8-11e8-b2bc-ac1f6b6435d0,7,7
51af3ea0-bbc5-11e8-b2bc-ac1f6b6435d0,25 6,25
51b06f96-bbbb-11e8-b2ba-ac1f6b6435d0,23,23
51b94a26-bbb6-11e8-b2ba-ac1f6b6435d0,19 0,0 19
51c0bd1a-bbc0-11e8-b2bb-ac1f6b6435d0,25,25
51c3722c-bbab-11e8-b2ba-ac1f6b6435d0,25 5,5 25
51c7ebd6-bbab-11e8-b2ba-ac1f6b6435d0,2,0 2
51d146c0-bbb7-11e8-b2ba-ac1f6b6435d0,2 0,0 3
51d2a37a-bbb3-11e8-b2ba-ac1f6b6435d0,5,5
51daf5e8-bbae-11e8-b2ba-ac1f6b6435d0,25 0,25
51dbfff0-bbaa-11e8-b2ba-ac1f6b6435d0,25 2,3
51df5f52-bbb3-11e8-b2ba-ac1f6b6435d0,18,18
51dfb0e6-bbbe-11e8-b2ba-ac1f6b6435d0,3 0,0 3
51e3bbfc-bb9e-11e8-b2b9-ac1f6b6435d0,23,23
51e5c6c6-bbc7-11e8-b2bc-ac1f6b6435d0,25 3 0,0 3 25
51e6078a-bbc2-11e8-b2bb-ac1f6b6435d0,25 4,4
51e78920-bba4-11e8-b2b9-ac1f6b6435d0,23 0,0 23
51e9709e-bba6-11e8-b2ba-ac1f6b6435d0,23,23
51ee6674-bbc6-11e8-b2bc-ac1f6b6435d0,7,7
51ef7530-bba5-11e8-b2ba-ac1f6b6435d0,0,0
51f07a52-bba5-11e8-b2ba-ac1f6b6435d0,13,13
51f7f722-bbc9-11e8-b2bc-ac1f6b6435d0,23,23
51fb230c-bba1-11e8-b2b9-ac1f6b6435d0,11,11
51fb6a18-bbc6-11e8-b2bc-ac1f6b6435d0,25 0,0 25
5202e24c-bb9f-11e8-b2b9-ac1f6b6435d0,5,5
5206ebfa-bba2-11e8-b2b9-ac1f6b6435d0,25,25
52075fba-bbc8-11e8-b2bc-ac1f6b6435d0,16 25 17 0,0 16 17 25
520b3e94-bbbb-11e8-b2ba-ac1f6b6435d0,0 21,0 21
520ff980-bbba-11e8-b2ba-ac1f6b6435d0,7,7
52141ea6-bbc0-11e8-b2bb-ac1f6b6435d0,25 0,0 25
52192180-bbb6-11e8-b2ba-ac1f6b6435d0,2 21,2 21
52194cdc-bbb1-11e8-b2ba-ac1f6b6435d0,0 21,0 21
5219e512-bbbf-11e8-b2ba-ac1f6b6435d0,22 5,5 22
521beba2-bbc2-11e8-b2bb-ac1f6b6435d0,25 0,25
521ebbde-bba4-11e8-b2b9-ac1f6b6435d0,25 0,0 25 26
522216b6-bbc3-11e8-b2bc-ac1f6b6435d0,3,3 25
5225dcd0-bba8-11e8-b2ba-ac1f6b6435d0,4,0
522819e8-bbb5-11e8-b2ba-ac1f6b6435d0,7,1
522aab78-bbc8-11e8-b2bc-ac1f6b6435d0,21,21
522ccbb0-bba0-11e8-b2b9-ac1f6b6435d0,0 21,0 25
523fb1fa-bbc6-11e8-b2bc-ac1f6b6435d0,2 0,2
5243634a-bbbc-11e8-b2ba-ac1f6b6435d0,0 21,0 7 21
52449e14-bba2-11e8-b2b9-ac1f6b6435d0,19,25
5244ece8-bba7-11e8-b2ba-ac1f6b6435d0,6,6
524bea24-bbc6-11e8-b2bc-ac1f6b6435d0,25 21,21 25
524cc7dc-bba3-11e8-b2b9-ac1f6b6435d0,5,5
524f2bca-bbbd-11e8-b2ba-ac1f6b6435d0,25 0,0 25
524f62b4-bba6-11e8-b2ba-ac1f6b6435d0,0 21,0 21
52504e70-bbb7-11e8-b2ba-ac1f6b6435d0,5,0 5
52558d7e-bbba-11e8-b2ba-ac1f6b6435d0,22,0 21 25
5257a9ec-bbc9-11e8-b2bc-ac1f6b6435d0,25 5,5 25
525911b4-bbc0-11e8-b2bb-ac1f6b6435d0,25 0,25
525a60fa-bbb1-11e8-b2ba-ac1f6b6435d0,22,21
525b5218-bb9c-11e8-b2b9-ac1f6b6435d0,25 13,25
5262bc54-bbad-11e8-b2ba-ac1f6b6435d0,7 0 21,0 7
5263439e-bbc2-11e8-b2bb-ac1f6b6435d0,11 0,0 11
5263d516-bbc7-11e8-b2bc-ac1f6b6435d0,23,25
5264215e-bbb5-11e8-b2ba-ac1f6b6435d0,25 6 2,21 25
5264ece4-bbc2-11e8-b2bb-ac1f6b6435d0,19 0,0 25
526d9cec-bbb1-11e8-b2ba-ac1f6b6435d0,5,5 25
526f7dac-bb9b-11e8-b2b9-ac1f6b6435d0,19,19
5275fd62-bba5-11e8-b2ba-ac1f6b6435d0,13 0,0 13
52784e94-bbca-11e8-b2bc-ac1f6b6435d0,3,3
5278f304-bb9c-11e8-b2b9-ac1f6b6435d0,0,0
527d5a46-bba8-11e8-b2ba-ac1f6b6435d0,25,25
527e6b9e-bbc5-11e8-b2bc-ac1f6b6435d0,0,0 1
5287afb6-bbb0-11e8-b2ba-ac1f6b6435d0,0,0
5289a3b4-bbb2-11e8-b2ba-ac1f6b6435d0,7,7
528dd5c6-bbc4-11e8-b2bc-ac1f6b6435d0,25 3,3 25
5290c762-bbc5-11e8-b2bc-ac1f6b6435d0,25 7,7 25
5293dab8-bbae-11e8-b2ba-ac1f6b6435d0,24 25,24 25
529561be-bbbb-11e8-b2ba-ac1f6b6435d0,19 0,18
5296d22e-bb9d-11e8-b2b9-ac1f6b6435d0,22,22 25
5297c0e2-bbc2-11e8-b2bb-ac1f6b6435d0,7,7
529ba352-bb9e-11e8-b2b9-ac1f6b6435d0,5,5
529fc1e2-bbb4-11e8-b2ba-ac1f6b6435d0,5 0,0 5 26
52a0fb30-bbb8-11e8-b2ba-ac1f6b6435d0,21,21
52a1541e-bbbc-11e8-b2ba-ac1f6b6435d0,25 6 2,2 6 25
52a2ddb8-bba6-11e8-b2ba-ac1f6b6435d0,23,23
52a7aa2a-bbbd-11e8-b2ba-ac1f6b6435d0,25 0,0 25
52ab7146-bbb8-11e8-b2ba-ac1f6b6435d0,6,25
52ac417e-bbb4-11e8-b2ba-ac1f6b6435d0,25 23,6 25
52b600aa-bbba-11e8-b2ba-ac1f6b6435d0,23,23
52bf8fb6-bba2-11e8-b2b9-ac1f6b6435d0,11,11
52c76146-bbc5-11e8-b2bc-ac1f6b6435d0,25 2,2 25
52c905ae-bbb2-11e8-b2ba-ac1f6b6435d0,23,23
52c95216-bb9e-11e8-b2b9-ac1f6b6435d0,25 0,0 21 25
52ca5a8c-bbb0-11e8-b2ba-ac1f6b6435d0,19 0,0 19
52ca74dc-bbaf-11e8-b2ba-ac1f6b6435d0,14,14
52cd3af6-bbb8-11e8-b2ba-ac1f6b6435d0,5,0 5
52cdf4a2-bbb6-11e8-b2ba-ac1f6b6435d0,25 4,4 25
52cee71a-bbc8-11e8-b2bc-ac1f6b6435d0,14,14
52d20dd2-bbbe-11e8-b2ba-ac1f6b6435d0,0 21,0 21
52d2229c-bbc6-11e8-b2bc-ac1f6b6435d0,19,19
52d3085c-bbbb-11e8-b2ba-ac1f6b6435d0,25 0 21,0 25
52d6f038-bba8-11e8-b2ba-ac1f6b6435d0,16 0,0 16
52db0f3a-bbb5-11e8-b2ba-ac1f6b6435d0,23,23
52db8bf0-bbc8-11e8-b2bc-ac1f6b6435d0,4,4
52dcb686-bba7-11e8-b2ba-ac1f6b6435d0,2,2
52e019da-bbab-11e8-b2ba-ac1f6b6435d0,25 0,25
52e12458-bbc2-11e8-b2bb-ac1f6b6435d0,5 0 21,4 25
52e3c4c4-bb9f-11e8-b2b9-ac1f6b6435d0,6,6
52e41f2a-bbc0-11e8-b2bb-ac1f6b6435d0,4,4
52ed59f2-bbbe-11e8-b2ba-ac1f6b6435d0,2,0
52f0a80a-bbbe-11e8-b2ba-ac1f6b6435d0,23,23
52f22b3e-bba6-11e8-b2ba-ac1f6b6435d0,23 0,0 23
52f3ce4e-bba6-11e8-b2ba-ac1f6b6435d0,19 0,0 18 19 25
52f61234-bbb6-11e8-b2ba-ac1f6b6435d0,21,25
52f63c62-bb9a-11e8-b2b9-ac1f6b6435d0,25 0,0 25
52f64d48-bb9e-11e8-b2b9-ac1f6b6435d0,21,21
52f6ec86-bba2-11e8-b2b9-ac1f6b6435d0,23 0,0 23
52f974c6-bbb4-11e8-b2ba-ac1f6b6435d0,2 0,0
53027b18-bb9e-11e8-b2b9-ac1f6b6435d0,23,23
53066dee-bbb8-11e8-b2ba-ac1f6b6435d0,18,18
5307bec2-bbc9-11e8-b2bc-ac1f6b6435d0,7,7
530b20e6-bbae-11e8-b2ba-ac1f6b6435d0,25 0,0 25
530dcdc0-bba7-11e8-b2ba-ac1f6b6435d0,20,24
530e7396-bbc6-11e8-b2bc-ac1f6b6435d0,21,25
5310cf2a-bbc0-11e8-b2bb-ac1f6b6435d0,23,0 23
531105cc-bb9c-11e8-b2b9-ac1f6b6435d0,18 0,0
53149354-bbc4-11e8-b2bc-ac1f6b6435d0,14,14 17
531772dc-bbc8-11e8-b2bc-ac1f6b6435d0,0 21,0 21
531776c4-bbb9-11e8-b2ba-ac1f6b6435d0,1,1
5319862e-bba7-11e8-b2ba-ac1f6b6435d0,25 0,0 25
531a69b4-bbc4-11e8-b2bc-ac1f6b6435d0,25 7 0,0 7 25
531abe22-bbca-11e8-b2bc-ac1f6b6435d0,25 23 0,0 11
53254cc8-bba4-11e8-b2b9-ac1f6b6435d0,4,4
532720c2-bbb6-11e8-b2ba-ac1f6b6435d0,16 14,14
53284d66-bbb2-11e8-b2ba-ac1f6b6435d0,7 0 21,21
532a1dc8-bbbf-11e8-b2ba-ac1f6b6435d0,0,0
532b352e-bba0-11e8-b2b9-ac1f6b6435d0,13,0 25
532bced0-bbc3-11e8-b2bc-ac1f6b6435d0,2 0,0 2
53333bce-bba6-11e8-b2ba-ac1f6b6435d0,25 14,25
533386de-bbb4-11e8-b2ba-ac1f6b6435d0,24 25 7 21,24 25
5334c7e4-bbbc-11e8-b2ba-ac1f6b6435d0,11,11
533839a4-bbbe-11e8-b2ba-ac1f6b6435d0,25 2 21,2 21
5338b658-bbc4-11e8-b2bc-ac1f6b6435d0,2,2
5339d516-bbc3-11e8-b2bc-ac1f6b6435d0,19 4 21,4 25
533bb96a-bbc0-11e8-b2bb-ac1f6b6435d0,0,0 5
533d29b0-bbb8-11e8-b2ba-ac1f6b6435d0,25 18,25
5340c7d6-bbaa-11e8-b2ba-ac1f6b6435d0,23,23
53417128-bbbd-11e8-b2ba-ac1f6b6435d0,1 2 0,0 1
5341b644-bbb1-11e8-b2ba-ac1f6b6435d0,18,18
5343a788-bbac-11e8-b2ba-ac1f6b6435d0,18 0,0
5345ade6-bbb9-11e8-b2ba-ac1f6b6435d0,25,17 25
5347d28c-bbba-11e8-b2ba-ac1f6b6435d0,25 0,0 25
5347fd8c-bb9e-11e8-b2b9-ac1f6b6435d0,23,25
534a9442-bbc7-11e8-b2bc-ac1f6b6435d0,21,25
534b0740-bba6-11e8-b2ba-ac1f6b6435d0,22,21
534c61d6-bbaa-11e8-b2ba-ac1f6b6435d0,25 0,0
534f561e-bbac-11e8-b2ba-ac1f6b6435d0,0 21,5 21
53505d54-bbc8-11e8-b2bc-ac1f6b6435d0,12,12
5350b964-bb9d-11e8-b2b9-ac1f6b6435d0,23,23
5353cbcc-bba7-11e8-b2ba-ac1f6b6435d0,25 0,0 14 16
53544bc6-bbaa-11e8-b2ba-ac1f6b6435d0,12,12
535920e2-bbbe-11e8-b2ba-ac1f6b6435d0,23,23
535aac30-bbb6-11e8-b2ba-ac1f6b6435d0,24,24 25
535d09de-bb9e-11e8-b2b9-ac1f6b6435d0,19,19
536367f6-bb9f-11e8-b2b9-ac1f6b6435d0,4,4
5365041c-bbc2-11e8-b2bb-ac1f6b6435d0,7 18,18
5366be12-bbbb-11e8-b2ba-ac1f6b6435d0,25 0,25
536aeb62-bbbc-11e8-b2ba-ac1f6b6435d0,25 0,0 25
536c5e8a-bbbb-11e8-b2ba-ac1f6b6435d0,25 23,25
536d14d6-bb9f-11e8-b2b9-ac1f6b6435d0,4,4
536d8560-bb9a-11e8-b2b9-ac1f6b6435d0,2,2 25
5374aa1e-bbbf-11e8-b2ba-ac1f6b6435d0,0 21,0
5376550c-bba7-11e8-b2ba-ac1f6b6435d0,6,6
53771406-bbc0-11e8-b2bb-ac1f6b6435d0,18,18
537773e0-bbb3-11e8-b2ba-ac1f6b6435d0,3,3
537c447a-bbb7-11e8-b2ba-ac1f6b6435d0,2,2
537e1922-bbb1-11e8-b2ba-ac1f6b6435d0,4,4
537e1b7c-bbbe-11e8-b2ba-ac1f6b6435d0,25 4 3,0 25
537f0fba-bbb3-11e8-b2ba-ac1f6b6435d0,22 0,0 22
5381a7a0-bbb0-11e8-b2ba-ac1f6b6435d0,25 5,25
538791d8-bba6-11e8-b2ba-ac1f6b6435d0,0,0
538af954-bba6-11e8-b2ba-ac1f6b6435d0,5 0,0 5
538e657c-bbb4-11e8-b2ba-ac1f6b6435d0,21,25
5390310a-bba9-11e8-b2ba-ac1f6b6435d0,25 0,0 25
539262ac-bb9c-11e8-b2b9-ac1f6b6435d0,14 0,0 14
5394adde-bbc7-11e8-b2bc-ac1f6b6435d0,25 0 21,0 21 25
5399d57e-bbc8-11e8-b2bc-ac1f6b6435d0,7 5,0
539dc91c-bbc4-11e8-b2bc-ac1f6b6435d0,23 0,0 23
539dfa5c-bbbc-11e8-b2ba-ac1f6b6435d0,12,12
539f698c-bbbc-11e8-b2ba-ac1f6b6435d0,2,2
53a3800e-bbc0-11e8-b2bb-ac1f6b6435d0,25 2,2 7
53a3924c-bbc0-11e8-b2bb-ac1f6b6435d0,0,0
53a3c824-bbad-11e8-b2ba-ac1f6b6435d0,25 0 21,0 21 25
53a73e54-bbc2-11e8-b2bb-ac1f6b6435d0,1,1
53a77396-bba5-11e8-b2ba-ac1f6b6435d0,0 21,0 2 21
53a80932-bbb9-11e8-b2ba-ac1f6b6435d0,1 21,0 21
53a9e184-bbb0-11e8-b2ba-ac1f6b6435d0,25 0,0
53aa2bba-bba8-11e8-b2ba-ac1f6b6435d0,25 5 0,0 5
53aa7964-bbb5-11e8-b2ba-ac1f6b6435d0,25 7 2 0,0 25
53ab3ca2-bba9-11e8-b2ba-ac1f6b6435d0,3 0 21,0 3 25
53ad31c4-bbb3-11e8-b2ba-ac1f6b6435d0,21,21
53ad8fb4-bb9c-11e8-b2b9-ac1f6b6435d0,11,11
53b013ca-bbc8-11e8-b2bc-ac1f6b6435d0,4,4
53b18614-bbc4-11e8-b2bc-ac1f6b6435d0,24,24
53b4b044-bba8-11e8-b2ba-ac1f6b6435d0,25 1 0,1 25
53b4d4b8-bbba-11e8-b2ba-ac1f6b6435d0,23,23
53b6fbe2-bba3-11e8-b2b9-ac1f6b6435d0,0,0 25
53b8440c-bbc6-11e8-b2bc-ac1f6b6435d0,25 2 0,0 2 25
53c28ea8-bb9e-11e8-b2b9-ac1f6b6435d0,23,23
53c314a0-bb9d-11e8-b2b9-ac1f6b6435d0,25 0,0 25
53c3f776-bbbb-11e8-b2ba-ac1f6b6435d0,23,23
53c48e88-bbad-11e8-b2ba-ac1f6b6435d0,23 0,0 23
53ca2998-bbc5-11e8-b2bc-ac1f6b6435d0,12,12
53cabf7c-bb9b-11e8-b2b9-ac1f6b6435d0,3 0,0 3
53cc5a4c-bbc5-11e8-b2bc-ac1f6b6435d0,25 23 0,0 23
53d08d9c-bbb1-11e8-b2ba-ac1f6b6435d0,25 5,21 25
53d24b98-bbb4-11e8-b2ba-ac1f6b6435d0,23,23
53d25f7a-bbaa-11e8-b2ba-ac1f6b6435d0,25 14,14 25
53d36d9c-bbb5-11e8-b2ba-ac1f6b6435d0,5 0,0 5
53d384fc-bba2-11e8-b2b9-ac1f6b6435d0,3,3
53d5abbe-bbb7-11e8-b2ba-ac1f6b6435d0,5 0 21,0 5 21 22
53d9eab2-bbc1-11e8-b2bb-ac1f6b6435d0,25 18 0,0 21
53dacc10-bb9a-11e8-b2b9-ac1f6b6435d0,16 25,25
53e0980e-bbac-11e8-b2ba-ac1f6b6435d0,1,1
53e1bd0a-bba8-11e8-b2ba-ac1f6b6435d0,25 18 5,5
53e434ca-bbc3-11e8-b2bc-ac1f6b6435d0,19 3,3
53e5b3c8-bbb8-11e8-b2ba-ac1f6b6435d0,25 18,18 25
53e5ba28-bba2-11e8-b2b9-ac1f6b6435d0,25,25
53eb0b90-bbb6-11e8-b2ba-ac1f6b6435d0,0,0
53ecb0cc-bba6-11e8-b2ba-ac1f6b6435d0,0,0 7
53ef360e-bbb4-11e8-b2ba-ac1f6b6435d0,0 8,7
53f05c70-bbc1-11e8-b2bb-ac1f6b6435d0,0,0 25
53f3261a-bbbe-11e8-b2ba-ac1f6b6435d0,11,11
53f52e0c-bba9-11e8-b2ba-ac1f6b6435d0,23,23
53f64462-bbaa-11e8-b2ba-ac1f6b6435d0,5 0 21,5 21
53f7314e-bbc6-11e8-b2bc-ac1f6b6435d0,23,2 23
53fcfeb6-bb9f-11e8-b2b9-ac1f6b6435d0,21,21
53fefaa6-bb9d-11e8-b2b9-ac1f6b6435d0,25 0,0 25
5400b292-bbb1-11e8-b2ba-ac1f6b6435d0,23 0,0 23
540221e4-bba3-11e8-b2b9-ac1f6b6435d0,4,4
54029a20-bbbc-11e8-b2ba-ac1f6b6435d0,2 0,0 2
540365c8-bbac-11e8-b2ba-ac1f6b6435d0,23 0,23
5404dbf4-bbb8-11e8-b2ba-ac1f6b6435d0,22 21,21 22
54056d70-bbbe-11e8-b2ba-ac1f6b6435d0,21,25
54081bde-bb9a-11e8-b2b9-ac1f6b6435d0,25 0,0 25
5409d29e-bbb8-11e8-b2ba-ac1f6b6435d0,3,26
540aa8ce-bbac-11e8-b2ba-ac1f6b6435d0,11 3 0,0 3 11
540b038c-bbc5-11e8-b2bc-ac1f6b6435d0,6 2,6
540b137c-bba2-11e8-b2b9-ac1f6b6435d0,5,0 5
540d3932-bbb0-11e8-b2ba-ac1f6b6435d0,12,12
540d9c84-bba5-11e8-b2ba-ac1f6b6435d0,25,11 25
5412924e-bbae-11e8-b2ba-ac1f6b6435d0,6 7,6 7
541853a4-bbc3-11e8-b2bc-ac1f6b6435d0,7,7
541b081a-bbc3-11e8-b2bc-ac1f6b6435d0,22 0,21
541b11b6-bbb9-11e8-b2ba-ac1f6b6435d0,17 5,18
541e77e4-bba4-11e8-b2b9-ac1f6b6435d0,2 0,0
54227c26-bbb4-11e8-b2ba-ac1f6b6435d0,1 2,0 1 2
5424dd6e-bb9f-11e8-b2b9-ac1f6b6435d0,26 25 21,21 25
54257fb8-bbc6-11e8-b2bc-ac1f6b6435d0,4,4
54268280-bb9b-11e8-b2b9-ac1f6b6435d0,2 0,2
5431ca5a-bbc8-11e8-b2bc-ac1f6b6435d0,13,13
5431dc10-bbc9-11e8-b2bc-ac1f6b6435d0,14 0,5 14
5434796a-bbca-11e8-b2bc-ac1f6b6435d0,25 11 0,0 11
5436c778-bb9e-11e8-b2b9-ac1f6b6435d0,21,21
54380a66-bba8-11e8-b2ba-ac1f6b6435d0,23,23
5438d4b4-bbb2-11e8-b2ba-ac1f6b6435d0,25 0,0
543db028-bbbd-11e8-b2ba-ac1f6b6435d0,21,21
543ef4f0-bbbe-11e8-b2ba-ac1f6b6435d0,25,6 25
5441b55c-bbbc-11e8-b2ba-ac1f6b6435d0,23,23
54427408-bb9c-11e8-b2b9-ac1f6b6435d0,0,0
5443ae8a-bb9d-11e8-b2b9-ac1f6b6435d0,21,22
5445bb72-bba1-11e8-b2b9-ac1f6b6435d0,1,1
544a0240-bbb5-11e8-b2ba-ac1f6b6435d0,14 0,0 14
544e5488-bba8-11e8-b2ba-ac1f6b6435d0,7,7 24
5450ee3c-bb9e-11e8-b2b9-ac1f6b6435d0,3,0 3
5452297a-bbba-11e8-b2ba-ac1f6b6435d0,0,0 26
54555432-bbc5-11e8-b2bc-ac1f6b6435d0,25,21 25
5455d490-bbaf-11e8-b2ba-ac1f6b6435d0,23,23
5457c10c-bb9a-11e8-b2b9-ac1f6b6435d0,23,25
545a48ac-bb9d-11e8-b2b9-ac1f6b6435d0,25,25
545d1cbe-bbc8-11e8-b2bc-ac1f6b6435d0,5 0,0 5
545f59cc-bba3-11e8-b2b9-ac1f6b6435d0,25 5 0,5 25
545ff80c-bbc4-11e8-b2bc-ac1f6b6435d0,25 7 0,0 1 25
545ffe56-bbbf-11e8-b2ba-ac1f6b6435d0,25 0,0 25
5460c404-bba0-11e8-b2b9-ac1f6b6435d0,5 2 0,0 2
5462119a-bbc0-11e8-b2bb-ac1f6b6435d0,2,2
546470f0-bba9-11e8-b2ba-ac1f6b6435d0,0,0
5464b4b4-bbc9-11e8-b2bc-ac1f6b6435d0,2 21,2 21
54686712-bbbf-11e8-b2ba-ac1f6b6435d0,25 0,0 25
54691324-bbbf-11e8-b2ba-ac1f6b6435d0,25 0,0
5469db64-bbac-11e8-b2ba-ac1f6b6435d0,19,19
546d55f4-bba8-11e8-b2ba-ac1f6b6435d0,25,6
546dd87e-bbaa-11e8-b2ba-ac1f6b6435d0,0,0
546f9f08-bba3-11e8-b2b9-ac1f6b6435d0,23,23
54702316-bbbb-11e8-b2ba-ac1f6b6435d0,23 0,0 23
54737086-bb9b-11e8-b2b9-ac1f6b6435d0,2 0,0 2
5473d4f6-bbbc-11e8-b2ba-ac1f6b6435d0,3,3
54741098-bba7-11e8-b2ba-ac1f6b6435d0,18,25
54774596-bbc1-11e8-b2bb-ac1f6b6435d0,18 0,0 18
54776114-bb9b-11e8-b2b9-ac1f6b6435d0,11,0
54780390-bbc2-11e8-b2bb-ac1f6b6435d0,25,16 25
547955e2-bbbd-11e8-b2ba-ac1f6b6435d0,25 0,0 25
547bcb4a-bbb5-11e8-b2ba-ac1f6b6435d0,2 21,2 21
547c002c-bba8-11e8-b2ba-ac1f6b6435d0,2,2
547f99d4-bba4-11e8-b2b9-ac1f6b6435d0,23,23
54806574-bbba-11e8-b2ba-ac1f6b6435d0,4,0 4
5481090a-bba3-11e8-b2b9-ac1f6b6435d0,0 21,0 21
5482a3fa-bb9e-11e8-b2b9-ac1f6b6435d0,3,3
5482f368-bba4-11e8-b2b9-ac1f6b6435d0,6,21 25
548338c0-bbbb-11e8-b2ba-ac1f6b6435d0,23,23
54844ee8-bba9-11e8-b2ba-ac1f6b6435d0,2 0,0 2
548469d0-bbb5-11e8-b2ba-ac1f6b6435d0,2,2
54875eba-bb9c-11e8-b2b9-ac1f6b6435d0,5,5
5487b2e6-bbc6-11e8-b2bc-ac1f6b6435d0,3,3
5487d0c4-bbb6-11e8-b2ba-ac1f6b6435d0,23,23
54897140-bb9d-11e8-b2b9-ac1f6b6435d0,23,23
548992d6-bbc2-11e8-b2bb-ac1f6b6435d0,14,14
548b8fbe-bba4-11e8-b2b9-ac1f6b6435d0,25 2,2 23 25
548bb82a-bb9c-11e8-b2b9-ac1f6b6435d0,4,2 4
548bf2c2-bbc4-11e8-b2bc-ac1f6b6435d0,25 4 21,21
548d6944-bb9d-11e8-b2b9-ac1f6b6435d0,24 25,25
548fbe52-bbbf-11e8-b2ba-ac1f6b6435d0,21,0 21
54927e8a-bbb5-11e8-b2ba-ac1f6b6435d0,7 0,4 7
5497f390-bba8-11e8-b2ba-ac1f6b6435d0,2 0,0 2 7
54986792-bbc3-11e8-b2bc-ac1f6b6435d0,2 0,0 2
549901e2-bb9c-11e8-b2b9-ac1f6b6435d0,25,25
549bd45e-bbbe-11e8-b2ba-ac1f6b6435d0,7 0,7
549e2b80-bba7-11e8-b2ba-ac1f6b6435d0,23,23
54a58dfc-bba8-11e8-b2ba-ac1f6b6435d0,25 0,0 25
54a62e26-bbab-11e8-b2ba-ac1f6b6435d0,21,21
54a7fc4e-bba9-11e8-b2ba-ac1f6b6435d0,19,18 19
54a881cc-bbaf-11e8-b2ba-ac1f6b6435d0,25,25
54a95b0c-bbc2-11e8-b2bb-ac1f6b6435d0,25,6
54a9a13a-bbb2-11e8-b2ba-ac1f6b6435d0,3 0,0 3
54ae54a6-bba7-11e8-b2ba-ac1f6b6435d0,21,21
54b06470-bbb2-11e8-b2ba-ac1f6b6435d0,2 0,0 25
54b1e7c6-bbaa-11e8-b2ba-ac1f6b6435d0,18 0,0 19
54b52120-bba5-11e8-b2ba-ac1f6b6435d0,18 0,0 19
54b8cad6-bb9c-11e8-b2b9-ac1f6b6435d0,25 0 21,21
54ba2f7e-bba2-11e8-b2b9-ac1f6b6435d0,25 6 5 2,2 25
54bb13d8-bbae-11e8-b2ba-ac1f6b6435d0,25 4,0 25
54bb6206-bbb9-11e8-b2ba-ac1f6b6435d0,25 7,7 25
54c39610-bbb9-11e8-b2ba-ac1f6b6435d0,1 0,0 1
54c45fbc-bbc0-11e8-b2bb-ac1f6b6435d0,25 5,5 25
54c5c2f0-bbaa-11e8-b2ba-ac1f6b6435d0,6,6
54c8403e-bb9b-11e8-b2b9-ac1f6b6435d0,25,18 25
54c894dc-bba3-11e8-b2b9-ac1f6b6435d0,19,19
54c99a9c-bb9b-11e8-b2b9-ac1f6b6435d0,0,0
54cb26a6-bba4-11e8-b2b9-ac1f6b6435d0,23,23
54cb339e-bba4-11e8-b2b9-ac1f6b6435d0,2,0 2 25
54cb79a8-bbc7-11e8-b2bc-ac1f6b6435d0,25,25
54d0b7a6-bba4-11e8-b2b9-ac1f6b6435d0,25 0,0 25
54d23c18-bbbb-11e8-b2ba-ac1f6b6435d0,12 25 4,4 25
54d3ba9e-bbab-11e8-b2ba-ac1f6b6435d0,19 0,0
54d3d200-bb9b-11e8-b2b9-ac1f6b6435d0,1,0 1
54d6ebf4-bbbc-11e8-b2ba-ac1f6b6435d0,16 14,14
54d8499c-bba6-11e8-b2ba-ac1f6b6435d0,6,6 23
54d9b77a-bbc2-11e8-b2bb-ac1f6b6435d0,23 0,0 23
54dd6610-bb9d-11e8-b2b9-ac1f6b6435d0,0,0
54e2f6f2-bbb6-11e8-b2ba-ac1f6b6435d0,7 0,0 7
54e9e8c0-bbae-11e8-b2ba-ac1f6b6435d0,4,4
54ecf53c-bbc8-11e8-b2bc-ac1f6b6435d0,25 0,0 25
54eeee6c-bbb6-11e8-b2ba-ac1f6b6435d0,3,3
54f0dbc2-bbad-11e8-b2ba-ac1f6b6435d0,23,23
54f15d22-bb9e-11e8-b2b9-ac1f6b6435d0,19 5,5
54f41d8e-bb9c-11e8-b2b9-ac1f6b6435d0,5,5
54f4f408-bbbe-11e8-b2ba-ac1f6b6435d0,0,0
54f6134a-bbac-11e8-b2ba-ac1f6b6435d0,1,1
54f83eee-bbb7-11e8-b2ba-ac1f6b6435d0,25 4,4
54fa901c-bbb3-11e8-b2ba-ac1f6b6435d0,19,21
54fb844e-bba0-11e8-b2b9-ac1f6b6435d0,11,11
54fce3d4-bbb4-11e8-b2ba-ac1f6b6435d0,7 0,0 7
54ff32ea-bba2-11e8-b2b9-ac1f6b6435d0,23 0,0 23
55002502-bbba-11e8-b2ba-ac1f6b6435d0,2,2 25
55040402-bba0-11e8-b2b9-ac1f6b6435d0,25,25
5505088e-bb9b-11e8-b2b9-ac1f6b6435d0,4,4
55055aaa-bba5-11e8-b2ba-ac1f6b6435d0,4,4
55076592-bb9c-11e8-b2b9-ac1f6b6435d0,18,7
5507bbe8-bbc2-11e8-b2bb-ac1f6b6435d0,2,0 2
5508a0e2-bbc4-11e8-b2bc-ac1f6b6435d0,25 5,25
550a0d9e-bba9-11e8-b2ba-ac1f6b6435d0,7 2 0,0 7
550e971c-bbbb-11e8-b2ba-ac1f6b6435d0,4,4
550ed920-bbb1-11e8-b2ba-ac1f6b6435d0,0,0 2
55110e56-bba3-11e8-b2b9-ac1f6b6435d0,14 0,0 14 16 17
5513b82c-bbc1-11e8-b2bb-ac1f6b6435d0,19 11 0,19
5516814e-bbab-11e8-b2ba-ac1f6b6435d0,4,4 22
5516c416-bba0-11e8-b2b9-ac1f6b6435d0,14 0,0
5517b50c-bbc2-11e8-b2bb-ac1f6b6435d0,1,1
55204908-bbac-11e8-b2ba-ac1f6b6435d0,7 0,0 7
5522940a-bbbc-11e8-b2ba-ac1f6b6435d0,2,2
5523dfc2-bbc1-11e8-b2bb-ac1f6b6435d0,25 7 0,0 7 25
5525c480-bb9a-11e8-b2b9-ac1f6b6435d0,0,0 5
5525fb80-bbc7-11e8-b2bc-ac1f6b6435d0,1 0,1
552680ae-bba0-11e8-b2b9-ac1f6b6435d0,7 0,0 7
552896a2-bbb7-11e8-b2ba-ac1f6b6435d0,23,23
552929d2-bbb7-11e8-b2ba-ac1f6b6435d0,23 0,0 25
552a034c-bb9a-11e8-b2b9-ac1f6b6435d0,23,23
552a3cd6-bb9f-11e8-b2b9-ac1f6b6435d0,26 0,26
552d2bec-bbbf-11e8-b2ba-ac1f6b6435d0,0,0
552d2f5c-bb9c-11e8-b2b9-ac1f6b6435d0,23 0,23
552d53fc-bb9b-11e8-b2b9-ac1f6b6435d0,6 5,0 5
552eeb5e-bbaf-11e8-b2ba-ac1f6b6435d0,19,19
552fdeae-bbbb-11e8-b2ba-ac1f6b6435d0,4,0 19
5532d200-bbaa-11e8-b2ba-ac1f6b6435d0,23 0,23
55343494-bbb7-11e8-b2ba-ac1f6b6435d0,14 0,14
55346812-bbab-11e8-b2ba-ac1f6b6435d0,4 0,4
5534daae-bb9c-11e8-b2b9-ac1f6b6435d0,0 21,25
55392d0c-bbb5-11e8-b2ba-ac1f6b6435d0,25 21,21 25
5539ea72-bbaf-11e8-b2ba-ac1f6b6435d0,0,0
553c81fa-bba1-11e8-b2b9-ac1f6b6435d0,25 23,21
553ddf0e-bbc0-11e8-b2bb-ac1f6b6435d0,19 4,4 19
5540e17e-bbb4-11e8-b2ba-ac1f6b6435d0,6,6
5541b6c4-bb9d-11e8-b2b9-ac1f6b6435d0,6,25
5542f452-bba3-11e8-b2b9-ac1f6b6435d0,25 0,0 25
5543734a-bbae-11e8-b2ba-ac1f6b6435d0,2,0 2
554e44ee-bba1-11e8-b2b9-ac1f6b6435d0,0,0
554e9fd2-bbbc-11e8-b2ba-ac1f6b6435d0,0,0 25
554ece34-bbbd-11e8-b2ba-ac1f6b6435d0,25,25
55518ee4-bb9f-11e8-b2b9-ac1f6b6435d0,4,4
5554d2e0-bba7-11e8-b2ba-ac1f6b6435d0,3,3
55569706-bb9d-11e8-b2b9-ac1f6b6435d0,26,2
55612730-bbba-11e8-b2ba-ac1f6b6435d0,1,25
55675402-bbc4-11e8-b2bc-ac1f6b6435d0,14,14
556e6626-bbbe-11e8-b2ba-ac1f6b6435d0,4,4
556eabb6-bbb6-11e8-b2ba-ac1f6b6435d0,25 7 2,2 7
5571d0d8-bbc1-11e8-b2bb-ac1f6b6435d0,25 0,0 25
55751b60-bbb9-11e8-b2ba-ac1f6b6435d0,23 0,0 23
5575276e-bbb3-11e8-b2ba-ac1f6b6435d0,14 0 21,0 14 21 25
557597a4-bbb2-11e8-b2ba-ac1f6b6435d0,7 2 0,0 23
557b680e-bbc2-11e8-b2bb-ac1f6b6435d0,23,23
557c091e-bbca-11e8-b2bc-ac1f6b6435d0,3,3
557dddce-bbad-11e8-b2ba-ac1f6b6435d0,25 0,0
557e092c-bbbf-11e8-b2ba-ac1f6b6435d0,0 21,0 22
557f7be0-bba1-11e8-b2b9-ac1f6b6435d0,2 0,0 2
557f8b74-bba8-11e8-b2ba-ac1f6b6435d0,4,4
55861a6c-bbb1-11e8-b2ba-ac1f6b6435d0,5,5
5586447a-bbc9-11e8-b2bc-ac1f6b6435d0,19 0,0 25
5586ccee-bb9f-11e8-b2b9-ac1f6b6435d0,0,0
558a2e2c-bbb1-11e8-b2ba-ac1f6b6435d0,25 7 4,4 7 23
558bedf8-bbab-11e8-b2ba-ac1f6b6435d0,18,18
558d5394-bba3-11e8-b2b9-ac1f6b6435d0,7 0,0 7
558d8fac-bb9a-11e8-b2b9-ac1f6b6435d0,7,18
558dfed4-bba3-11e8-b2b9-ac1f6b6435d0,11,11
55903a12-bba5-11e8-b2ba-ac1f6b6435d0,25,21 25
55940474-bbb1-11e8-b2ba-ac1f6b6435d0,21,25
55955926-bbb8-11e8-b2ba-ac1f6b6435d0,16 18 17 0,18 25
559c11b8-bba3-11e8-b2b9-ac1f6b6435d0,19,19
559f7ce0-bbb2-11e8-b2ba-ac1f6b6435d0,25 2 0,0 2 25
55a2b4f0-bbb2-11e8-b2ba-ac1f6b6435d0,25,25
55a5f25e-bbb8-11e8-b2ba-ac1f6b6435d0,0,0
55a6e226-bbc8-11e8-b2bc-ac1f6b6435d0,3 0,0 2
55a79424-bb9f-11e8-b2b9-ac1f6b6435d0,24 18,18 24
55a95ece-bbc9-11e8-b2bc-ac1f6b6435d0,4 21,4 21
55ac2cda-bbb0-11e8-b2ba-ac1f6b6435d0,6,6
55afcd7e-bbae-11e8-b2ba-ac1f6b6435d0,25 4,4
55afe6c4-bbc7-11e8-b2bc-ac1f6b6435d0,7 0 21,0 7 21
55b57b06-bbc3-11e8-b2bc-ac1f6b6435d0,25,25
55b875d0-bbc9-11e8-b2bc-ac1f6b6435d0,7,7
55b8e2bc-bba2-11e8-b2b9-ac1f6b6435d0,4,4
55bcab36-bbca-11e8-b2bc-ac1f6b6435d0,21,21
55c1b972-bbc6-11e8-b2bc-ac1f6b6435d0,14,14
55c4157a-bbc9-11e8-b2bc-ac1f6b6435d0,22 2 0,0 22
55c587a6-bba2-11e8-b2b9-ac1f6b6435d0,24 0,0
55c7f1ba-bbae-11e8-b2ba-ac1f6b6435d0,25 21,0 21 25
55cceec6-bbb9-11e8-b2ba-ac1f6b6435d0,11 0,6 11
55d07a90-bbb0-11e8-b2ba-ac1f6b6435d0,0,0
55d1d0ba-bbb1-11e8-b2ba-ac1f6b6435d0,25,25
55d3c674-bba0-11e8-b2b9-ac1f6b6435d0,12 7,12
55db7b40-bba4-11e8-b2b9-ac1f6b6435d0,7,7
55dc275c-bba4-11e8-b2b9-ac1f6b6435d0,25 0,0 25
55dce0ce-bbb4-11e8-b2ba-ac1f6b6435d0,0,0
55dd00ae-bb9b-11e8-b2b9-ac1f6b6435d0,3,3
55de2b84-bbad-11e8-b2ba-ac1f6b6435d0,25 2,2
55df8d20-bbbd-11e8-b2ba-ac1f6b6435d0,23,23
55e033c0-bbc6-11e8-b2bc-ac1f6b6435d0,7,7
55e07f14-bbbd-11e8-b2ba-ac1f6b6435d0,25 3 0,0 2 25
55e0eb16-bbb3-11e8-b2ba-ac1f6b6435d0,25,25
55e377a6-bba3-11e8-b2b9-ac1f6b6435d0,25 16 0,0
55e3d3f0-bbb1-11e8-b2ba-ac1f6b6435d0,0,2
55e963bc-bbaf-11e8-b2ba-ac1f6b6435d0,2,2
55ed3054-bbb5-11e8-b2ba-ac1f6b6435d0,4,4 25
55f037ac-bbb2-11e8-b2ba-ac1f6b6435d0,14,14
55f12448-bbb0-11e8-b2ba-ac1f6b6435d0,18,18
55f1a650-bbc1-11e8-b2bb-ac1f6b6435d0,19,18
55f55874-bbb5-11e8-b2ba-ac1f6b6435d0,2 0,2
55f7014a-bbc6-11e8-b2bc-ac1f6b6435d0,14 5,5 14
55f95ccc-bbaf-11e8-b2ba-ac1f6b6435d0,11,11
5601e92e-bba4-11e8-b2b9-ac1f6b6435d0,5,5
5604bbde-bbc9-11e8-b2bc-ac1f6b6435d0,25 3 0,0 21
56078ac4-bbb7-11e8-b2ba-ac1f6b6435d0,19 3,3
56090514-bba5-11e8-b2ba-ac1f6b6435d0,25,25
560a0976-bba2-11e8-b2b9-ac1f6b6435d0,23,23
560a8cc6-bbab-11e8-b2ba-ac1f6b6435d0,1 0,0 1 25
560b97fe-bba8-11e8-b2ba-ac1f6b6435d0,13 14,14
560c0da6-bba8-11e8-b2ba-ac1f6b6435d0,25 4,4 25
560fd488-bbc4-11e8-b2bc-ac1f6b6435d0,25 7,7 25
561044dc-bba5-11e8-b2ba-ac1f6b6435d0,14,14
5611f952-bbb5-11e8-b2ba-ac1f6b6435d0,1,1
5614f7e0-bbb2-11e8-b2ba-ac1f6b6435d0,25 21,21 25
5619629a-bbb6-11e8-b2ba-ac1f6b6435d0,24,24
561a9564-bbc7-11e8-b2bc-ac1f6b6435d0,11,11
561bc692-bbbc-11e8-b2ba-ac1f6b6435d0,0,0
561e9c0a-bbb7-11e8-b2ba-ac1f6b6435d0,5,5
5621c846-bbc4-11e8-b2bc-ac1f6b6435d0,25 23,25
56220ea0-bba1-11e8-b2b9-ac1f6b6435d0,25 4,4
5622e250-bbc7-11e8-b2bc-ac1f6b6435d0,14,25
56237f6e-bba2-11e8-b2b9-ac1f6b6435d0,7,7
562434fa-bbb5-11e8-b2ba-ac1f6b6435d0,25 21,21
5624bafc-bbaa-11e8-b2ba-ac1f6b6435d0,12 0 21,0 12 25
5626172a-bbb0-11e8-b2ba-ac1f6b6435d0,3 0,0
56263a44-bbaa-11e8-b2ba-ac1f6b6435d0,25 2,0 2
562c8e3e-bbb5-11e8-b2ba-ac1f6b6435d0,7 21,0 7 25
562f39e6-bbc3-11e8-b2bc-ac1f6b6435d0,4,4
5633eb38-bbc0-11e8-b2bb-ac1f6b6435d0,7 0,0 7
5640b67a-bba6-11e8-b2ba-ac1f6b6435d0,2 0,0 2
5644fc6a-bbc6-11e8-b2bc-ac1f6b6435d0,25 5,0 25
56452006-bbb6-11e8-b2ba-ac1f6b6435d0,0,26
56452c42-bba5-11e8-b2ba-ac1f6b6435d0,25,25
5647ce88-bba1-11e8-b2b9-ac1f6b6435d0,23 3,23
5647da5e-bbb0-11e8-b2ba-ac1f6b6435d0,5 0,5
565191fa-bbad-11e8-b2ba-ac1f6b6435d0,11,11 24
5652d9aa-bba5-11e8-b2ba-ac1f6b6435d0,25,0
56542e48-bbc0-11e8-b2bb-ac1f6b6435d0,23,23
5657711e-bbb3-11e8-b2ba-ac1f6b6435d0,25 0 21,0 13 21 25
565dbefe-bbc0-11e8-b2bb-ac1f6b6435d0,20,20
565e6716-bba0-11e8-b2b9-ac1f6b6435d0,0 21,0 5
566043ee-bba8-11e8-b2ba-ac1f6b6435d0,0,0 11
5663f628-bbb8-11e8-b2ba-ac1f6b6435d0,25 0,0 7
5666db28-bba3-11e8-b2b9-ac1f6b6435d0,25,25
5667843c-bbc2-11e8-b2bb-ac1f6b6435d0,3,3
5669718a-bbb2-11e8-b2ba-ac1f6b6435d0,4,4
566a7fe0-bba7-11e8-b2ba-ac1f6b6435d0,7,2 7
566d1674-bbc5-11e8-b2bc-ac1f6b6435d0,23 2 0,0 2 23
566edc5e-bbaa-11e8-b2ba-ac1f6b6435d0,19 5 0,4
566f7f42-bbc8-11e8-b2bc-ac1f6b6435d0,7 0,0 7
5670f6ae-bbc0-11e8-b2bb-ac1f6b6435d0,25 6 2,2 6 25
567262c8-bbb1-11e8-b2ba-ac1f6b6435d0,18 0,0 19
5678ed5e-bbb2-11e8-b2ba-ac1f6b6435d0,25 23,23
567a7f4e-bbbb-11e8-b2ba-ac1f6b6435d0,5,2 5
567fd0d0-bba1-11e8-b2b9-ac1f6b6435d0,25 0,0 25
5682515c-bbc9-11e8-b2bc-ac1f6b6435d0,12 25 0,0 21
5682983a-bbc7-11e8-b2bc-ac1f6b6435d0,25 5,0 2 25
5683a62e-bbc4-11e8-b2bc-ac1f6b6435d0,11 2 0,0 2 11
5684546e-bbc6-11e8-b2bc-ac1f6b6435d0,25 0,0 25
5684fad6-bb9e-11e8-b2b9-ac1f6b6435d0,25 0,0 25
568771aa-bbab-11e8-b2ba-ac1f6b6435d0,19 0,0 19
5689d3f6-bbaf-11e8-b2ba-ac1f6b6435d0,2,0 2
569052de-bbc4-11e8-b2bc-ac1f6b6435d0,2 0,0 2
56921efe-bba4-11e8-b2b9-ac1f6b6435d0,4 0,0 4 11
5693ca9a-bbb0-11e8-b2ba-ac1f6b6435d0,25 0,0 25
56976cba-bbbd-11e8-b2ba-ac1f6b6435d0,23 0,0 23
569cf37c-bbba-11e8-b2ba-ac1f6b6435d0,26 4,4
569e1e6a-bbb9-11e8-b2ba-ac1f6b6435d0,25 0,0 25
569f4484-bbbe-11e8-b2ba-ac1f6b6435d0,6 1,1 6
56a3412c-bbca-11e8-b2bc-ac1f6b6435d0,19 25,19 25
56a4a000-bbbe-11e8-b2ba-ac1f6b6435d0,2,2
56a55b92-bbbb-11e8-b2ba-ac1f6b6435d0,23,25
56a6e0a8-bba1-11e8-b2b9-ac1f6b6435d0,0,0 24
56a82084-bb9d-11e8-b2b9-ac1f6b6435d0,11 0,0 12
56a82b42-bbca-11e8-b2bc-ac1f6b6435d0,0,0 21
56aea646-bbc2-11e8-b2bb-ac1f6b6435d0,11,11 24
56b608e0-bbc3-11e8-b2bc-ac1f6b6435d0,23,23
56b94556-bb9a-11e8-b2b9-ac1f6b6435d0,26,25 26
56b94636-bbb4-11e8-b2ba-ac1f6b6435d0,2,2
56baa9be-bba9-11e8-b2ba-ac1f6b6435d0,6 0,0
56bd6136-bb9a-11e8-b2b9-ac1f6b6435d0,25,25
56c08936-bbba-11e8-b2ba-ac1f6b6435d0,23,0 23
56c9e58e-bbc5-11e8-b2bc-ac1f6b6435d0,24 18,24
56c9f920-bbc0-11e8-b2bb-ac1f6b6435d0,25 0,25
56cae760-bbb9-11e8-b2ba-ac1f6b6435d0,0,0
56cdcb60-bba5-11e8-b2ba-ac1f6b6435d0,7,7 25
56cddc84-bbbb-11e8-b2ba-ac1f6b6435d0,23,23
56ced5f8-bba2-11e8-b2b9-ac1f6b6435d0,0 21,0 21
56cf8588-bba3-11e8-b2b9-ac1f6b6435d0,6,23
56d31e4a-bbb3-11e8-b2ba-ac1f6b6435d0,4,4 25
56d44de4-bbc0-11e8-b2bb-ac1f6b6435d0,23,23
56d80dea-bbb0-11e8-b2ba-ac1f6b6435d0,25 0,25
56d8b912-bba5-11e8-b2ba-ac1f6b6435d0,7,7
56d92c4c-bbca-11e8-b2bc-ac1f6b6435d0,7,25
56db03ea-bbad-11e8-b2ba-ac1f6b6435d0,2 0,0
56db63e8-bb9a-11e8-b2b9-ac1f6b6435d0,7,25
56de5bc8-bba1-11e8-b2b9-ac1f6b6435d0,25 23,25
56df2abe-bbae-11e8-b2ba-ac1f6b6435d0,14,14
56dfc700-bbca-11e8-b2bc-ac1f6b6435d0,23 0,0 25
56dffca4-bbb9-11e8-b2ba-ac1f6b6435d0,14,14
56e73f96-bbb9-11e8-b2ba-ac1f6b6435d0,7,7
56ea4158-bba7-11e8-b2ba-ac1f6b6435d0,3,3
56ea5894-bb9f-11e8-b2b9-ac1f6b6435d0,23,23
56eb57d8-bbbf-11e8-b2ba-ac1f6b6435d0,4,4
56eefc04-bbc3-11e8-b2bc-ac1f6b6435d0,0,0 25
56f06ece-bbb7-11e8-b2ba-ac1f6b6435d0,2 0,0 3
56f0f832-bbb5-11e8-b2ba-ac1f6b6435d0,7 0,0 7
56f26dfa-bbad-11e8-b2ba-ac1f6b6435d0,3,3
56f26f06-bbbe-11e8-b2ba-ac1f6b6435d0,25 2,2 25
56f37178-bbc1-11e8-b2bb-ac1f6b6435d0,25 13 0 21,0 21
56f44fbe-bbba-11e8-b2ba-ac1f6b6435d0,6,14
56f808ba-bbbb-11e8-b2ba-ac1f6b6435d0,22 4,4
56f90f80-bbb6-11e8-b2ba-ac1f6b6435d0,3,3
56fbf3f2-bb9e-11e8-b2b9-ac1f6b6435d0,3 8,3 8
56fd2d78-bba6-11e8-b2ba-ac1f6b6435d0,25 6,25
5703bfde-bba2-11e8-b2b9-ac1f6b6435d0,25,25
57044816-bbc3-11e8-b2bc-ac1f6b6435d0,1 0,0 1 2
57045aa4-bbc8-11e8-b2bc-ac1f6b6435d0,6,25
57063a68-bbb4-11e8-b2ba-ac1f6b6435d0,23 0,0 23
5706efac-bba6-11e8-b2ba-ac1f6b6435d0,23,0 23
5708c48a-bba1-11e8-b2b9-ac1f6b6435d0,21,21
570a598a-bbc4-11e8-b2bc-ac1f6b6435d0,23 0,0 23
570c74e8-bbad-11e8-b2ba-ac1f6b6435d0,5,5
570c802c-bbc7-11e8-b2bc-ac1f6b6435d0,23,23
570f7eee-bb9a-11e8-b2b9-ac1f6b6435d0,26 25,25
570fb274-bb9f-11e8-b2b9-ac1f6b6435d0,22 3,3 22
57132c62-bbb1-11e8-b2ba-ac1f6b6435d0,2 0,0 2
57156fcc-bba7-11e8-b2ba-ac1f6b6435d0,25 0,0 3
5718a258-bbb8-11e8-b2ba-ac1f6b6435d0,21,21
571bfd48-bbc9-11e8-b2bc-ac1f6b6435d0,25 2,25 26
571f382c-bba2-11e8-b2b9-ac1f6b6435d0,24,24
5721d032-bbb1-11e8-b2ba-ac1f6b6435d0,0 21,0 21
57267476-bbab-11e8-b2ba-ac1f6b6435d0,5,0 24
57276d52-bb9e-11e8-b2b9-ac1f6b6435d0,25,25
572afabe-bba1-11e8-b2b9-ac1f6b6435d0,25 21,21 25
572b827a-bb9e-11e8-b2b9-ac1f6b6435d0,0 21,0 21
572c2e78-bb9e-11e8-b2b9-ac1f6b6435d0,0,0 5
572c7dc2-bbc3-11e8-b2bc-ac1f6b6435d0,7 2,2
5730afb6-bbb2-11e8-b2ba-ac1f6b6435d0,7 3,0 7
5731f4c2-bbba-11e8-b2ba-ac1f6b6435d0,13 21,21
57342192-bbbb-11e8-b2ba-ac1f6b6435d0,16 14 17,14
5735c024-bba7-11e8-b2ba-ac1f6b6435d0,0 21,21
57365e88-bbb3-11e8-b2ba-ac1f6b6435d0,21,0
57368a94-bba8-11e8-b2ba-ac1f6b6435d0,18,25
573790e0-bbbe-11e8-b2ba-ac1f6b6435d0,7 0 21,0 7 21
573b44ac-bba4-11e8-b2b9-ac1f6b6435d0,16 25 0,0 25
573ba746-bbb6-11e8-b2ba-ac1f6b6435d0,2,2
5741a242-bbaa-11e8-b2ba-ac1f6b6435d0,2 0,0 2
5741e9ea-bba1-11e8-b2b9-ac1f6b6435d0,25 6 0,25
5743013c-bb9b-11e8-b2b9-ac1f6b6435d0,25 4,4
574327b2-bbae-11e8-b2ba-ac1f6b6435d0,0,0
5744fda2-bbb4-11e8-b2ba-ac1f6b6435d0,3 0,0 3
5748eda2-bb9d-11e8-b2b9-ac1f6b6435d0,25,25
574bca5c-bbae-11e8-b2ba-ac1f6b6435d0,4 2,2 4
574c982e-bbae-11e8-b2ba-ac1f6b6435d0,25 0,0 19
574d854c-bbac-11e8-b2ba-ac1f6b6435d0,12 5,5 25
574f96d4-bbca-11e8-b2bc-ac1f6b6435d0,25 5,5 25
57513f5e-bb9b-11e8-b2b9-ac1f6b6435d0,25,25
57514d36-bb9c-11e8-b2b9-ac1f6b6435d0,2,2
5752b0a8-bbb1-11e8-b2ba-ac1f6b6435d0,25 3 0,0 3 25
575666ec-bba9-11e8-b2ba-ac1f6b6435d0,3 0,0 3 7
5757c224-bbc9-11e8-b2bc-ac1f6b6435d0,3,3
5759b4e2-bb9e-11e8-b2b9-ac1f6b6435d0,2,2
575c1b40-bbb9-11e8-b2ba-ac1f6b6435d0,25 2 0,0 25
575cbdfa-bbb1-11e8-b2ba-ac1f6b6435d0,2,2
576062cc-bbb4-11e8-b2ba-ac1f6b6435d0,2 0,0 2
5763b122-bbbc-11e8-b2ba-ac1f6b6435d0,23,23
57643ed6-bba7-11e8-b2ba-ac1f6b6435d0,11 2,2 16
57652786-bbb8-11e8-b2ba-ac1f6b6435d0,25 0,0 25
5767858a-bbc7-11e8-b2bc-ac1f6b6435d0,1 0,0 1
5767e928-bbc5-11e8-b2bc-ac1f6b6435d0,7 0,0 7
576b7ad0-bbab-11e8-b2ba-ac1f6b6435d0,2 21,2 21
576c1a0a-bb9f-11e8-b2b9-ac1f6b6435d0,3,3
576d1c24-bba0-11e8-b2b9-ac1f6b6435d0,25 7,25
576f6846-bbc1-11e8-b2bb-ac1f6b6435d0,5 0,0 5
57700e10-bbc9-11e8-b2bc-ac1f6b6435d0,25 0,0
5771fbb0-bb9e-11e8-b2b9-ac1f6b6435d0,13 1 0,0 1 13
5776a8ec-bbb0-11e8-b2ba-ac1f6b6435d0,25 0,0 25
5778fd2c-bbab-11e8-b2ba-ac1f6b6435d0,16 18 17,17 18
577a1946-bbba-11e8-b2ba-ac1f6b6435d0,23,9 10 20
577b3f0c-bbaa-11e8-b2ba-ac1f6b6435d0,2 0,0 2
577e6c68-bb9b-11e8-b2b9-ac1f6b6435d0,25 0,0 25
5781668e-bbaf-11e8-b2ba-ac1f6b6435d0,26 0,0
57850428-bbc9-11e8-b2bc-ac1f6b6435d0,7 16 0,0 7
57855f54-bbc4-11e8-b2bc-ac1f6b6435d0,23 5 0,0 5 25
5789870a-bbb5-11e8-b2ba-ac1f6b6435d0,23,25
578a8cd8-bbb3-11e8-b2ba-ac1f6b6435d0,2,2 3
578b2c46-bbc3-11e8-b2bc-ac1f6b6435d0,3,3
5793e8f4-bba0-11e8-b2b9-ac1f6b6435d0,12 25,25
57941108-bbbe-11e8-b2ba-ac1f6b6435d0,12,25
5796e8d0-bbad-11e8-b2ba-ac1f6b6435d0,19 0,0 19
579784a2-bbc6-11e8-b2bc-ac1f6b6435d0,2,2
5797ee18-bbb9-11e8-b2ba-ac1f6b6435d0,23,23
5798c320-bbb3-11e8-b2ba-ac1f6b6435d0,23,0
57996924-bbc7-11e8-b2bc-ac1f6b6435d0,5,5
579c0e42-bbb6-11e8-b2ba-ac1f6b6435d0,1 4 3,1 4
579eb00e-bbaa-11e8-b2ba-ac1f6b6435d0,2 0,0 2
57a229e4-bbc5-11e8-b2bc-ac1f6b6435d0,4,4
57a47408-bba0-11e8-b2b9-ac1f6b6435d0,4,4
57a4828e-bba2-11e8-b2b9-ac1f6b6435d0,8,8 20
57a79600-bbb0-11e8-b2ba-ac1f6b6435d0,21,21
57a823fa-bba5-11e8-b2ba-ac1f6b6435d0,25 0,17 21
57acc0a0-bbae-11e8-b2ba-ac1f6b6435d0,25,21 25
57afd526-bbb6-11e8-b2ba-ac1f6b6435d0,25 0,0
57b16d0c-bbc3-11e8-b2bc-ac1f6b6435d0,19,25
57b2797e-bbb7-11e8-b2ba-ac1f6b6435d0,21,21
57b582b4-bb9d-11e8-b2b9-ac1f6b6435d0,23,23
57bac816-bbc3-11e8-b2bc-ac1f6b6435d0,23 0,0
57bbbbe4-bbc4-11e8-b2bc-ac1f6b6435d0,25 21,0 21 25
57bcc84a-bbc4-11e8-b2bc-ac1f6b6435d0,0,0
57bd60d8-bbb6-11e8-b2ba-ac1f6b6435d0,0,0 5
57c109b0-bb9b-11e8-b2b9-ac1f6b6435d0,3 0,0 3
57c12c30-bba3-11e8-b2b9-ac1f6b6435d0,0,0
57c5c73a-bba4-11e8-b2b9-ac1f6b6435d0,25 2,25
57c6b0d6-bbaa-11e8-b2ba-ac1f6b6435d0,14 5,14
57c7a504-bba0-11e8-b2b9-ac1f6b6435d0,23,23
57c8d7a0-bbad-11e8-b2ba-ac1f6b6435d0,7,7
57cad39e-bba2-11e8-b2b9-ac1f6b6435d0,25 0 21,0 25
57d0060a-bbbd-11e8-b2ba-ac1f6b6435d0,3 0,0 25
57d5bc62-bbc7-11e8-b2bc-ac1f6b6435d0,3,4
57da066e-bbae-11e8-b2ba-ac1f6b6435d0,25 0,0 25
57ddc9e4-bba8-11e8-b2ba-ac1f6b6435d0,23 0,0 23
57ddfe84-bbbf-11e8-b2ba-ac1f6b6435d0,2 0,0 2
57dfbee8-bbbc-11e8-b2ba-ac1f6b6435d0,12,12 13
57e06c66-bba9-11e8-b2ba-ac1f6b6435d0,24 0,0 2
57e0e15e-bbaa-11e8-b2ba-ac1f6b6435d0,19 25,19 25
57e15eb2-bbab-11e8-b2ba-ac1f6b6435d0,25,25
57e1a3ae-bbc4-11e8-b2bc-ac1f6b6435d0,19,19
57e4479a-bbaf-11e8-b2ba-ac1f6b6435d0,11 14,11 24
57e5f776-bbbd-11e8-b2ba-ac1f6b6435d0,25 2,2 25
57e99160-bba4-11e8-b2b9-ac1f6b6435d0,0,0
57ec6330-bbc8-11e8-b2bc-ac1f6b6435d0,2 0,0 2
57f263ac-bbb4-11e8-b2ba-ac1f6b6435d0,6,0 6 21
57f36d42-bbaa-11e8-b2ba-ac1f6b6435d0,7 1,0 1 7
57f54762-bbb8-11e8-b2ba-ac1f6b6435d0,25 21,21 25
57f6c082-bbaa-11e8-b2ba-ac1f6b6435d0,11 0,0 21
57f985cc-bba7-11e8-b2ba-ac1f6b6435d0,5 0,0 5
57facf8e-bba9-11e8-b2ba-ac1f6b6435d0,19 11 0,19
57fbf238-bb9a-11e8-b2b9-ac1f6b6435d0,7 3,2 3
57fc0332-bbc6-11e8-b2bc-ac1f6b6435d0,25,25
57fe0520-bbbb-11e8-b2ba-ac1f6b6435d0,25 6,25
57ff9e4c-bbbd-11e8-b2ba-ac1f6b6435d0,16 14 0 21,0 25
5803a884-bbc2-11e8-b2bb-ac1f6b6435d0,19,19
58054046-bbb7-11e8-b2ba-ac1f6b6435d0,26 25,25 26
58055880-bbb5-11e8-b2ba-ac1f6b6435d0,1 0,0 1
580586ea-bba9-11e8-b2ba-ac1f6b6435d0,25 6 2,2 25
5808c58a-bb9a-11e8-b2b9-ac1f6b6435d0,0,0
580be896-bbb3-11e8-b2ba-ac1f6b6435d0,19,19
580d037a-bbbd-11e8-b2ba-ac1f6b6435d0,25,25
580da55e-bba5-11e8-b2ba-ac1f6b6435d0,6,25
580dd732-bba4-11e8-b2b9-ac1f6b6435d0,25 4,4 25
58151ecc-bb9d-11e8-b2b9-ac1f6b6435d0,5,5
58154722-bbbf-11e8-b2ba-ac1f6b6435d0,12 4,4 12
58169aa2-bba4-11e8-b2b9-ac1f6b6435d0,5 21,5 21
58185f6e-bbc6-11e8-b2bc-ac1f6b6435d0,21,14
58199e74-bbb2-11e8-b2ba-ac1f6b6435d0,25 23,25
581b54c2-bba2-11e8-b2b9-ac1f6b6435d0,21,21
581be5ba-bbaf-11e8-b2ba-ac1f6b6435d0,23 17 0,23
5828da30-bbc9-11e8-b2bc-ac1f6b6435d0,11,11
58293ec0-bbc0-11e8-b2bb-ac1f6b6435d0,7 0,0 7
5829f536-bb9d-11e8-b2b9-ac1f6b6435d0,5,5
582cdf2c-bba6-11e8-b2ba-ac1f6b6435d0,23,23
5830ecec-bbb6-11e8-b2ba-ac1f6b6435d0,21,21
5833a1ae-bba6-11e8-b2ba-ac1f6b6435d0,2 0,0 2
583772c0-bbb5-11e8-b2ba-ac1f6b6435d0,19,0 19
5837d9f0-bbaa-11e8-b2ba-ac1f6b6435d0,25,21
5838d456-bbb2-11e8-b2ba-ac1f6b6435d0,25,5 25
583a2502-bb9b-11e8-b2b9-ac1f6b6435d0,4,0 19
583a43b0-bb9c-11e8-b2b9-ac1f6b6435d0,5,5
583a59ae-bb9c-11e8-b2b9-ac1f6b6435d0,7 0 21,0 2 21
583d444a-bbc7-11e8-b2bc-ac1f6b6435d0,23,23
58428b0c-bbb9-11e8-b2ba-ac1f6b6435d0,19,24
5842f19a-bba6-11e8-b2ba-ac1f6b6435d0,25 1 2,1 2 25
58461a8a-bba8-11e8-b2ba-ac1f6b6435d0,0 21,21 25
58465c06-bb9a-11e8-b2b9-ac1f6b6435d0,7,7
58472fcc-bbb4-11e8-b2ba-ac1f6b6435d0,13 18,13
58484b1a-bba4-11e8-b2b9-ac1f6b6435d0,5 0,0 5
5848a240-bb9a-11e8-b2b9-ac1f6b6435d0,25 5,0 25
584dff6c-bbb1-11e8-b2ba-ac1f6b6435d0,25 1 21,1 21 25
584e8d3c-bbc1-11e8-b2bb-ac1f6b6435d0,25 0,0 25
584eaba0-bbb7-11e8-b2ba-ac1f6b6435d0,25 0,0 25
584f000c-bbba-11e8-b2ba-ac1f6b6435d0,23 0,0 23
584f7abc-bbb7-11e8-b2ba-ac1f6b6435d0,0,0
584fe174-bba7-11e8-b2ba-ac1f6b6435d0,3,3
5851a0b2-bba3-11e8-b2b9-ac1f6b6435d0,24 0,0 24 25
585ca45a-bbbf-11e8-b2ba-ac1f6b6435d0,23,6 23
5861ec26-bbc4-11e8-b2bc-ac1f6b6435d0,2,2
58648dd8-bbbe-11e8-b2ba-ac1f6b6435d0,24 4,4
586691c8-bbb4-11e8-b2ba-ac1f6b6435d0,21,21
58696f68-bba2-11e8-b2b9-ac1f6b6435d0,11 5,5 11
586b65e8-bbc5-11e8-b2bc-ac1f6b6435d0,23,23
586ccf80-bbb3-11e8-b2ba-ac1f6b6435d0,23 0,0 25
586f4f04-bb9e-11e8-b2b9-ac1f6b6435d0,26 25,21
586fa8f0-bbad-11e8-b2ba-ac1f6b6435d0,25 2 0,0 25
586ff69e-bbc5-11e8-b2bc-ac1f6b6435d0,7,7
5870d946-bbad-11e8-b2ba-ac1f6b6435d0,2 0,0 2
58752dde-bbb7-11e8-b2ba-ac1f6b6435d0,23,23
5875e85c-bb9c-11e8-b2b9-ac1f6b6435d0,16 0 21,0 17 25
58768bb6-bba3-11e8-b2b9-ac1f6b6435d0,25,25
58793a0e-bba4-11e8-b2b9-ac1f6b6435d0,23,25
5883a558-bba8-11e8-b2ba-ac1f6b6435d0,0 21,0 21
5885a6de-bbab-11e8-b2ba-ac1f6b6435d0,3 0,0
5887c464-bb9c-11e8-b2b9-ac1f6b6435d0,13 0,0 22
588800f4-bbc0-11e8-b2bb-ac1f6b6435d0,26,26
5889f504-bbba-11e8-b2ba-ac1f6b6435d0,18,7 25
588a8b7e-bba9-11e8-b2ba-ac1f6b6435d0,11 1 0,0 1 11
588b9706-bba1-11e8-b2b9-ac1f6b6435d0,5,5
588e0a2c-bbc4-11e8-b2bc-ac1f6b6435d0,6,23
588ec6b8-bbc1-11e8-b2bb-ac1f6b6435d0,7,7
5890b424-bbbb-11e8-b2ba-ac1f6b6435d0,19 25,18 21 25
589567aa-bbbe-11e8-b2ba-ac1f6b6435d0,23 0,0 23
58999cec-bbac-11e8-b2ba-ac1f6b6435d0,18 0,24
589a93cc-bbca-11e8-b2bc-ac1f6b6435d0,25 1,0 1 25
589ab3d6-bbc3-11e8-b2bc-ac1f6b6435d0,1 0,0 1
589b42a6-bba0-11e8-b2b9-ac1f6b6435d0,25 0,0 25
589ce0da-bbbd-11e8-b2ba-ac1f6b6435d0,11,11
589e6002-bbbf-11e8-b2ba-ac1f6b6435d0,26 0,0 25
589fa56e-bbb2-11e8-b2ba-ac1f6b6435d0,23 0,23
58a42ab0-bbc3-11e8-b2bc-ac1f6b6435d0,3,3
58a4ec84-bbaf-11e8-b2ba-ac1f6b6435d0,21,21
58a5e778-bba6-11e8-b2ba-ac1f6b6435d0,0 21,21
58a6e932-bbc1-11e8-b2bb-ac1f6b6435d0,7 0,0 7
58a6f900-bba7-11e8-b2ba-ac1f6b6435d0,18 2,7 18
58a7418e-bbad-11e8-b2ba-ac1f6b6435d0,2,2
58a7e2f8-bbab-11e8-b2ba-ac1f6b6435d0,3,3
58a88bb8-bba6-11e8-b2ba-ac1f6b6435d0,25,6
58ac3648-bbae-11e8-b2ba-ac1f6b6435d0,23 0,0 23
58adff10-bba8-11e8-b2ba-ac1f6b6435d0,21,21
58aeec9a-bbb7-11e8-b2ba-ac1f6b6435d0,0,25
58af0e3e-bbbf-11e8-b2ba-ac1f6b6435d0,0,0
58af1d2e-bb9d-11e8-b2b9-ac1f6b6435d0,25,25
58b0c540-bba0-11e8-b2b9-ac1f6b6435d0,7,7
58b27f5a-bb9d-11e8-b2b9-ac1f6b6435d0,23,23
58b28e48-bbc3-11e8-b2bc-ac1f6b6435d0,0,0 5
58b38c94-bbb4-11e8-b2ba-ac1f6b6435d0,18,18
58b7f1fa-bbbc-11e8-b2ba-ac1f6b6435d0,2,2
58b9acb2-bbc5-11e8-b2bc-ac1f6b6435d0,0,0
58c17f70-bb9b-11e8-b2b9-ac1f6b6435d0,11 5,0 5 23
58c208c6-bbc5-11e8-b2bc-ac1f6b6435d0,25 0,0 25
58c3e7ae-bbac-11e8-b2ba-ac1f6b6435d0,24 0,0 20
58c42e1a-bb9f-11e8-b2b9-ac1f6b6435d0,21,21
58c7dbee-bbbf-11e8-b2ba-ac1f6b6435d0,13 3,3 22
58cb3d80-bb9b-11e8-b2b9-ac1f6b6435d0,15 0,0
58cd6ee6-bbb1-11e8-b2ba-ac1f6b6435d0,23,23
58cde30c-bb9e-11e8-b2b9-ac1f6b6435d0,25,7
58d3a69e-bbbb-11e8-b2ba-ac1f6b6435d0,23 4,4 23
58d3e1a6-bb9b-11e8-b2b9-ac1f6b6435d0,23,23
58d4713c-bbac-11e8-b2ba-ac1f6b6435d0,21,21
58d572c0-bbb7-11e8-b2ba-ac1f6b6435d0,4,0
58d5ab40-bba4-11e8-b2b9-ac1f6b6435d0,14,14
58daf1b8-bba9-11e8-b2ba-ac1f6b6435d0,23 3,23
58def316-bbaf-11e8-b2ba-ac1f6b6435d0,12 0,0 12
58e05ef4-bba5-11e8-b2ba-ac1f6b6435d0,7 0,0 7
58e35ee4-bbb2-11e8-b2ba-ac1f6b6435d0,19 0,0 19
58e3d182-bbc9-11e8-b2bc-ac1f6b6435d0,13,5
58e45a2e-bbb2-11e8-b2ba-ac1f6b6435d0,23 2,2 23
58e6e46e-bba9-11e8-b2ba-ac1f6b6435d0,12 25 0,0 21 25
58e7b0b2-bbca-11e8-b2bc-ac1f6b6435d0,25 5 0,0 3 25
58e87f10-bbc5-11e8-b2bc-ac1f6b6435d0,25 2,2 6 25
58ec1dfc-bbaa-11e8-b2ba-ac1f6b6435d0,12 21,21
58ec6c8c-bbad-11e8-b2ba-ac1f6b6435d0,3,3
58ed8c52-bbc6-11e8-b2bc-ac1f6b6435d0,25 1 0,21 26
58eeeaf2-bbb2-11e8-b2ba-ac1f6b6435d0,25,25
58f0f4d0-bbc8-11e8-b2bc-ac1f6b6435d0,23,23
58f1b8b6-bba5-11e8-b2ba-ac1f6b6435d0,0,0
58f5a39a-bb9b-11e8-b2b9-ac1f6b6435d0,23 2,2 23
58f69d7c-bbb9-11e8-b2ba-ac1f6b6435d0,5,2 7
58fd2a82-bbbb-11e8-b2ba-ac1f6b6435d0,2 0,0 2
590074b0-bbc7-11e8-b2bc-ac1f6b6435d0,13 0 21,0 13 21
5900c14a-bbc7-11e8-b2bc-ac1f6b6435d0,25 7,7 25
59015d28-bba7-11e8-b2ba-ac1f6b6435d0,2,3
5901e806-bbac-11e8-b2ba-ac1f6b6435d0,3,3
5902d66e-bbc3-11e8-b2bc-ac1f6b6435d0,7,7
5903f606-bbb0-11e8-b2ba-ac1f6b6435d0,23,23
5904e58c-bbbc-11e8-b2ba-ac1f6b6435d0,1 4 2 0,0 2
590761ea-bbb7-11e8-b2ba-ac1f6b6435d0,25 0,0 25
59078eb6-bbb9-11e8-b2ba-ac1f6b6435d0,25,11
5907fe36-bbb0-11e8-b2ba-ac1f6b6435d0,21,21
590a0b50-bba0-11e8-b2b9-ac1f6b6435d0,12 25 0 21,0 21
590fb052-bba8-11e8-b2ba-ac1f6b6435d0,25 5,5 25
5914003c-bbbf-11e8-b2ba-ac1f6b6435d0,19 5 1 0,1 5
5914658c-bbc8-11e8-b2bc-ac1f6b6435d0,0,0
5914c132-bbb7-11e8-b2ba-ac1f6b6435d0,21,21
5914ee68-bbb8-11e8-b2ba-ac1f6b6435d0,16 0,0 16
591536a6-bbc3-11e8-b2bc-ac1f6b6435d0,13 21,21
5917a040-bbae-11e8-b2ba-ac1f6b6435d0,3,2 3
5917fb7e-bbab-11e8-b2ba-ac1f6b6435d0,25 4,4 25
59198ce0-bba7-11e8-b2ba-ac1f6b6435d0,23,7
591a5034-bbc6-11e8-b2bc-ac1f6b6435d0,18,19
591c881a-bbbf-11e8-b2ba-ac1f6b6435d0,11,11 12 25
591df5d4-bbaa-11e8-b2ba-ac1f6b6435d0,23 2,2
59212f9a-bbc5-11e8-b2bc-ac1f6b6435d0,3 0,0 3
5922a7f6-bbb3-11e8-b2ba-ac1f6b6435d0,0,0 25
59246d3e-bbc2-11e8-b2bb-ac1f6b6435d0,0,0
5925ecfe-bb9a-11e8-b2b9-ac1f6b6435d0,2 0 21,0 21
59274480-bbb0-11e8-b2ba-ac1f6b6435d0,23,23
592862e2-bbac-11e8-b2ba-ac1f6b6435d0,5 0,5
592d7658-bbc8-11e8-b2bc-ac1f6b6435d0,25 3,3 25
5930cc04-bbaf-11e8-b2ba-ac1f6b6435d0,0 21,0 21 25
593162dc-bbae-11e8-b2ba-ac1f6b6435d0,18 0,0 19
59336fd8-bbbc-11e8-b2ba-ac1f6b6435d0,23 2,2 23
5933c498-bbbb-11e8-b2ba-ac1f6b6435d0,23 3 0,0 3 25
5939e29c-bbc0-11e8-b2bb-ac1f6b6435d0,18 0,0 18 19
593b1d76-bb9b-11e8-b2b9-ac1f6b6435d0,24 18,18 24
593b9a8c-bbc6-11e8-b2bc-ac1f6b6435d0,0,0
593bd008-bba1-11e8-b2b9-ac1f6b6435d0,23,7 23
593e41ea-bb9b-11e8-b2b9-ac1f6b6435d0,0,5 25
593f34c6-bbbc-11e8-b2ba-ac1f6b6435d0,25,25
594375c2-bbad-11e8-b2ba-ac1f6b6435d0,0,0 17
5943c66a-bbaa-11e8-b2ba-ac1f6b6435d0,20 2 0,0
59471960-bbae-11e8-b2ba-ac1f6b6435d0,0,0 25
5947f362-bbb8-11e8-b2ba-ac1f6b6435d0,0,4
5949f4e4-bbc9-11e8-b2bc-ac1f6b6435d0,23,23
594b8494-bbc9-11e8-b2bc-ac1f6b6435d0,25,19
594bd40c-bbca-11e8-b2bc-ac1f6b6435d0,22 25 0,21 25
594c8d82-bbbd-11e8-b2ba-ac1f6b6435d0,25 23,23
59540c28-bbaa-11e8-b2ba-ac1f6b6435d0,2 0,0 2
59586480-bba5-11e8-b2ba-ac1f6b6435d0,0 21,0 12 21
595bd7fe-bbb5-11e8-b2ba-ac1f6b6435d0,25,25
595d2d78-bbc1-11e8-b2bb-ac1f6b6435d0,4,4
59620176-bbae-11e8-b2ba-ac1f6b6435d0,5 0,0 5
59637374-bba1-11e8-b2b9-ac1f6b6435d0,4,4
59637580-bb9d-11e8-b2b9-ac1f6b6435d0,25 0 21,4 21 25
59638120-bbab-11e8-b2ba-ac1f6b6435d0,23,23
59642522-bbc3-11e8-b2bc-ac1f6b6435d0,2,2
5966c2b4-bbaa-11e8-b2ba-ac1f6b6435d0,5 0 21,0 25
596bb724-bbbe-11e8-b2ba-ac1f6b6435d0,6,6
596c372a-bb9c-11e8-b2b9-ac1f6b6435d0,25 0,0 25
596edcfe-bbb6-11e8-b2ba-ac1f6b6435d0,19 0,0 19
597091da-bbba-11e8-b2ba-ac1f6b6435d0,25 6,6 25
59719706-bba6-11e8-b2ba-ac1f6b6435d0,18,18
5972ea44-bbc3-11e8-b2bc-ac1f6b6435d0,20,8 20
59750e3a-bbc5-11e8-b2bc-ac1f6b6435d0,14,14
59796e1e-bbbe-11e8-b2ba-ac1f6b6435d0,7 0 21,7 21
597ae568-bbc9-11e8-b2bc-ac1f6b6435d0,0 21,0 21
59829aa6-bbbf-11e8-b2ba-ac1f6b6435d0,7,7
59860238-bbb8-11e8-b2ba-ac1f6b6435d0,25 2 0,0 2 25
5986a2ca-bbad-11e8-b2ba-ac1f6b6435d0,0 21,0 25
598e58ea-bbb1-11e8-b2ba-ac1f6b6435d0,5,5
599014e8-bbc3-11e8-b2bc-ac1f6b6435d0,25 7 21,7 25
5991f6c4-bb9f-11e8-b2b9-ac1f6b6435d0,23 21,0 25
599232cc-bba1-11e8-b2b9-ac1f6b6435d0,7 0,0 24
59948cac-bba1-11e8-b2b9-ac1f6b6435d0,19,19
5995dc2c-bbad-11e8-b2ba-ac1f6b6435d0,4,0
5996ba84-bbad-11e8-b2ba-ac1f6b6435d0,5,0
599830a0-bbbf-11e8-b2ba-ac1f6b6435d0,25 2,25
59995afa-bba8-11e8-b2ba-ac1f6b6435d0,23 0,0 23
599d8d3c-bba8-11e8-b2ba-ac1f6b6435d0,21,23
59a1edf2-bbc9-11e8-b2bc-ac1f6b6435d0,14,14
59a2703a-bba9-11e8-b2ba-ac1f6b6435d0,18,25
59a3982a-bbb3-11e8-b2ba-ac1f6b6435d0,2,2 25
59a4df72-bba5-11e8-b2ba-ac1f6b6435d0,0,0
59a7b7ec-bbaa-11e8-b2ba-ac1f6b6435d0,7,7
59a97fe2-bba9-11e8-b2ba-ac1f6b6435d0,5,5
59a9f4d2-bbc6-11e8-b2bc-ac1f6b6435d0,7 2,2
59aa9708-bbbb-11e8-b2ba-ac1f6b6435d0,25 0,0
59aac664-bbc1-11e8-b2bb-ac1f6b6435d0,4,4 25
59acc54c-bbab-11e8-b2ba-ac1f6b6435d0,22 0,0 22
59af748a-bba7-11e8-b2ba-ac1f6b6435d0,0,0
59b02938-bbb7-11e8-b2ba-ac1f6b6435d0,0,0
59b03996-bbc6-11e8-b2bc-ac1f6b6435d0,25,25
59b17a8c-bbc5-11e8-b2bc-ac1f6b6435d0,23,23
59b8293e-bb9a-11e8-b2b9-ac1f6b6435d0,21,14 21
59bb6a24-bbac-11e8-b2ba-ac1f6b6435d0,7 0,0 7
59bc21f0-bbbe-11e8-b2ba-ac1f6b6435d0,0,0
59c154dc-bbae-11e8-b2ba-ac1f6b6435d0,25 2 0,0 2 25
59c6674a-bbba-11e8-b2ba-ac1f6b6435d0,23,23
59ca20cc-bb9e-11e8-b2b9-ac1f6b6435d0,25 6,6 25
59d266fe-bba0-11e8-b2b9-ac1f6b6435d0,2,2
59d36a2c-bbb4-11e8-b2ba-ac1f6b6435d0,4 0,4
59d44b62-bbc9-11e8-b2bc-ac1f6b6435d0,4,4
59d46896-bba0-11e8-b2b9-ac1f6b6435d0,23,23
59d514c6-bbb9-11e8-b2ba-ac1f6b6435d0,25 2,2 25
59d72a3c-bbc7-11e8-b2bc-ac1f6b6435d0,7 3,0 3 7
59d9665a-bba7-11e8-b2ba-ac1f6b6435d0,25,25
59d9f8fa-bbba-11e8-b2ba-ac1f6b6435d0,19 14,14
59dfd876-bba9-11e8-b2ba-ac1f6b6435d0,7 0,0 7 21
59e35d0c-bba9-11e8-b2ba-ac1f6b6435d0,7,7
59e633d0-bbc5-11e8-b2bc-ac1f6b6435d0,25 0,4 25
59ef0572-bbad-11e8-b2ba-ac1f6b6435d0,1 3 0,0 1
59f28c62-bbba-11e8-b2ba-ac1f6b6435d0,4,2 4
59f38aec-bbb3-11e8-b2ba-ac1f6b6435d0,21,21
59f53e54-bbc3-11e8-b2bc-ac1f6b6435d0,20 2,20
59f5b810-bbba-11e8-b2ba-ac1f6b6435d0,25 0,21 25
59f68b06-bbc3-11e8-b2bc-ac1f6b6435d0,4,0
59f7fb2e-bba2-11e8-b2b9-ac1f6b6435d0,25 21,21
59fb358e-bbb9-11e8-b2ba-ac1f6b6435d0,6 3,3 6
59fc2620-bbae-11e8-b2ba-ac1f6b6435d0,23,23
59ffcdbe-bbc9-11e8-b2bc-ac1f6b6435d0,7,7
5a010aea-bbc3-11e8-b2bc-ac1f6b6435d0,0,0 5
5a048e6c-bbc4-11e8-b2bc-ac1f6b6435d0,7 4,4 7
5a072b30-bba2-11e8-b2b9-ac1f6b6435d0,19,19
5a084954-bbbe-11e8-b2ba-ac1f6b6435d0,0,0
5a09a662-bb9d-11e8-b2b9-ac1f6b6435d0,14,14
5a0abb78-bba3-11e8-b2b9-ac1f6b6435d0,22,22
5a0c2bfc-bba3-11e8-b2b9-ac1f6b6435d0,14,14
5a105288-bba1-11e8-b2b9-ac1f6b6435d0,0,0
5a10b27c-bbac-11e8-b2ba-ac1f6b6435d0,2,2
5a119bf0-bb9e-11e8-b2b9-ac1f6b6435d0,25 7,25
5a122ba6-bbad-11e8-b2ba-ac1f6b6435d0,19 0,0 5
5a159234-bbb0-11e8-b2ba-ac1f6b6435d0,25 0,0 25
5a15dd36-bbc2-11e8-b2bb-ac1f6b6435d0,19,19 25
5a19b37a-bba9-11e8-b2ba-ac1f6b6435d0,23,23
5a19d332-bbc2-11e8-b2bb-ac1f6b6435d0,7,7
5a1de60a-bbba-11e8-b2ba-ac1f6b6435d0,25 0,0 25
5a1fcb54-bbca-11e8-b2bc-ac1f6b6435d0,25 18,18 25
5a1feab4-bbb9-11e8-b2ba-ac1f6b6435d0,23 0,23
5a225cde-bbca-11e8-b2bc-ac1f6b6435d0,23,7
5a241356-bb9a-11e8-b2b9-ac1f6b6435d0,0,0
5a24a0f4-bbb9-11e8-b2ba-ac1f6b6435d0,2,2 7 25
5a277bee-bbaf-11e8-b2ba-ac1f6b6435d0,25,25
5a2cb940-bba7-11e8-b2ba-ac1f6b6435d0,23 0,0 2 23
5a2d3b92-bbc8-11e8-b2bc-ac1f6b6435d0,23 0,0
5a2d3dd2-bbc7-11e8-b2bc-ac1f6b6435d0,0,0
5a2fb104-bbc5-11e8-b2bc-ac1f6b6435d0,25,25
5a300376-bbbf-11e8-b2ba-ac1f6b6435d0,7,7
5a30fb2e-bbc8-11e8-b2bc-ac1f6b6435d0,19,19
5a33daf4-bbca-11e8-b2bc-ac1f6b6435d0,19,19
5a374068-bbca-11e8-b2bc-ac1f6b6435d0,25 1 0,1
5a3c4598-bbb8-11e8-b2ba-ac1f6b6435d0,23,25
5a3c985c-bbc4-11e8-b2bc-ac1f6b6435d0,25 0,0 25
5a400ccc-bbaf-11e8-b2ba-ac1f6b6435d0,23 2 0,0 2 23
5a4016d2-bbb3-11e8-b2ba-ac1f6b6435d0,19,19
5a40418a-bbc6-11e8-b2bc-ac1f6b6435d0,7 0,0 23
5a40f9ea-bba3-11e8-b2b9-ac1f6b6435d0,23,23
5a435efc-bb9d-11e8-b2b9-ac1f6b6435d0,14 0,0 14
5a450a86-bbbb-11e8-b2ba-ac1f6b6435d0,2,2
5a45a2d8-bbbc-11e8-b2ba-ac1f6b6435d0,3,0
5a45d244-bbb2-11e8-b2ba-ac1f6b6435d0,23 0,0
5a474b22-bba5-11e8-b2ba-ac1f6b6435d0,5,5
5a49542c-bbae-11e8-b2ba-ac1f6b6435d0,25 0,0 25
5a49c110-bb9e-11e8-b2b9-ac1f6b6435d0,16 25 0,0
5a4a33b2-bbac-11e8-b2ba-ac1f6b6435d0,0,0
5a52fcc2-bb9d-11e8-b2b9-ac1f6b6435d0,25 2 0,0
5a531020-bb9a-11e8-b2b9-ac1f6b6435d0,13 21,21
5a5a12c0-bbb9-11e8-b2ba-ac1f6b6435d0,11,11
5a5e95ce-bbb0-11e8-b2ba-ac1f6b6435d0,21,21
5a5f5df8-bb9f-11e8-b2b9-ac1f6b6435d0,16 0,0
5a60c72a-bbb7-11e8-b2ba-ac1f6b6435d0,0 21,0 21
5a61d52a-bba3-11e8-b2b9-ac1f6b6435d0,16 25 0,0 16 17 25
5a61d9f0-bbab-11e8-b2ba-ac1f6b6435d0,7,2 7
5a656518-bbb8-11e8-b2ba-ac1f6b6435d0,2,2
5a69b4c2-bba6-11e8-b2ba-ac1f6b6435d0,18,18 19 25
5a6cb4cc-bbc6-11e8-b2bc-ac1f6b6435d0,14,14
5a6e85bc-bb9f-11e8-b2b9-ac1f6b6435d0,3 0,0 3
5a70f020-bba6-11e8-b2ba-ac1f6b6435d0,2,0 2
5a73a240-bbbd-11e8-b2ba-ac1f6b6435d0,14,14
5a759fd2-bbb8-11e8-b2ba-ac1f6b6435d0,7,7
5a7d446e-bbb6-11e8-b2ba-ac1f6b6435d0,18 2 0 21,0
5a7da0fe-bbb0-11e8-b2ba-ac1f6b6435d0,1,1
5a86e720-bbbc-11e8-b2ba-ac1f6b6435d0,5 0 21,5 25
5a884ed4-bbb3-11e8-b2ba-ac1f6b6435d0,3,3
5a895446-bbc7-11e8-b2bc-ac1f6b6435d0,0,0
5a8b42d4-bba8-11e8-b2ba-ac1f6b6435d0,25 0,25
5a934da2-bbc7-11e8-b2bc-ac1f6b6435d0,23,23
5a948d84-bbb3-11e8-b2ba-ac1f6b6435d0,23 2 0,2 25
5a971848-bbb7-11e8-b2ba-ac1f6b6435d0,23,23
5a989982-bbaf-11e8-b2ba-ac1f6b6435d0,19 7 3 0,0 7
5aa03a48-bbaf-11e8-b2ba-ac1f6b6435d0,25 18,0 25
5aa0b2ba-bbba-11e8-b2ba-ac1f6b6435d0,14 21,2 14
5aa1b6d0-bb9a-11e8-b2b9-ac1f6b6435d0,25 0,25
5aa2132c-bb9b-11e8-b2b9-ac1f6b6435d0,5,5
5aa39d42-bb9f-11e8-b2b9-ac1f6b6435d0,25 2,2 6 25
5aa6a33a-bbad-11e8-b2ba-ac1f6b6435d0,3,3
5aa7100a-bbb6-11e8-b2ba-ac1f6b6435d0,12 13,25
5aa9f5b2-bbc1-11e8-b2bb-ac1f6b6435d0,7 5 1,5 7
5aaaa276-bbbe-11e8-b2ba-ac1f6b6435d0,25 23,21 23 25
5aaf6a0a-bb9a-11e8-b2b9-ac1f6b6435d0,25 0,0 25
5aaf8d2c-bbb9-11e8-b2ba-ac1f6b6435d0,19 25,19 25
5ab6b9be-bbc1-11e8-b2bb-ac1f6b6435d0,25 0,0 1 25
5abdcfe8-bbca-11e8-b2bc-ac1f6b6435d0,1 0,0 1
5abe3756-bbae-11e8-b2ba-ac1f6b6435d0,5 21,5 21
5abe9738-bbb2-11e8-b2ba-ac1f6b6435d0,1 2,1 2 22
5ac07286-bbaa-11e8-b2ba-ac1f6b6435d0,1,1
5ac2394e-bbb5-11e8-b2ba-ac1f6b6435d0,23,23
5ac2b052-bbb2-11e8-b2ba-ac1f6b6435d0,25 0,0 7 25
5ac427f4-bbba-11e8-b2ba-ac1f6b6435d0,0,0
5ac4ff14-bbb8-11e8-b2ba-ac1f6b6435d0,2,2
5ac6c57c-bbc9-11e8-b2bc-ac1f6b6435d0,6,6
5ac9bb04-bbc6-11e8-b2bc-ac1f6b6435d0,20,21
5aca75ce-bbaf-11e8-b2ba-ac1f6b6435d0,25 13,13 25
5acd6fac-bbc0-11e8-b2bb-ac1f6b6435d0,7,7
5ad07234-bbb5-11e8-b2ba-ac1f6b6435d0,0,0
5ad21ef2-bbb7-11e8-b2ba-ac1f6b6435d0,7,7
5ad5ebd8-bbab-11e8-b2ba-ac1f6b6435d0,7,7
5ad617ce-bbc5-11e8-b2bc-ac1f6b6435d0,6,6
5ad852c2-bbb2-11e8-b2ba-ac1f6b6435d0,22 0,0 22
5ad9d634-bbb6-11e8-b2ba-ac1f6b6435d0,20,7
5adadbca-bbb5-11e8-b2ba-ac1f6b6435d0,0 21,0 21
5adfe6be-bba7-11e8-b2ba-ac1f6b6435d0,22 0,0 22
5ae10ef2-bbc7-11e8-b2bc-ac1f6b6435d0,7 0,0
5ae18eba-bb9d-11e8-b2b9-ac1f6b6435d0,26 3,26
5ae193de-bbb0-11e8-b2ba-ac1f6b6435d0,25 0 21,0 21
5ae3db3a-bbc4-11e8-b2bc-ac1f6b6435d0,14,14 25
5ae84ef4-bbc9-11e8-b2bc-ac1f6b6435d0,11 2,2 11
5ae8cb4e-bbac-11e8-b2ba-ac1f6b6435d0,5,3
5aeb9b78-bbaf-11e8-b2ba-ac1f6b6435d0,18,18
5aeca16e-bbb2-11e8-b2ba-ac1f6b6435d0,0,0
5aece85e-bbb7-11e8-b2ba-ac1f6b6435d0,4,4 26
5aef14ae-bbbb-11e8-b2ba-ac1f6b6435d0,2,2
5af0e0f6-bbb4-11e8-b2ba-ac1f6b6435d0,4,4
5af4e7d8-bbc7-11e8-b2bc-ac1f6b6435d0,2 0,3
5af63cec-bb9e-11e8-b2b9-ac1f6b6435d0,0,0
5af6dfba-bba5-11e8-b2ba-ac1f6b6435d0,4,4
5af6f592-bb9e-11e8-b2b9-ac1f6b6435d0,25 21,21
5af8e738-bba5-11e8-b2ba-ac1f6b6435d0,0,0 11
5af9d8d8-bba9-11e8-b2ba-ac1f6b6435d0,22 0,0 22
5afdc886-bba3-11e8-b2b9-ac1f6b6435d0,1 2 0,0 1 2
5b00a65e-bba4-11e8-b2b9-ac1f6b6435d0,25 2 0,2 25
5b01a49e-bba1-11e8-b2b9-ac1f6b6435d0,5 0,5
5b027236-bba9-11e8-b2ba-ac1f6b6435d0,21,21 25
5b02b566-bba9-11e8-b2ba-ac1f6b6435d0,5 21,5 21
5b0459d8-bba0-11e8-b2b9-ac1f6b6435d0,12 21,12
5b0736f8-bbb9-11e8-b2ba-ac1f6b6435d0,22 2,2 22
5b073a24-bbb7-11e8-b2ba-ac1f6b6435d0,7 3,7
5b091b48-bbc9-11e8-b2bc-ac1f6b6435d0,7 0,0 7
5b0a5292-bbb5-11e8-b2ba-ac1f6b6435d0,25 5 0,5 25
5b0e19e4-bbb6-11e8-b2ba-ac1f6b6435d0,25 1,1 25
5b11050e-bba8-11e8-b2ba-ac1f6b6435d0,0,0 25
5b114a64-bbbc-11e8-b2ba-ac1f6b6435d0,25 18 17,17 25
5b18bcd2-bba2-11e8-b2b9-ac1f6b6435d0,7,7
5b18c856-bbc2-11e8-b2bb-ac1f6b6435d0,16 15 2,5
5b1bf104-bbb6-11e8-b2ba-ac1f6b6435d0,25 3 0,0
5b1c0870-bbab-11e8-b2ba-ac1f6b6435d0,25 21,21 25
5b1e14ec-bbc1-11e8-b2bb-ac1f6b6435d0,25,0 25
5b1e8f24-bbbe-11e8-b2ba-ac1f6b6435d0,25 0,25
5b204ef4-bbb4-11e8-b2ba-ac1f6b6435d0,4,2 4
5b214b56-bba5-11e8-b2ba-ac1f6b6435d0,2 0,2 5
5b22d790-bbb0-11e8-b2ba-ac1f6b6435d0,16 0,0 16
5b264970-bbc4-11e8-b2bc-ac1f6b6435d0,14,14
5b2b504e-bb9e-11e8-b2b9-ac1f6b6435d0,26 0,0 26
5b2d209a-bbb7-11e8-b2ba-ac1f6b6435d0,2 0,0
5b2ee9a0-bba0-11e8-b2b9-ac1f6b6435d0,1,1 25
5b30d3c6-bbc5-11e8-b2bc-ac1f6b6435d0,3,4
5b3115f4-bba0-11e8-b2b9-ac1f6b6435d0,7 0,0 7
5b31e956-bbb5-11e8-b2ba-ac1f6b6435d0,0 21,0 21
5b346bc4-bbc7-11e8-b2bc-ac1f6b6435d0,25 7 0,0 7
5b35b9d8-bbc8-11e8-b2bc-ac1f6b6435d0,23,23
5b3b27e8-bb9a-11e8-b2b9-ac1f6b6435d0,6,6 14
5b3e3d2c-bbac-11e8-b2ba-ac1f6b6435d0,12 21,12
5b3e43a2-bbbc-11e8-b2ba-ac1f6b6435d0,25,2
5b3fa732-bba9-11e8-b2ba-ac1f6b6435d0,12 0,0 2
5b455a4c-bbb3-11e8-b2ba-ac1f6b6435d0,2,2
5b460ba8-bbc3-11e8-b2bc-ac1f6b6435d0,0,0 25
5b475778-bbab-11e8-b2ba-ac1f6b6435d0,22,22
5b4a9712-bb9c-11e8-b2b9-ac1f6b6435d0,5 0,0 5
5b4b5490-bbbf-11e8-b2ba-ac1f6b6435d0,23,23
5b4e7e6c-bba7-11e8-b2ba-ac1f6b6435d0,23 0,0 23
5b4f29d4-bba7-11e8-b2ba-ac1f6b6435d0,12 13 21,12 21
5b4f5ce8-bbbf-11e8-b2ba-ac1f6b6435d0,25,25
5b56c138-bbc7-11e8-b2bc-ac1f6b6435d0,0,0
5b5824f2-bbbc-11e8-b2ba-ac1f6b6435d0,3 0 21,21 25
5b5bb01a-bbb5-11e8-b2ba-ac1f6b6435d0,2,7
5b5c83c6-bbbc-11e8-b2ba-ac1f6b6435d0,26,26
5b5db704-bbb3-11e8-b2ba-ac1f6b6435d0,5,5 25
5b604b9a-bb9f-11e8-b2b9-ac1f6b6435d0,0,0 2
5b67cf00-bbb3-11e8-b2ba-ac1f6b6435d0,16 2 21,2 16 21
5b68c85c-bbb2-11e8-b2ba-ac1f6b6435d0,25 0,0
5b6b90e4-bbc3-11e8-b2bc-ac1f6b6435d0,23,23
5b6ba318-bbaf-11e8-b2ba-ac1f6b6435d0,7 5,5 7
5b6c03ca-bbb0-11e8-b2ba-ac1f6b6435d0,22,22
5b6e8920-bbbe-11e8-b2ba-ac1f6b6435d0,0 21,0 25
5b6ee2ec-bbca-11e8-b2bc-ac1f6b6435d0,25 5,0 5 25
5b705f6e-bbb1-11e8-b2ba-ac1f6b6435d0,25 13 0,0 25
5b72674c-bb9c-11e8-b2b9-ac1f6b6435d0,19 23,23
5b73b332-bbaa-11e8-b2ba-ac1f6b6435d0,3,3
5b73db9a-bbc4-11e8-b2bc-ac1f6b6435d0,0,0
5b77b46c-bbbb-11e8-b2ba-ac1f6b6435d0,12,12
5b78f940-bbc9-11e8-b2bc-ac1f6b6435d0,16 0,0 16
5b7e49d2-bba0-11e8-b2b9-ac1f6b6435d0,2 0,0 2 16
5b7edf7a-bbc6-11e8-b2bc-ac1f6b6435d0,6,6
5b7f662c-bbb5-11e8-b2ba-ac1f6b6435d0,11,11
5b80e0f4-bba8-11e8-b2ba-ac1f6b6435d0,4 21,4 25
5b85e1fa-bbc4-11e8-b2bc-ac1f6b6435d0,19 25,25
5b861432-bbaf-11e8-b2ba-ac1f6b6435d0,0,0
5b88d5e8-bb99-11e8-b2b9-ac1f6b6435d0,23 2,2 23
5b8aa466-bbc8-11e8-b2bc-ac1f6b6435d0,25,21 25
5b8ab080-bba7-11e8-b2ba-ac1f6b6435d0,25 0 21,4 25
5b8b506e-bbb9-11e8-b2ba-ac1f6b6435d0,24 4,0
5b8b9890-bb9a-11e8-b2b9-ac1f6b6435d0,19 0,0
5b8e44a0-bbc2-11e8-b2bb-ac1f6b6435d0,2,2
5b8feb08-bba8-11e8-b2ba-ac1f6b6435d0,11 0,0 11
5b918eda-bbbd-11e8-b2ba-ac1f6b6435d0,2 0,2
5b929912-bbb1-11e8-b2ba-ac1f6b6435d0,12 21,12 21
5b92dc68-bbb3-11e8-b2ba-ac1f6b6435d0,3 0,0 3
5b931256-bb99-11e8-b2b9-ac1f6b6435d0,23 0,0 23
5b950b20-bba2-11e8-b2b9-ac1f6b6435d0,0,0
5b97ba74-bbb0-11e8-b2ba-ac1f6b6435d0,7 0,0 7
5b97d9ca-bbb8-11e8-b2ba-ac1f6b6435d0,23 0,23
5b98b8b8-bbb8-11e8-b2ba-ac1f6b6435d0,23,23
5b99d3e8-bb99-11e8-b2b9-ac1f6b6435d0,21,21
5ba24942-bbbc-11e8-b2ba-ac1f6b6435d0,0,0
5ba2d556-bbb2-11e8-b2ba-ac1f6b6435d0,14,14
5ba49aea-bbb1-11e8-b2ba-ac1f6b6435d0,2 0,2
5ba5e6ee-bbbf-11e8-b2ba-ac1f6b6435d0,3,3
5ba6d682-bbb3-11e8-b2ba-ac1f6b6435d0,14,14
5ba981e2-bbaa-11e8-b2ba-ac1f6b6435d0,5 0,5
5baa3abe-bba6-11e8-b2ba-ac1f6b6435d0,23,23
5bad02d4-bbb1-11e8-b2ba-ac1f6b6435d0,25 2,2 21 25
5bafc478-bbad-11e8-b2ba-ac1f6b6435d0,25 0,0 25
5bb23ae4-bbbe-11e8-b2ba-ac1f6b6435d0,21,21
5bb46e94-bbb5-11e8-b2ba-ac1f6b6435d0,2,2
5bb81ef8-bba7-11e8-b2ba-ac1f6b6435d0,5 0,5
5bb8ccf2-bbc2-11e8-b2bb-ac1f6b6435d0,25 2 0,0 2
5bbf7be2-bb9f-11e8-b2b9-ac1f6b6435d0,16 2 0,0
5bc093f8-bbb1-11e8-b2ba-ac1f6b6435d0,6,6
5bc1b63c-bbae-11e8-b2ba-ac1f6b6435d0,25 21,21 25
5bc43f5e-bba6-11e8-b2ba-ac1f6b6435d0,21,21
5bc52f0e-bba6-11e8-b2ba-ac1f6b6435d0,7,7
5bc642c6-bbac-11e8-b2ba-ac1f6b6435d0,25 0,0 25
5bc8de38-bbba-11e8-b2ba-ac1f6b6435d0,25 0,0 25
5bc96156-bbc3-11e8-b2bc-ac1f6b6435d0,5 21,5
5bcadcc6-bbbd-11e8-b2ba-ac1f6b6435d0,25 0,0 25
5bcd12ee-bbb2-11e8-b2ba-ac1f6b6435d0,7 0,21
5bcd8a8c-bbb0-11e8-b2ba-ac1f6b6435d0,2 0,0 2
5bd141be-bbb4-11e8-b2ba-ac1f6b6435d0,25,5 25
5bd4c2fc-bbc9-11e8-b2bc-ac1f6b6435d0,6 21,0 21 25
5bd60f26-bbca-11e8-b2bc-ac1f6b6435d0,19 23 21,19
5bd75300-bba6-11e8-b2ba-ac1f6b6435d0,22,22
5bd7756c-bb9f-11e8-b2b9-ac1f6b6435d0,14 2,2 14
5bd88ad0-bb9d-11e8-b2b9-ac1f6b6435d0,19,19
5bd8f7dc-bbbf-11e8-b2ba-ac1f6b6435d0,0,0
5bddcbba-bbb8-11e8-b2ba-ac1f6b6435d0,7 16,7
5be1bb00-bbac-11e8-b2ba-ac1f6b6435d0,23 0,0 23
5be2c516-bbae-11e8-b2ba-ac1f6b6435d0,11,12
5be50174-bbc6-11e8-b2bc-ac1f6b6435d0,13 0,0 22
5be812d4-bbbb-11e8-b2ba-ac1f6b6435d0,25 0,0 23
5be965f8-bbb1-11e8-b2ba-ac1f6b6435d0,7 0,0 7
5beb0284-bb9b-11e8-b2b9-ac1f6b6435d0,12,12
5beb608c-bb99-11e8-b2b9-ac1f6b6435d0,6,6
5becde0a-bbbf-11e8-b2ba-ac1f6b6435d0,3 0,0 3
5befa004-bbbf-11e8-b2ba-ac1f6b6435d0,25 2 0,0 25
5bf5a8e6-bbbf-11e8-b2ba-ac1f6b6435d0,0,0 4
5bf76bcc-bbb5-11e8-b2ba-ac1f6b6435d0,7 0,0 7
5bf7dae0-bbaf-11e8-b2ba-ac1f6b6435d0,4,4
5bfcf29a-bbbf-11e8-b2ba-ac1f6b6435d0,22,22
5bfe3362-bbb5-11e8-b2ba-ac1f6b6435d0,3,3
5bffba6c-bbaa-11e8-b2ba-ac1f6b6435d0,19 25,24
5c02daca-bbba-11e8-b2ba-ac1f6b6435d0,19 25 2 0,2 19
5c0307d6-bbc2-11e8-b2bb-ac1f6b6435d0,2 0,0 2
5c08e04a-bbac-11e8-b2ba-ac1f6b6435d0,11,11
5c094104-bbaf-11e8-b2ba-ac1f6b6435d0,13,13 22
5c0a4b80-bb9b-11e8-b2b9-ac1f6b6435d0,19 0,0 25
5c0a4e62-bbbb-11e8-b2ba-ac1f6b6435d0,20,20
5c0ea5ce-bbc6-11e8-b2bc-ac1f6b6435d0,23,6
5c0fa7ae-bbc0-11e8-b2bb-ac1f6b6435d0,5,5
5c1201b6-bbc5-11e8-b2bc-ac1f6b6435d0,18,25
5c12a1e2-bbb7-11e8-b2ba-ac1f6b6435d0,14 0,0 14
5c1348b2-bba9-11e8-b2ba-ac1f6b6435d0,0,0
5c139a88-bbb8-11e8-b2ba-ac1f6b6435d0,12,12
5c140a8c-bbc1-11e8-b2bb-ac1f6b6435d0,23 0,0 23
5c17ff28-bbb4-11e8-b2ba-ac1f6b6435d0,25 0,0
5c182e1e-bbbc-11e8-b2ba-ac1f6b6435d0,25,21
5c19fa64-bbad-11e8-b2ba-ac1f6b6435d0,23 4,4
5c1a4d1e-bbbe-11e8-b2ba-ac1f6b6435d0,25,25
5c1a898e-bb99-11e8-b2b9-ac1f6b6435d0,25 14,14
5c1ad208-bb9f-11e8-b2b9-ac1f6b6435d0,25,21 25
5c1e2aee-bb9e-11e8-b2b9-ac1f6b6435d0,25,25
5c1e66de-bbae-11e8-b2ba-ac1f6b6435d0,25,25
5c201fc0-bba8-11e8-b2ba-ac1f6b6435d0,0,0
5c2158c4-bb9c-11e8-b2b9-ac1f6b6435d0,5,5
5c222872-bbc3-11e8-b2bc-ac1f6b6435d0,25 3 0,0 2 25
5c23084e-bbc0-11e8-b2bb-ac1f6b6435d0,25 5 21,1 2 21 25
5c27f04c-bb99-11e8-b2b9-ac1f6b6435d0,11 5 0,0 11
5c293e8c-bbc8-11e8-b2bc-ac1f6b6435d0,25 17,16 17 25
5c2a9e16-bbba-11e8-b2ba-ac1f6b6435d0,20,23
5c2b1578-bbbd-11e8-b2ba-ac1f6b6435d0,25 11 2 0,0 16 17 25
5c3527fc-bba4-11e8-b2b9-ac1f6b6435d0,1,1
5c37fe84-bbb1-11e8-b2ba-ac1f6b6435d0,4,4
5c385684-bbae-11e8-b2ba-ac1f6b6435d0,7,7
5c38e518-bb9f-11e8-b2b9-ac1f6b6435d0,3,3
5c38fc10-bbbd-11e8-b2ba-ac1f6b6435d0,2,0 2
5c3900d6-bbac-11e8-b2ba-ac1f6b6435d0,2,2
5c39dd0a-bbb9-11e8-b2ba-ac1f6b6435d0,2 0,0 1 2 19
5c3cccb4-bba4-11e8-b2b9-ac1f6b6435d0,19 0,0 19
5c3e6ed8-bbb9-11e8-b2ba-ac1f6b6435d0,5,0 5
5c410cbe-bbab-11e8-b2ba-ac1f6b6435d0,23,23
5c41cd80-bbc8-11e8-b2bc-ac1f6b6435d0,14 0,14
5c42ed86-bba1-11e8-b2b9-ac1f6b6435d0,0,0
5c4337d4-bba9-11e8-b2ba-ac1f6b6435d0,5,5
5c4aa266-bbb9-11e8-b2ba-ac1f6b6435d0,4,4
5c4afeae-bbab-11e8-b2ba-ac1f6b6435d0,6 2,2 25
5c4ba164-bbac-11e8-b2ba-ac1f6b6435d0,25 21,21
5c4ba9f2-bba2-11e8-b2b9-ac1f6b6435d0,25 2,2
5c4e37c4-bbc7-11e8-b2bc-ac1f6b6435d0,5,5
5c4e43ee-bbb4-11e8-b2ba-ac1f6b6435d0,23,23
5c4ebb08-bbb9-11e8-b2ba-ac1f6b6435d0,5,0 5 25
5c4ef74c-bbc5-11e8-b2bc-ac1f6b6435d0,25 16,23
5c4f35ac-bbc2-11e8-b2bb-ac1f6b6435d0,7 0,0 7
5c53cb60-bbc4-11e8-b2bc-ac1f6b6435d0,18 2,18
5c54561c-bba5-11e8-b2ba-ac1f6b6435d0,25 4,4 25
5c56eec8-bbbd-11e8-b2ba-ac1f6b6435d0,0,0 19
5c5fb240-bba1-11e8-b2b9-ac1f6b6435d0,0,0
5c6147e6-bbaf-11e8-b2ba-ac1f6b6435d0,3 0,3
5c624cb0-bb99-11e8-b2b9-ac1f6b6435d0,2 0,0 2
5c653208-bbb8-11e8-b2ba-ac1f6b6435d0,14,14 21
5c669e32-bbbc-11e8-b2ba-ac1f6b6435d0,25 21,0 7 21
5c66c5ce-bbb7-11e8-b2ba-ac1f6b6435d0,4,4
5c6784bc-bbb4-11e8-b2ba-ac1f6b6435d0,25 18,0 19 25
5c67f9ea-bbbb-11e8-b2ba-ac1f6b6435d0,19,19
5c68183e-bb99-11e8-b2b9-ac1f6b6435d0,22 0,0 22
5c698676-bbab-11e8-b2ba-ac1f6b6435d0,25,21
5c6c04ba-bba5-11e8-b2ba-ac1f6b6435d0,13,13
5c6cb080-bbc4-11e8-b2bc-ac1f6b6435d0,25 3,3 25
5c6dfcb4-bbac-11e8-b2ba-ac1f6b6435d0,23 4,23
5c6f96da-bb9f-11e8-b2b9-ac1f6b6435d0,25 2 0,0 2 25
5c751ebc-bbc6-11e8-b2bc-ac1f6b6435d0,0,0
5c79810c-bba1-11e8-b2b9-ac1f6b6435d0,25 0 21,0 25 26
5c7b6af0-bba9-11e8-b2ba-ac1f6b6435d0,11 5 0,0 5
5c7ec46a-bbbe-11e8-b2ba-ac1f6b6435d0,23,23
5c7fd86a-bbb8-11e8-b2ba-ac1f6b6435d0,25 0,0 25
5c801c04-bb99-11e8-b2b9-ac1f6b6435d0,23,25
5c82bdec-bbbc-11e8-b2ba-ac1f6b6435d0,25 0,0 2
5c82d9ba-bbb4-11e8-b2ba-ac1f6b6435d0,23,23
5c8421f4-bba9-11e8-b2ba-ac1f6b6435d0,7 0,0 7
5c88a72e-bbbd-11e8-b2ba-ac1f6b6435d0,21,21 25 26
5c88e1c8-bba2-11e8-b2b9-ac1f6b6435d0,0,0 2 7
5c8a441c-bba4-11e8-b2b9-ac1f6b6435d0,2,2 25
5c8b86dc-bbaa-11e8-b2ba-ac1f6b6435d0,22,22
5c8ca2d0-bbc1-11e8-b2bb-ac1f6b6435d0,4 2,0 3
5c8d2792-bbb6-11e8-b2ba-ac1f6b6435d0,18 0,18
5c90fb82-bbb7-11e8-b2ba-ac1f6b6435d0,13 7 0,0 7
5c92d568-bb9b-11e8-b2b9-ac1f6b6435d0,2,2
5c9450d2-bbb4-11e8-b2ba-ac1f6b6435d0,11,11
5c94d108-bba3-11e8-b2b9-ac1f6b6435d0,25 6,6 25
5c981d12-bb9a-11e8-b2b9-ac1f6b6435d0,7,25
5c99c282-bbb0-11e8-b2ba-ac1f6b6435d0,19 2 21,2 21 25
5c9e3986-bbc7-11e8-b2bc-ac1f6b6435d0,25 0,0
5ca04bb8-bbb3-11e8-b2ba-ac1f6b6435d0,7,0 7
5ca06920-bbab-11e8-b2ba-ac1f6b6435d0,0,0 2
5ca0eebe-bb9b-11e8-b2b9-ac1f6b6435d0,18,18
5ca13f02-bba2-11e8-b2b9-ac1f6b6435d0,13,22
5ca445ba-bb9f-11e8-b2b9-ac1f6b6435d0,7,7
5cb1f1d2-bbaf-11e8-b2ba-ac1f6b6435d0,3,3
5cb31d6a-bb9f-11e8-b2b9-ac1f6b6435d0,22,0 22
5cb87e92-bbca-11e8-b2bc-ac1f6b6435d0,4,4
5cba5938-bbca-11e8-b2bc-ac1f6b6435d0,3 0,0 3
5cba6be6-bba0-11e8-b2b9-ac1f6b6435d0,7 2 0,2 7
5cbb9716-bbb7-11e8-b2ba-ac1f6b6435d0,16,16 17
5cbe862e-bbbc-11e8-b2ba-ac1f6b6435d0,23 0,0
5cc024e4-bba2-11e8-b2b9-ac1f6b6435d0,7,7
5cc02bce-bbb1-11e8-b2ba-ac1f6b6435d0,6,6
5cc0ea64-bba2-11e8-b2b9-ac1f6b6435d0,21,25
5cc23946-bba7-11e8-b2ba-ac1f6b6435d0,1,7
5cc4562e-bbc3-11e8-b2bc-ac1f6b6435d0,0,0
5cc9b4de-bbc8-11e8-b2bc-ac1f6b6435d0,25 0,0 2 25
5ccd9642-bba7-11e8-b2ba-ac1f6b6435d0,25 2,2 6 25
5ccfb6ec-bb99-11e8-b2b9-ac1f6b6435d0,19,19
5cd06f2e-bba8-11e8-b2ba-ac1f6b6435d0,7 0,7
5cd18656-bbc7-11e8-b2bc-ac1f6b6435d0,0,0
5cd222ce-bbbc-11e8-b2ba-ac1f6b6435d0,0,0 25
5cd2d2ec-bba7-11e8-b2ba-ac1f6b6435d0,25 13 21,13 21 25
5cd60d72-bbca-11e8-b2bc-ac1f6b6435d0,16 7 17,16 17 18
5cd9b458-bbc1-11e8-b2bb-ac1f6b6435d0,25 0,0 21 25
5cdc1006-bbbf-11e8-b2ba-ac1f6b6435d0,25 23,23
5cdd11ec-bbb3-11e8-b2ba-ac1f6b6435d0,25 0,19
5cdd6e12-bba9-11e8-b2ba-ac1f6b6435d0,3 0,3
5cdd9226-bb9e-11e8-b2b9-ac1f6b6435d0,24,16 24
5ce17f18-bba2-11e8-b2b9-ac1f6b6435d0,25 0,0
5ce19ae8-bbc0-11e8-b2bb-ac1f6b6435d0,6,6
5ce2f294-bbc0-11e8-b2bb-ac1f6b6435d0,25 2,21 25
5ce309ac-bb9b-11e8-b2b9-ac1f6b6435d0,25,6
5ce7155e-bbca-11e8-b2bc-ac1f6b6435d0,25 5,25
5cebaab0-bbc5-11e8-b2bc-ac1f6b6435d0,21,21
5cef3ce4-bbb0-11e8-b2ba-ac1f6b6435d0,23 0,0 23
5cef6b2e-bbb5-11e8-b2ba-ac1f6b6435d0,23,23
5ceff89a-bbc5-11e8-b2bc-ac1f6b6435d0,25,23
5cf314b6-bbb2-11e8-b2ba-ac1f6b6435d0,7 2 0,0 2
5cf4e2e2-bbac-11e8-b2ba-ac1f6b6435d0,25,7 25
5cf556aa-bb9d-11e8-b2b9-ac1f6b6435d0,19,19
5cf6548c-bbad-11e8-b2ba-ac1f6b6435d0,4,4 25
5cf8d2d0-bbbb-11e8-b2ba-ac1f6b6435d0,21,21
5cf903b4-bbb0-11e8-b2ba-ac1f6b6435d0,25,25
5cf9b90c-bbb1-11e8-b2ba-ac1f6b6435d0,3 0,0 3
5cfd1694-bbaf-11e8-b2ba-ac1f6b6435d0,25 16 0,0 25 26
5cfecf6c-bbb3-11e8-b2ba-ac1f6b6435d0,6,1 6
5d012f8c-bb9a-11e8-b2b9-ac1f6b6435d0,0 21,0 21
5d032410-bbc5-11e8-b2bc-ac1f6b6435d0,1,1
5d056ae0-bbca-11e8-b2bc-ac1f6b6435d0,4,4
5d0994b4-bbb4-11e8-b2ba-ac1f6b6435d0,0 21,0 21
5d0b52fc-bbbb-11e8-b2ba-ac1f6b6435d0,25 2,2 25
5d0ba4d0-bb9a-11e8-b2b9-ac1f6b6435d0,5,5 18
5d137700-bba4-11e8-b2b9-ac1f6b6435d0,23,23
5d14c7d8-bbc0-11e8-b2bb-ac1f6b6435d0,23,23
5d1a2cc2-bbad-11e8-b2ba-ac1f6b6435d0,25,25
5d1bea18-bbac-11e8-b2ba-ac1f6b6435d0,0,0
5d230476-bba5-11e8-b2ba-ac1f6b6435d0,2,2
5d2a03ee-bbc2-11e8-b2bb-ac1f6b6435d0,12 23 0,0 12 23
5d2baa14-bbc7-11e8-b2bc-ac1f6b6435d0,0,0
5d3022c6-bbac-11e8-b2ba-ac1f6b6435d0,23 2 0,0 2 23
5d310c4c-bb9b-11e8-b2b9-ac1f6b6435d0,0,0 5
5d318c74-bb9d-11e8-b2b9-ac1f6b6435d0,3,4
5d332710-bb9c-11e8-b2b9-ac1f6b6435d0,25,25
5d33541e-bbbb-11e8-b2ba-ac1f6b6435d0,25 5,25
5d36256a-bbbe-11e8-b2ba-ac1f6b6435d0,24 25,24 25
5d3723ea-bba3-11e8-b2b9-ac1f6b6435d0,25 0,0
5d3b1914-bbc6-11e8-b2bc-ac1f6b6435d0,6,6
5d3b8e2a-bbb3-11e8-b2ba-ac1f6b6435d0,7,7
5d3ebfce-bba8-11e8-b2ba-ac1f6b6435d0,25 7 0,7
5d3faed0-bbc5-11e8-b2bc-ac1f6b6435d0,5 0,5
5d4186f4-bbbd-11e8-b2ba-ac1f6b6435d0,23,23
5d436dd4-bba4-11e8-b2b9-ac1f6b6435d0,25 2 0,0 21
5d444f18-bba6-11e8-b2ba-ac1f6b6435d0,13 5 0,0 13
5d445c00-bbac-11e8-b2ba-ac1f6b6435d0,23,23
5d460ff0-bb9d-11e8-b2b9-ac1f6b6435d0,25 5 0,5
5d46e1d2-bbca-11e8-b2bc-ac1f6b6435d0,2 0,0 25
5d46f246-bba5-11e8-b2ba-ac1f6b6435d0,1 2 0,0 1 2
5d485100-bbae-11e8-b2ba-ac1f6b6435d0,0,0
5d49f642-bbca-11e8-b2bc-ac1f6b6435d0,25 5,0 25
5d4b9d36-bbab-11e8-b2ba-ac1f6b6435d0,19,19
5d4dfba0-bb9f-11e8-b2b9-ac1f6b6435d0,23,23
5d50ea4c-bbb6-11e8-b2ba-ac1f6b6435d0,12 0,0
5d519242-bbae-11e8-b2ba-ac1f6b6435d0,14 3,3 14
5d580b84-bb9c-11e8-b2b9-ac1f6b6435d0,11,0
5d5b99e6-bbb7-11e8-b2ba-ac1f6b6435d0,11,11
5d5bd868-bbab-11e8-b2ba-ac1f6b6435d0,5 0,5
5d5efe10-bba8-11e8-b2ba-ac1f6b6435d0,1,1
5d5ffee6-bbc1-11e8-b2bb-ac1f6b6435d0,1 0 21,0 1 21
5d66d1b6-bba4-11e8-b2b9-ac1f6b6435d0,5 0 21,0 21
5d685f98-bbab-11e8-b2ba-ac1f6b6435d0,4,4
5d6c4de6-bbb1-11e8-b2ba-ac1f6b6435d0,25 2 21,2 25
5d6d67e2-bbae-11e8-b2ba-ac1f6b6435d0,25 7,7
5d6fa1cc-bbc4-11e8-b2bc-ac1f6b6435d0,25,25
5d720f1a-bbbb-11e8-b2ba-ac1f6b6435d0,0,0 3
5d7300f6-bbc9-11e8-b2bc-ac1f6b6435d0,25 4,4 25
5d73e1ca-bbc8-11e8-b2bc-ac1f6b6435d0,13 7 0,0 7
5d74c982-bbc8-11e8-b2bc-ac1f6b6435d0,24 5,24
5d7771cc-bbc4-11e8-b2bc-ac1f6b6435d0,23 2,2 23
5d788cac-bba5-11e8-b2ba-ac1f6b6435d0,0,0
5d7b0078-bbae-11e8-b2ba-ac1f6b6435d0,23,23
5d7b0466-bbbc-11e8-b2ba-ac1f6b6435d0,21,21
5d7d4a80-bbbe-11e8-b2ba-ac1f6b6435d0,0 21,0 21
5d7e8488-bba8-11e8-b2ba-ac1f6b6435d0,25,11
5d815484-bba2-11e8-b2b9-ac1f6b6435d0,1 0,0 1
5d885994-bba9-11e8-b2ba-ac1f6b6435d0,0,0
5d8c5f6a-bb9c-11e8-b2b9-ac1f6b6435d0,5,0
5d908eb0-bbb4-11e8-b2ba-ac1f6b6435d0,25 17 0,0 17 25
5d90d412-bba3-11e8-b2b9-ac1f6b6435d0,22,25
5d91a9d0-bbc3-11e8-b2bc-ac1f6b6435d0,22 0,0 22
5d92aaae-bbac-11e8-b2ba-ac1f6b6435d0,2 0,0 2
5d93160a-bbad-11e8-b2ba-ac1f6b6435d0,3,3
5d9a36ea-bba0-11e8-b2b9-ac1f6b6435d0,19,19
5d9c80f4-bbb8-11e8-b2ba-ac1f6b6435d0,0,0
5d9e4824-bba6-11e8-b2ba-ac1f6b6435d0,4,4
5d9f652a-bbb9-11e8-b2ba-ac1f6b6435d0,25 0,0 25
5d9fc5a0-bbc4-11e8-b2bc-ac1f6b6435d0,7,7
5da0d5ca-bba7-11e8-b2ba-ac1f6b6435d0,25 0,0 25
5da13dca-bba3-11e8-b2b9-ac1f6b6435d0,1 0,0 1
5da57472-bb9d-11e8-b2b9-ac1f6b6435d0,0 21,0 21
5da6d450-bb9a-11e8-b2b9-ac1f6b6435d0,25 0,0 25
5da8edd4-bbb4-11e8-b2ba-ac1f6b6435d0,7,7
5dab52f8-bb9c-11e8-b2b9-ac1f6b6435d0,7 0,23
5dad3322-bbbd-11e8-b2ba-ac1f6b6435d0,7 0,0 7
5daf2d24-bbb5-11e8-b2ba-ac1f6b6435d0,25 18,18 25
5db0b280-bb9b-11e8-b2b9-ac1f6b6435d0,23 0,0 21 22
5db12a58-bbb4-11e8-b2ba-ac1f6b6435d0,0,0 25
5db51388-bba6-11e8-b2ba-ac1f6b6435d0,23,23
5db8e2de-bbaa-11e8-b2ba-ac1f6b6435d0,0,0 26
5dbf1f24-bbbd-11e8-b2ba-ac1f6b6435d0,11 4,11
5dbfaf28-bba6-11e8-b2ba-ac1f6b6435d0,9 10,8 9 10
5dbfd532-bba3-11e8-b2b9-ac1f6b6435d0,4,4
5dc08ec4-bbb1-11e8-b2ba-ac1f6b6435d0,0 21,0 12
5dc0b21a-bbc9-11e8-b2bc-ac1f6b6435d0,12 0,0 12
5dc0e01a-bba0-11e8-b2b9-ac1f6b6435d0,25,7 25
5dc1a008-bbb5-11e8-b2ba-ac1f6b6435d0,18,18 25
5dc214f2-bb9c-11e8-b2b9-ac1f6b6435d0,7,18 25
5dc2623a-bbb6-11e8-b2ba-ac1f6b6435d0,19,19
5dc39682-bba2-11e8-b2b9-ac1f6b6435d0,4,4
5dc4ca68-bbbe-11e8-b2ba-ac1f6b6435d0,18 0,0 18
5dc80f46-bbc0-11e8-b2bb-ac1f6b6435d0,2 0,0 2
5dcab91e-bbbe-11e8-b2ba-ac1f6b6435d0,21,21
5dcced32-bbb5-11e8-b2ba-ac1f6b6435d0,25,18 25
5dcd36b2-bbbe-11e8-b2ba-ac1f6b6435d0,7,7
5dd1b5d4-bba5-11e8-b2ba-ac1f6b6435d0,22 25 18 0,0 21 22
5dd37c8e-bbaa-11e8-b2ba-ac1f6b6435d0,1 0,0 1
5dd74816-bb99-11e8-b2b9-ac1f6b6435d0,19 0,0 1 19
5dd90866-bbbe-11e8-b2ba-ac1f6b6435d0,0,0 25
5dda005e-bbbe-11e8-b2ba-ac1f6b6435d0,25 2,2
5ddbe06a-bb9e-11e8-b2b9-ac1f6b6435d0,14,14
5ddd23ea-bbb6-11e8-b2ba-ac1f6b6435d0,25 0,0 21 25
5de05392-bba9-11e8-b2ba-ac1f6b6435d0,2 0,2
5de0cf68-bbb6-11e8-b2ba-ac1f6b6435d0,4,2 4
5de5f0f0-bb99-11e8-b2b9-ac1f6b6435d0,0,0
5de64ee8-bbc5-11e8-b2bc-ac1f6b6435d0,2 0,0 2
5de84984-bbc8-11e8-b2bc-ac1f6b6435d0,19 4,4
5de97136-bb9d-11e8-b2b9-ac1f6b6435d0,19 0,0 19
5dea0aea-bbbd-11e8-b2ba-ac1f6b6435d0,3,0 2
5dee9b22-bbb4-11e8-b2ba-ac1f6b6435d0,0,0
5df09df6-bbb3-11e8-b2ba-ac1f6b6435d0,11 0,0 11
5df9d5e0-bbba-11e8-b2ba-ac1f6b6435d0,25 21,21
5dfa1c62-bbab-11e8-b2ba-ac1f6b6435d0,0,0
5dfad250-bba7-11e8-b2ba-ac1f6b6435d0,16 25 14,14 16
5dfaf6e0-bbbb-11e8-b2ba-ac1f6b6435d0,7,7
5dfcc86e-bbbe-11e8-b2ba-ac1f6b6435d0,23,23
5dfd4080-bb9d-11e8-b2b9-ac1f6b6435d0,3 0,0 3
5dff4194-bb9f-11e8-b2b9-ac1f6b6435d0,19 0,0 19
5e02c0a2-bba0-11e8-b2b9-ac1f6b6435d0,1 0,0 1
5e037efc-bbc8-11e8-b2bc-ac1f6b6435d0,21,21
5e04c4f8-bbad-11e8-b2ba-ac1f6b6435d0,24,24
5e063cd2-bbb9-11e8-b2ba-ac1f6b6435d0,5 0,0
5e064bb0-bbbd-11e8-b2ba-ac1f6b6435d0,16 0,5
5e0a341e-bb9f-11e8-b2b9-ac1f6b6435d0,21,21
5e0bcfc0-bba1-11e8-b2b9-ac1f6b6435d0,12,12
5e0dc1aa-bbc3-11e8-b2bc-ac1f6b6435d0,25 3,3 25
5e100242-bba7-11e8-b2ba-ac1f6b6435d0,5,0 5
5e112000-bbac-11e8-b2ba-ac1f6b6435d0,23 2 21,2 21
5e14476e-bbb4-11e8-b2ba-ac1f6b6435d0,25 0,0 21 25
5e17ecce-bba6-11e8-b2ba-ac1f6b6435d0,25 4,0
5e185dc2-bbc8-11e8-b2bc-ac1f6b6435d0,18 0,18
5e1b52f8-bbbd-11e8-b2ba-ac1f6b6435d0,7,18
5e1b62a0-bbba-11e8-b2ba-ac1f6b6435d0,2 0,0 2
5e1b8a8c-bbb5-11e8-b2ba-ac1f6b6435d0,2 0,0 2
5e1cccc4-bbc6-11e8-b2bc-ac1f6b6435d0,0,0
5e220590-bbbc-11e8-b2ba-ac1f6b6435d0,25 0,0 25
5e22a522-bb99-11e8-b2b9-ac1f6b6435d0,0,0
5e234af4-bbbc-11e8-b2ba-ac1f6b6435d0,4,5
5e24966e-bbc3-11e8-b2bc-ac1f6b6435d0,0,0
5e24b672-bbae-11e8-b2ba-ac1f6b6435d0,24 16 0,0 24
5e27b1c2-bbc4-11e8-b2bc-ac1f6b6435d0,22 25 0,0 25
5e2d0f3a-bbc6-11e8-b2bc-ac1f6b6435d0,14,14
5e2fa248-bbb9-11e8-b2ba-ac1f6b6435d0,11 21,14 21 25
5e30d67c-bb9b-11e8-b2b9-ac1f6b6435d0,11 0,0 25
5e3212f6-bbc0-11e8-b2bb-ac1f6b6435d0,7 0 21,7 21
5e387924-bbc6-11e8-b2bc-ac1f6b6435d0,25 0,0 25
5e38fd94-bb9f-11e8-b2b9-ac1f6b6435d0,7,7
5e39cfec-bbb0-11e8-b2ba-ac1f6b6435d0,21,21
5e3a2e6a-bb9c-11e8-b2b9-ac1f6b6435d0,0,0 3
5e3a6532-bbca-11e8-b2bc-ac1f6b6435d0,0,0
5e3a8750-bbbc-11e8-b2ba-ac1f6b6435d0,23,0
5e3c4eea-bba9-11e8-b2ba-ac1f6b6435d0,0,0
5e3c60ec-bb9a-11e8-b2b9-ac1f6b6435d0,22,22
5e41a83e-bb9c-11e8-b2b9-ac1f6b6435d0,9,9 10 20
5e42414e-bbc5-11e8-b2bc-ac1f6b6435d0,23,23
5e424bf0-bbaa-11e8-b2ba-ac1f6b6435d0,14 0,0 14
5e44be0e-bbc2-11e8-b2bb-ac1f6b6435d0,25 1,1
5e54bd48-bba6-11e8-b2ba-ac1f6b6435d0,0,0
5e55fdf2-bbb0-11e8-b2ba-ac1f6b6435d0,25 18 21,18 21 25
5e576050-bbb2-11e8-b2ba-ac1f6b6435d0,21,12 21
5e58d74c-bbb6-11e8-b2ba-ac1f6b6435d0,18 0,0 18
5e5a1c52-bbb0-11e8-b2ba-ac1f6b6435d0,25 7 0,0 7
5e605e06-bbb4-11e8-b2ba-ac1f6b6435d0,5 0,5
5e638e90-bbc9-11e8-b2bc-ac1f6b6435d0,25 7 0,0 7
5e645538-bb9b-11e8-b2b9-ac1f6b6435d0,19 17,19
5e6526a2-bba0-11e8-b2b9-ac1f6b6435d0,6 2,6
5e662052-bbbe-11e8-b2ba-ac1f6b6435d0,21,21
5e681c1a-bbc1-11e8-b2bb-ac1f6b6435d0,6 21,21
5e6df390-bbb9-11e8-b2ba-ac1f6b6435d0,5,0 5
5e6e30b4-bba3-11e8-b2b9-ac1f6b6435d0,21,21 25
5e76a4e8-bbb1-11e8-b2ba-ac1f6b6435d0,11,11
5e783444-bba1-11e8-b2b9-ac1f6b6435d0,25 0,0 25
5e78d7c6-bbc1-11e8-b2bb-ac1f6b6435d0,22 25 0,0 22 25
5e7f74e4-bbb4-11e8-b2ba-ac1f6b6435d0,12 4,4 12
5e801804-bbc8-11e8-b2bc-ac1f6b6435d0,25,25
5e82343a-bbba-11e8-b2ba-ac1f6b6435d0,20,20
5e825dce-bbca-11e8-b2bc-ac1f6b6435d0,0,0
5e82ff20-bbc7-11e8-b2bc-ac1f6b6435d0,25 0,3 25
5e87c020-bba2-11e8-b2b9-ac1f6b6435d0,19 25 23,19
5e90c6a4-bbb4-11e8-b2ba-ac1f6b6435d0,12,12
5e94c090-bbc5-11e8-b2bc-ac1f6b6435d0,19 0,0 19
5e94d6b2-bba1-11e8-b2b9-ac1f6b6435d0,25,6 25
5e96f9ca-bb9b-11e8-b2b9-ac1f6b6435d0,16 0 21,16
5e979a20-bbbd-11e8-b2ba-ac1f6b6435d0,7,7
5e997b78-bbaa-11e8-b2ba-ac1f6b6435d0,25 0 21,0 21 25
5e9afd56-bb99-11e8-b2b9-ac1f6b6435d0,0,0
5ea59562-bba4-11e8-b2b9-ac1f6b6435d0,25 5,5
5eab5ea0-bbbf-11e8-b2ba-ac1f6b6435d0,21,21
5eaba756-bbc0-11e8-b2bb-ac1f6b6435d0,11,11
5eadaf16-bbba-11e8-b2ba-ac1f6b6435d0,4,4
5eae46d6-bbb7-11e8-b2ba-ac1f6b6435d0,25,25
5eb6298c-bb9e-11e8-b2b9-ac1f6b6435d0,0,0
5eb731e0-bba0-11e8-b2b9-ac1f6b6435d0,25 4,4 25
5eb85d5c-bba7-11e8-b2ba-ac1f6b6435d0,3,3
5eb9ff8e-bbb3-11e8-b2ba-ac1f6b6435d0,25,1 25
5ebaaca8-bbc3-11e8-b2bc-ac1f6b6435d0,18 17,23
5ebbbbdc-bb9d-11e8-b2b9-ac1f6b6435d0,2 0,2
5ec417a0-bbac-11e8-b2ba-ac1f6b6435d0,5 0,5
5ec7cf80-bbc5-11e8-b2bc-ac1f6b6435d0,0,0
5ec8c22a-bba0-11e8-b2b9-ac1f6b6435d0,6,6 25
5ec8cdf4-bbb6-11e8-b2ba-ac1f6b6435d0,11 1,11 24
5ecbc5a0-bbc9-11e8-b2bc-ac1f6b6435d0,20,20
5ed0a114-bb9d-11e8-b2b9-ac1f6b6435d0,16 25 0,0 25
5ed1814c-bb9d-11e8-b2b9-ac1f6b6435d0,6,21 25
5ed18d7c-bbca-11e8-b2bc-ac1f6b6435d0,5,5
5ed738e2-bba4-11e8-b2b9-ac1f6b6435d0,21,11 21
5ed9def0-bbc0-11e8-b2bb-ac1f6b6435d0,19 2,19 25
5edc69aa-bbc4-11e8-b2bc-ac1f6b6435d0,0,0
5edce5a6-bbbf-11e8-b2ba-ac1f6b6435d0,25 4,4
5ede86a6-bb9a-11e8-b2b9-ac1f6b6435d0,14,14 16
5ee73696-bba6-11e8-b2ba-ac1f6b6435d0,11,11
5eea40c6-bbb4-11e8-b2ba-ac1f6b6435d0,5,5
5eea8baa-bba8-11e8-b2ba-ac1f6b6435d0,11,21 25
5eec3c24-bba4-11e8-b2b9-ac1f6b6435d0,23 2,3
5eec9034-bbc7-11e8-b2bc-ac1f6b6435d0,11,11
5ef46d02-bbb0-11e8-b2ba-ac1f6b6435d0,2,2
5ef48dac-bb9f-11e8-b2b9-ac1f6b6435d0,25 14,14
5ef69130-bbca-11e8-b2bc-ac1f6b6435d0,11,11 25
5ef6e6ea-bbba-11e8-b2ba-ac1f6b6435d0,22 0,0 22
5ef7ec78-bbb2-11e8-b2ba-ac1f6b6435d0,0 21,0 21
5efac5e4-bba1-11e8-b2b9-ac1f6b6435d0,2,2
5efc3890-bbc7-11e8-b2bc-ac1f6b6435d0,21,0 25
5efe9de0-bbba-11e8-b2ba-ac1f6b6435d0,4,4
5f005cfa-bb99-11e8-b2b9-ac1f6b6435d0,19,19
5f0267e8-bbbc-11e8-b2ba-ac1f6b6435d0,19,19
5f064e3e-bb9a-11e8-b2b9-ac1f6b6435d0,0,0
5f06a51c-bba1-11e8-b2b9-ac1f6b6435d0,21,12 21
5f074750-bbb6-11e8-b2ba-ac1f6b6435d0,12 26 5 0,26
5f0829ac-bbc2-11e8-b2bb-ac1f6b6435d0,5,5
5f091546-bbb4-11e8-b2ba-ac1f6b6435d0,23,23
5f09c8aa-bbb5-11e8-b2ba-ac1f6b6435d0,6 7,7
5f0c5dfa-bbbe-11e8-b2ba-ac1f6b6435d0,25,21
5f0d8d9e-bbc6-11e8-b2bc-ac1f6b6435d0,5,5
5f0d968e-bba5-11e8-b2ba-ac1f6b6435d0,23 4,4 23
5f0e0266-bba2-11e8-b2b9-ac1f6b6435d0,25 0,0 25
5f0e154a-bbbf-11e8-b2ba-ac1f6b6435d0,0,0
5f122668-bbc8-11e8-b2bc-ac1f6b6435d0,7,7
5f1af6b4-bb99-11e8-b2b9-ac1f6b6435d0,3,3
5f1de6e4-bbb2-11e8-b2ba-ac1f6b6435d0,5,5
5f1ec064-bbc6-11e8-b2bc-ac1f6b6435d0,0,0
5f207f02-bbc2-11e8-b2bb-ac1f6b6435d0,0 21,0 25
5f209740-bbb2-11e8-b2ba-ac1f6b6435d0,12,12
5f21f402-bba6-11e8-b2ba-ac1f6b6435d0,25,25
5f298a9c-bbbe-11e8-b2ba-ac1f6b6435d0,12 21,12
5f29f3fc-bb9a-11e8-b2b9-ac1f6b6435d0,25 0,0 25
5f2b97e6-bbc4-11e8-b2bc-ac1f6b6435d0,7,7
5f2ba604-bbac-11e8-b2ba-ac1f6b6435d0,25 7,25
5f2cf6d2-bbb4-11e8-b2ba-ac1f6b6435d0,23,23
5f2d9e0c-bbaa-11e8-b2ba-ac1f6b6435d0,25 1 0,0 1 25
5f300c9c-bbc2-11e8-b2bb-ac1f6b6435d0,0,0 25
5f3137f4-bba2-11e8-b2b9-ac1f6b6435d0,23,23
5f3220c6-bba0-11e8-b2b9-ac1f6b6435d0,5 0,0 25 26
5f346b88-bbc3-11e8-b2bc-ac1f6b6435d0,25 0,0 25
5f364a30-bba9-11e8-b2ba-ac1f6b6435d0,0,0 7
5f37d732-bbaf-11e8-b2ba-ac1f6b6435d0,0,0
5f3846f2-bba7-11e8-b2ba-ac1f6b6435d0,19 25,19
5f3ad194-bbb4-11e8-b2ba-ac1f6b6435d0,12 0,0 12
5f3bef56-bbb5-11e8-b2ba-ac1f6b6435d0,23 21,21 23 25
5f43a20c-bbc7-11e8-b2bc-ac1f6b6435d0,25 7 0,0 7
5f43b00a-bbb6-11e8-b2ba-ac1f6b6435d0,0,0 5
5f45e668-bbc0-11e8-b2bb-ac1f6b6435d0,3,3
5f46a14c-bba8-11e8-b2ba-ac1f6b6435d0,24 5,5
5f46bcf0-bb9d-11e8-b2b9-ac1f6b6435d0,3 0,0 3
5f4747e8-bbba-11e8-b2ba-ac1f6b6435d0,25 14,14 25
5f48ebc8-bbbc-11e8-b2ba-ac1f6b6435d0,25 1 0,0 1
5f48eef8-bbb1-11e8-b2ba-ac1f6b6435d0,25 5 0,0 5 25
5f4b2db6-bb99-11e8-b2b9-ac1f6b6435d0,23,23
5f4bd4c2-bb9f-11e8-b2b9-ac1f6b6435d0,5 0,0 5
5f4c846e-bbb1-11e8-b2ba-ac1f6b6435d0,12 25 2 0,0 2 12
5f4e5ece-bbbb-11e8-b2ba-ac1f6b6435d0,19,26
5f56ee8c-bbbf-11e8-b2ba-ac1f6b6435d0,25 18,25
5f577172-bbb5-11e8-b2ba-ac1f6b6435d0,25 5,7
5f5ee668-bbac-11e8-b2ba-ac1f6b6435d0,19 25,19 25
5f6083a8-bb9b-11e8-b2b9-ac1f6b6435d0,12,12 25
5f60e3e8-bbaa-11e8-b2ba-ac1f6b6435d0,25 2 0,0 2 25
5f6381de-bbaf-11e8-b2ba-ac1f6b6435d0,1 0,0 1
5f65aa2a-bbc5-11e8-b2bc-ac1f6b6435d0,21,0 21 25
5f6b7a32-bbb0-11e8-b2ba-ac1f6b6435d0,6,6 25
5f6bfbc4-bbab-11e8-b2ba-ac1f6b6435d0,23,23
5f6dc604-bbc2-11e8-b2bb-ac1f6b6435d0,2 21,2 21
5f71793a-bba3-11e8-b2b9-ac1f6b6435d0,25,19 25
5f79a114-bb99-11e8-b2b9-ac1f6b6435d0,23,23
5f7b1016-bbc2-11e8-b2bb-ac1f6b6435d0,25 13,21
5f7b172e-bbbc-11e8-b2ba-ac1f6b6435d0,25 14 2,14 16 17 25
5f7e35ac-bbb8-11e8-b2ba-ac1f6b6435d0,26,26
5f8329c2-bbb8-11e8-b2ba-ac1f6b6435d0,25,5 25
5f83e9d8-bba5-11e8-b2ba-ac1f6b6435d0,16 2 0,0 2
5f8461e6-bbab-11e8-b2ba-ac1f6b6435d0,25 5 0,0 25
5f850b06-bbc8-11e8-b2bc-ac1f6b6435d0,25 6,6 25
5f899656-bb9d-11e8-b2b9-ac1f6b6435d0,25 2 0,0 25
5f8b5ada-bba3-11e8-b2b9-ac1f6b6435d0,25 21,25
5f8c6aa8-bbb5-11e8-b2ba-ac1f6b6435d0,0,0 25
5f8d68d8-bbae-11e8-b2ba-ac1f6b6435d0,19 0,0
5f8e249c-bbba-11e8-b2ba-ac1f6b6435d0,23 5 0,0 25
5f8edf8a-bbc5-11e8-b2bc-ac1f6b6435d0,25 4,4 25
5f8f5dac-bbbb-11e8-b2ba-ac1f6b6435d0,18,0
5f92d5dc-bbc4-11e8-b2bc-ac1f6b6435d0,25 0,0
5f94b298-bba2-11e8-b2b9-ac1f6b6435d0,7 0,0
5f96ad4e-bba4-11e8-b2b9-ac1f6b6435d0,22 2 0,0 22
5f9b3722-bbc4-11e8-b2bc-ac1f6b6435d0,18,7 18
5f9bab06-bba3-11e8-b2b9-ac1f6b6435d0,13,13
5f9c5faa-bbb8-11e8-b2ba-ac1f6b6435d0,4 21,4 21 25
5f9d5f04-bbb8-11e8-b2ba-ac1f6b6435d0,8,8 20
5f9dd4d4-bbbd-11e8-b2ba-ac1f6b6435d0,19,19
5f9fb8b6-bbaa-11e8-b2ba-ac1f6b6435d0,23,23
5fa0a49e-bba3-11e8-b2b9-ac1f6b6435d0,23,23
5fa0be08-bbc5-11e8-b2bc-ac1f6b6435d0,25 5 0,5 25
5fa153a4-bba7-11e8-b2ba-ac1f6b6435d0,25,25
5fa15784-bbb9-11e8-b2ba-ac1f6b6435d0,7 5 0,0 5 7
5fa2ec44-bb9a-11e8-b2b9-ac1f6b6435d0,23 2,23
5fa6a9f6-bba4-11e8-b2b9-ac1f6b6435d0,25 21,21
5fa83c26-bba4-11e8-b2b9-ac1f6b6435d0,14 0,0 14
5faa908e-bb9f-11e8-b2b9-ac1f6b6435d0,21,21
5fae08bc-bbc8-11e8-b2bc-ac1f6b6435d0,2 0,0 2
5fb041b0-bbc6-11e8-b2bc-ac1f6b6435d0,0,0 25
5fb18b2e-bb99-11e8-b2b9-ac1f6b6435d0,25 0,0 25
5fb3e838-bba8-11e8-b2ba-ac1f6b6435d0,0,0
5fb4821e-bba5-11e8-b2ba-ac1f6b6435d0,18 0,0 16 25
5fb58b02-bbbc-11e8-b2ba-ac1f6b6435d0,12,12
5fb643ee-bb99-11e8-b2b9-ac1f6b6435d0,23 0,0 23
5fb8f2ee-bbbf-11e8-b2ba-ac1f6b6435d0,0,0
5fb9d718-bbc9-11e8-b2bc-ac1f6b6435d0,0,0
5fb9edb4-bb99-11e8-b2b9-ac1f6b6435d0,12,0 12 19
5fba3a98-bbb3-11e8-b2ba-ac1f6b6435d0,2,7
5fbae054-bbc4-11e8-b2bc-ac1f6b6435d0,2 0,0 2
5fbbc03c-bba6-11e8-b2ba-ac1f6b6435d0,11,11
5fbc10c4-bba5-11e8-b2ba-ac1f6b6435d0,25 2,2 25
5fbd8dae-bbbf-11e8-b2ba-ac1f6b6435d0,25 6 2,2 25
5fbfd4e8-bbb9-11e8-b2ba-ac1f6b6435d0,0 21,21
5fc69950-bba9-11e8-b2ba-ac1f6b6435d0,14 2,2 14
5fc7f9f8-bba4-11e8-b2b9-ac1f6b6435d0,16 14 4,5
5fcc12e8-bbc9-11e8-b2bc-ac1f6b6435d0,25 0,0 25
5fd7c1aa-bbb1-11e8-b2ba-ac1f6b6435d0,5 0,0 5
5fd9ebf6-bbc0-11e8-b2bb-ac1f6b6435d0,12,12
5fdfa8c0-bba7-11e8-b2ba-ac1f6b6435d0,0 21,0 21
5fe0c8c0-bb9a-11e8-b2b9-ac1f6b6435d0,6,6
5fe1f6fe-bbaf-11e8-b2ba-ac1f6b6435d0,23,23
5fe26f64-bbb7-11e8-b2ba-ac1f6b6435d0,4,4
5fe57858-bbb7-11e8-b2ba-ac1f6b6435d0,25,25 26
5fe583b2-bbc0-11e8-b2bb-ac1f6b6435d0,26 0,0 26
5fe98370-bba4-11e8-b2b9-ac1f6b6435d0,19,19
5ff3c46c-bbc1-11e8-b2bb-ac1f6b6435d0,11,11
5ff57102-bbb9-11e8-b2ba-ac1f6b6435d0,25 4,4
5ffa04b8-bba2-11e8-b2b9-ac1f6b6435d0,25 2,2 25
5ffab480-bba2-11e8-b2b9-ac1f6b6435d0,5 3,0 5 21
5ffaea8a-bb99-11e8-b2b9-ac1f6b6435d0,7 2,2 7
60023038-bbb2-11e8-b2ba-ac1f6b6435d0,6 14,6
6004f29a-bbc7-11e8-b2bc-ac1f6b6435d0,21,25
6005091c-bbbb-11e8-b2ba-ac1f6b6435d0,25 18,18 25
6005ea1c-bbc0-11e8-b2bb-ac1f6b6435d0,23,23
600a3608-bbb6-11e8-b2ba-ac1f6b6435d0,5 0,0 5
600ae908-bbb7-11e8-b2ba-ac1f6b6435d0,19 11 0,18
600ef678-bba9-11e8-b2ba-ac1f6b6435d0,4,4
60143d5c-bbb5-11e8-b2ba-ac1f6b6435d0,1 2,0 2 25
60152686-bba6-11e8-b2ba-ac1f6b6435d0,14 17 21,14 16 17 21
6015f732-bbb5-11e8-b2ba-ac1f6b6435d0,23,23
601825e8-bba6-11e8-b2ba-ac1f6b6435d0,25,5 25
6018da38-bb9c-11e8-b2b9-ac1f6b6435d0,23 0,0 23
601ae010-bba8-11e8-b2ba-ac1f6b6435d0,5 0,0 5
601c2148-bbb5-11e8-b2ba-ac1f6b6435d0,11,11
601c5664-bba5-11e8-b2ba-ac1f6b6435d0,2 0,0 2
601c5c30-bbb0-11e8-b2ba-ac1f6b6435d0,4,4
601c92ca-bbad-11e8-b2ba-ac1f6b6435d0,25 21,0 25
60239958-bbb2-11e8-b2ba-ac1f6b6435d0,4,4
6023d5e0-bbb1-11e8-b2ba-ac1f6b6435d0,6,6
60257660-bbc1-11e8-b2bb-ac1f6b6435d0,25,25
60266110-bba3-11e8-b2b9-ac1f6b6435d0,23,23
6026ecd4-bba8-11e8-b2ba-ac1f6b6435d0,26 25,25 26
6027c614-bb9d-11e8-b2b9-ac1f6b6435d0,5 0,0 5
602acb0a-bbc7-11e8-b2bc-ac1f6b6435d0,22,22
60305a06-bb9b-11e8-b2b9-ac1f6b6435d0,7 2,0 2 7
6033309e-bbc5-11e8-b2bc-ac1f6b6435d0,25 2 21,21 25
603455c6-bbae-11e8-b2ba-ac1f6b6435d0,2 0,2
6036b5b0-bb9e-11e8-b2b9-ac1f6b6435d0,21,21
60378ef0-bbbb-11e8-b2ba-ac1f6b6435d0,7 0,7
603f5558-bbb7-11e8-b2ba-ac1f6b6435d0,0,0
6041d24a-bbc3-11e8-b2bc-ac1f6b6435d0,2,2
6046b3d2-bba5-11e8-b2ba-ac1f6b6435d0,23,7 14 16
6046c64a-bbb1-11e8-b2ba-ac1f6b6435d0,5,0
60483418-bbb0-11e8-b2ba-ac1f6b6435d0,5,5
6048b0f8-bba8-11e8-b2ba-ac1f6b6435d0,5,5
6049060a-bba0-11e8-b2b9-ac1f6b6435d0,26,26
604afa36-bb9c-11e8-b2b9-ac1f6b6435d0,23,23
604f0b4e-bbc4-11e8-b2bc-ac1f6b6435d0,3,3
6051d98e-bbc2-11e8-b2bb-ac1f6b6435d0,0 21,0 25
6053343e-bb9d-11e8-b2b9-ac1f6b6435d0,7 2 0,0
60560bf6-bba1-11e8-b2b9-ac1f6b6435d0,21,21
605627ac-bba2-11e8-b2b9-ac1f6b6435d0,6 3,3 25
6057d35c-bb9f-11e8-b2b9-ac1f6b6435d0,25 0 21,0
6057ea34-bbc4-11e8-b2bc-ac1f6b6435d0,25 0,0 25
6058e678-bba1-11e8-b2b9-ac1f6b6435d0,13,13
605a3bec-bb9a-11e8-b2b9-ac1f6b6435d0,21,21
605a3ffe-bbb1-11e8-b2ba-ac1f6b6435d0,22 0,0 21
605aa164-bbc6-11e8-b2bc-ac1f6b6435d0,2 0,0 2
605d4a1a-bba1-11e8-b2b9-ac1f6b6435d0,11,2 3
60602c9e-bb9c-11e8-b2b9-ac1f6b6435d0,5,7
606361d8-bba2-11e8-b2b9-ac1f6b6435d0,3,3
60664806-bbbd-11e8-b2ba-ac1f6b6435d0,25 0,0 25
60664908-bb9c-11e8-b2b9-ac1f6b6435d0,23 0,0 23
60669cf6-bb9b-11e8-b2b9-ac1f6b6435d0,1 0,1
606711fc-bbbb-11e8-b2ba-ac1f6b6435d0,7,7
606a7ad2-bbb5-11e8-b2ba-ac1f6b6435d0,23,25
606c3796-bbab-11e8-b2ba-ac1f6b6435d0,6,6 23
606e1e88-bbb7-11e8-b2ba-ac1f6b6435d0,2 0,0 2
6074a6a4-bb99-11e8-b2b9-ac1f6b6435d0,0,0
60777f34-bba6-11e8-b2ba-ac1f6b6435d0,25 23 0,0 23
607923fe-bb9f-11e8-b2b9-ac1f6b6435d0,3,3
607d0906-bbbd-11e8-b2ba-ac1f6b6435d0,13 0,0 13
607dd292-bbb7-11e8-b2ba-ac1f6b6435d0,4,2 4
607ddff8-bb99-11e8-b2b9-ac1f6b6435d0,25 2 0,0 25
6080bfa0-bbc3-11e8-b2bc-ac1f6b6435d0,25 0,0 25
6081fee8-bbc7-11e8-b2bc-ac1f6b6435d0,25 20 23,25
60849812-bbc5-11e8-b2bc-ac1f6b6435d0,25 0,0 25
60883bc6-bbb0-11e8-b2ba-ac1f6b6435d0,16 0 21,0 21
608b04e8-bbc2-11e8-b2bb-ac1f6b6435d0,3,3
608b960e-bb9c-11e8-b2b9-ac1f6b6435d0,7 0,0
608dbbfc-bbae-11e8-b2ba-ac1f6b6435d0,6,25
6091d260-bba8-11e8-b2ba-ac1f6b6435d0,26 25,25 26
60956cb2-bba4-11e8-b2b9-ac1f6b6435d0,22 25,21 25
6097db46-bbbd-11e8-b2ba-ac1f6b6435d0,19 0,0 19
609819d0-bbb3-11e8-b2ba-ac1f6b6435d0,5,0 5
60999926-bb9b-11e8-b2b9-ac1f6b6435d0,25 18 0,25
609d4a96-bb9e-11e8-b2b9-ac1f6b6435d0,24 4,4 24
60a1cdc8-bbc6-11e8-b2bc-ac1f6b6435d0,21,21
60a32648-bbba-11e8-b2ba-ac1f6b6435d0,23,6
60a341a6-bbc3-11e8-b2bc-ac1f6b6435d0,23,0 25
60a799f4-bb9b-11e8-b2b9-ac1f6b6435d0,2,0 2
60a7bb88-bb9f-11e8-b2b9-ac1f6b6435d0,7 3,3 7
60ab67ae-bba1-11e8-b2b9-ac1f6b6435d0,25 0,0 25
60ad9264-bbc8-11e8-b2bc-ac1f6b6435d0,25 5 0,5 25
60add03c-bb99-11e8-b2b9-ac1f6b6435d0,21,21
60ae0416-bbb3-11e8-b2ba-ac1f6b6435d0,25 5,5 25
60b19850-bbaa-11e8-b2ba-ac1f6b6435d0,25 5,5 25
60b45e36-bbba-11e8-b2ba-ac1f6b6435d0,25 13 0,0 13 25
60b4c734-bbad-11e8-b2ba-ac1f6b6435d0,2 0,0 2
60b57878-bb99-11e8-b2b9-ac1f6b6435d0,6,6
60b6c1cc-bbc8-11e8-b2bc-ac1f6b6435d0,18 0,0 7
60b6dee6-bba0-11e8-b2b9-ac1f6b6435d0,0 21,0
60b6ea26-bbb9-11e8-b2ba-ac1f6b6435d0,7 21,0 21
60b72118-bbc2-11e8-b2bb-ac1f6b6435d0,0,0
60bb93da-bbb6-11e8-b2ba-ac1f6b6435d0,5,2 5
60bccff4-bba0-11e8-b2b9-ac1f6b6435d0,25 0,0
60bd371a-bbb8-11e8-b2ba-ac1f6b6435d0,2 0,0
60bdc8e2-bb9a-11e8-b2b9-ac1f6b6435d0,1 0,0 1
60bedd2c-bbb8-11e8-b2ba-ac1f6b6435d0,0,0
60bfc634-bbb7-11e8-b2ba-ac1f6b6435d0,2 0,0 2
60bfc742-bb99-11e8-b2b9-ac1f6b6435d0,5,5
60c3634a-bbba-11e8-b2ba-ac1f6b6435d0,0,0 25
60c3766c-bb99-11e8-b2b9-ac1f6b6435d0,19 25,19 25
60c907be-bbab-11e8-b2ba-ac1f6b6435d0,18 0,0
60cba06c-bba3-11e8-b2b9-ac1f6b6435d0,23 0,0 23
60cdcfee-bbae-11e8-b2ba-ac1f6b6435d0,23 0,23
60cde342-bbc4-11e8-b2bc-ac1f6b6435d0,5 0,0 5
60d20662-bbc3-11e8-b2bc-ac1f6b6435d0,4,6 23
60d33c26-bbc8-11e8-b2bc-ac1f6b6435d0,17 21,17 18 25
60d3d5e6-bbaf-11e8-b2ba-ac1f6b6435d0,18 0,0 18
60d3d7c8-bbad-11e8-b2ba-ac1f6b6435d0,11,11
60da40cc-bbb7-11e8-b2ba-ac1f6b6435d0,7,7
60dafaae-bbac-11e8-b2ba-ac1f6b6435d0,7 21,21
60dce1e0-bbaf-11e8-b2ba-ac1f6b6435d0,13,13 21 22
60e0ed2a-bb9c-11e8-b2b9-ac1f6b6435d0,1 0,0 1
60e19d4e-bbc7-11e8-b2bc-ac1f6b6435d0,0 21,25
60e38c3a-bbc2-11e8-b2bb-ac1f6b6435d0,24 0,0 11 24
60e39f40-bbae-11e8-b2ba-ac1f6b6435d0,7 0,0 7
60e5066a-bb99-11e8-b2b9-ac1f6b6435d0,0,0 11
60e73dec-bbb5-11e8-b2ba-ac1f6b6435d0,25 7,0 7
60e74c9a-bbc6-11e8-b2bc-ac1f6b6435d0,0 21,0 21
60e789e2-bbb9-11e8-b2ba-ac1f6b6435d0,22 4,22
60e82504-bbc4-11e8-b2bc-ac1f6b6435d0,25,21 25
60e84d52-bb9e-11e8-b2b9-ac1f6b6435d0,25 3 0,0 25
60e8e8fa-bbc3-11e8-b2bc-ac1f6b6435d0,4,4
60ecae46-bb9a-11e8-b2b9-ac1f6b6435d0,23,23
60ee4e30-bbaa-11e8-b2ba-ac1f6b6435d0,13 0,0 13
60efd14e-bb9e-11e8-b2b9-ac1f6b6435d0,25 0,0 21
60f148d4-bbc2-11e8-b2bb-ac1f6b6435d0,19 0,0 19
60f26c1e-bba4-11e8-b2b9-ac1f6b6435d0,2 0,0 2
60f51a2a-bbc9-11e8-b2bc-ac1f6b6435d0,11,11
60f8b344-bbc2-11e8-b2bb-ac1f6b6435d0,12 2 21,2 12
60fd5784-bb9d-11e8-b2b9-ac1f6b6435d0,3,5
60fe1834-bbae-11e8-b2ba-ac1f6b6435d0,23,0 23
60fede7c-bbc7-11e8-b2bc-ac1f6b6435d0,4,4
6100616e-bbbf-11e8-b2ba-ac1f6b6435d0,0,0
610418c8-bba5-11e8-b2ba-ac1f6b6435d0,0,0 25
6104ba4e-bbc8-11e8-b2bc-ac1f6b6435d0,0 21,0 21
610f670e-bb9c-11e8-b2b9-ac1f6b6435d0,11 2,2 7 11
61104dd0-bba7-11e8-b2ba-ac1f6b6435d0,14,14
6113838e-bbb5-11e8-b2ba-ac1f6b6435d0,21,5
6114cb72-bbb0-11e8-b2ba-ac1f6b6435d0,3,3
61164274-bb9a-11e8-b2b9-ac1f6b6435d0,0 21,0 21
6116e234-bba3-11e8-b2b9-ac1f6b6435d0,25 21,21 25
611791fa-bba0-11e8-b2b9-ac1f6b6435d0,6,6 23
6119c72a-bbc5-11e8-b2bc-ac1f6b6435d0,0 21,0 25
611add1e-bbb0-11e8-b2ba-ac1f6b6435d0,25 1,0 1 25
611be250-bbb9-11e8-b2ba-ac1f6b6435d0,0,0 21
611d44f2-bbb3-11e8-b2ba-ac1f6b6435d0,19 16 0,0 19
611ea702-bbbd-11e8-b2ba-ac1f6b6435d0,25 1 0,18 25
611f734e-bba4-11e8-b2b9-ac1f6b6435d0,22 0,0 22
6122f7f2-bbc8-11e8-b2bc-ac1f6b6435d0,0,0
61292406-bbaa-11e8-b2ba-ac1f6b6435d0,23,23
61297dd0-bbbd-11e8-b2ba-ac1f6b6435d0,25 5,5
6129895c-bba8-11e8-b2ba-ac1f6b6435d0,0 21,0 21 25
612bf538-bba9-11e8-b2ba-ac1f6b6435d0,13 1 2 0,0 13
61339ee8-bbc0-11e8-b2bb-ac1f6b6435d0,19 0,0 19
61339ffa-bbc6-11e8-b2bc-ac1f6b6435d0,25,25
61382bcc-bbaf-11e8-b2ba-ac1f6b6435d0,14,14
6139e752-bbb2-11e8-b2ba-ac1f6b6435d0,23 2,2 23
613ab418-bba6-11e8-b2ba-ac1f6b6435d0,25 21,25
61455640-bb9f-11e8-b2b9-ac1f6b6435d0,23 5,5
61462eb2-bbc7-11e8-b2bc-ac1f6b6435d0,18 0,0 18 19
6147748e-bbc7-11e8-b2bc-ac1f6b6435d0,1,1
61480984-bbc8-11e8-b2bc-ac1f6b6435d0,25 0,0 25
614b7bf8-bbc5-11e8-b2bc-ac1f6b6435d0,2 0,0 2
614cdd0a-bbc9-11e8-b2bc-ac1f6b6435d0,19 7 0,0 19
614e4d36-bbc2-11e8-b2bb-ac1f6b6435d0,2 0,0 2
61518dde-bbc2-11e8-b2bb-ac1f6b6435d0,7 4,7
615210c2-bbba-11e8-b2ba-ac1f6b6435d0,2,2
615356ea-bba5-11e8-b2ba-ac1f6b6435d0,25 5,5
6154a456-bba4-11e8-b2b9-ac1f6b6435d0,12 2 0,2 12
6156102c-bbb6-11e8-b2ba-ac1f6b6435d0,7 0,0 25
615657ae-bbbf-11e8-b2ba-ac1f6b6435d0,1 3 0,1 3
61577344-bbb2-11e8-b2ba-ac1f6b6435d0,25 0,0 25
615797c2-bbc4-11e8-b2bc-ac1f6b6435d0,25 0,0 25
615bac62-bba2-11e8-b2b9-ac1f6b6435d0,26,26
615d0fee-bba2-11e8-b2b9-ac1f6b6435d0,0,0 19
615dde8a-bbbe-11e8-b2ba-ac1f6b6435d0,25,23
61612578-bba4-11e8-b2b9-ac1f6b6435d0,4,4
6164eb70-bba6-11e8-b2ba-ac1f6b6435d0,7 5 0,5
6166496c-bb9b-11e8-b2b9-ac1f6b6435d0,25 23,23
6166673c-bbad-11e8-b2ba-ac1f6b6435d0,0,0 7
6167a95e-bbca-11e8-b2bc-ac1f6b6435d0,23,23
61690e8c-bb9a-11e8-b2b9-ac1f6b6435d0,2,2
616acabc-bba7-11e8-b2ba-ac1f6b6435d0,11 0,0 11
616b9a42-bbba-11e8-b2ba-ac1f6b6435d0,19 0,0 19
616ca392-bbab-11e8-b2ba-ac1f6b6435d0,7,7
616cd222-bb9c-11e8-b2b9-ac1f6b6435d0,25 0 21,0 25
616f8d72-bb9d-11e8-b2b9-ac1f6b6435d0,25 21,21 25
6170d098-bba6-11e8-b2ba-ac1f6b6435d0,23,23
6173ae5a-bbbd-11e8-b2ba-ac1f6b6435d0,7 0,0 7
6173ecd8-bbc9-11e8-b2bc-ac1f6b6435d0,6 0,6
6174ec8e-bbbd-11e8-b2ba-ac1f6b6435d0,16 25 2,2 14 16 17 25
61750abe-bb9c-11e8-b2b9-ac1f6b6435d0,25,25
61759e36-bba9-11e8-b2ba-ac1f6b6435d0,18,18 19
617601da-bbb5-11e8-b2ba-ac1f6b6435d0,5 0,0 5
6176da58-bbae-11e8-b2ba-ac1f6b6435d0,7 0,0 7
617719a6-bbad-11e8-b2ba-ac1f6b6435d0,6,6 25
617f8644-bbb3-11e8-b2ba-ac1f6b6435d0,19 23,23
617fbec6-bbc6-11e8-b2bc-ac1f6b6435d0,25 21,21 25
61801a8c-bba9-11e8-b2ba-ac1f6b6435d0,5 0,0 5
618060ac-bba2-11e8-b2b9-ac1f6b6435d0,23 0,0 23
6180aec4-bbc3-11e8-b2bc-ac1f6b6435d0,19 25,16 17 18
61817c30-bbac-11e8-b2ba-ac1f6b6435d0,7,7 21
61830df8-bba6-11e8-b2ba-ac1f6b6435d0,7 0,0
618460a4-bbba-11e8-b2ba-ac1f6b6435d0,21,21
618639e6-bbca-11e8-b2bc-ac1f6b6435d0,22 0,0 25
618ea30c-bba6-11e8-b2ba-ac1f6b6435d0,23,6 25
61908160-bb9f-11e8-b2b9-ac1f6b6435d0,19 0,4
619141a8-bbbe-11e8-b2ba-ac1f6b6435d0,2,2
61929fea-bbbd-11e8-b2ba-ac1f6b6435d0,19 0,0 19
6197186c-bbbe-11e8-b2ba-ac1f6b6435d0,25 0,0 25
6197bbb2-bbb1-11e8-b2ba-ac1f6b6435d0,0,0 25
619c7cae-bbc7-11e8-b2bc-ac1f6b6435d0,3 0,25
619c899a-bbab-11e8-b2ba-ac1f6b6435d0,25 0,0 25
619e18a4-bbac-11e8-b2ba-ac1f6b6435d0,2,2
61a044be-bbc3-11e8-b2bc-ac1f6b6435d0,23 0,0 23
61a141f8-bbc2-11e8-b2bb-ac1f6b6435d0,2 0,0 2
61a14b1e-bbb6-11e8-b2ba-ac1f6b6435d0,2,0 2
61a3c1fc-bbaf-11e8-b2ba-ac1f6b6435d0,25 0 21,0
61a3fb28-bb9f-11e8-b2b9-ac1f6b6435d0,3,3
61a51908-bbc8-11e8-b2bc-ac1f6b6435d0,15 5 0,0
61ada34c-bbab-11e8-b2ba-ac1f6b6435d0,7,7
61af02c6-bbc6-11e8-b2bc-ac1f6b6435d0,5 0,0 5 25
61af2d34-bbc9-11e8-b2bc-ac1f6b6435d0,23,23
61b44dec-bbc8-11e8-b2bc-ac1f6b6435d0,0,0
61b70030-bbc5-11e8-b2bc-ac1f6b6435d0,5,5 25
61b95d78-bbaa-11e8-b2ba-ac1f6b6435d0,12 25,12
61c187d6-bbba-11e8-b2ba-ac1f6b6435d0,25 2 0,0 2 25
61c921ca-bbc5-11e8-b2bc-ac1f6b6435d0,6,25
61cb6d54-bbc0-11e8-b2bb-ac1f6b6435d0,23,23
61ce2742-bbbb-11e8-b2ba-ac1f6b6435d0,25 0,0 25
61ce44de-bbb6-11e8-b2ba-ac1f6b6435d0,19 0,0
61cee3fe-bbbf-11e8-b2ba-ac1f6b6435d0,23,25
61cf039e-bbb4-11e8-b2ba-ac1f6b6435d0,25 21,21 25
61d179d2-bbb2-11e8-b2ba-ac1f6b6435d0,23 3,2 7
61d3146e-bbc0-11e8-b2bb-ac1f6b6435d0,14,14 16
61d39e16-bbbb-11e8-b2ba-ac1f6b6435d0,25 21,25
61d4eeea-bbb3-11e8-b2ba-ac1f6b6435d0,1,0 1
61d65b42-bbca-11e8-b2bc-ac1f6b6435d0,5,5
61dbfad8-bbbc-11e8-b2ba-ac1f6b6435d0,0,0
61e2600c-bbae-11e8-b2ba-ac1f6b6435d0,25 0,0 25
61e4f2d0-bb9b-11e8-b2b9-ac1f6b6435d0,21,21
61e50144-bbbe-11e8-b2ba-ac1f6b6435d0,0,0
61ea27a6-bbc2-11e8-b2bb-ac1f6b6435d0,18 0,0 18
61eb8744-bbc8-11e8-b2bc-ac1f6b6435d0,23,23
61ebd2b4-bbad-11e8-b2ba-ac1f6b6435d0,25 4,4 25
61ecec34-bbb8-11e8-b2ba-ac1f6b6435d0,2,0 2
61ee72f8-bbad-11e8-b2ba-ac1f6b6435d0,2 0,0 5
61ef1d86-bbab-11e8-b2ba-ac1f6b6435d0,25,25
61ef3044-bb99-11e8-b2b9-ac1f6b6435d0,25 0 21,0 25
61f4437e-bbb0-11e8-b2ba-ac1f6b6435d0,23,18
61f6ea1e-bba8-11e8-b2ba-ac1f6b6435d0,0,25
61fa26ae-bbb5-11e8-b2ba-ac1f6b6435d0,25,25
620060b6-bbb8-11e8-b2ba-ac1f6b6435d0,4,4
62021a44-bbc9-11e8-b2bc-ac1f6b6435d0,25,25
62025e4e-bbc1-11e8-b2bb-ac1f6b6435d0,14,14
62068fb4-bbb2-11e8-b2ba-ac1f6b6435d0,4,4
6207c46a-bbb7-11e8-b2ba-ac1f6b6435d0,19 0,0 19
620d842c-bbc1-11e8-b2bb-ac1f6b6435d0,23,23
620f8d54-bb9d-11e8-b2b9-ac1f6b6435d0,25 0,0 25
62105938-bbab-11e8-b2ba-ac1f6b6435d0,3,3
6213b412-bb9b-11e8-b2b9-ac1f6b6435d0,2 0,0 2
62144b7c-bba3-11e8-b2b9-ac1f6b6435d0,25,6
621480b8-bbc3-11e8-b2bc-ac1f6b6435d0,23,23
62183b50-bb9a-11e8-b2b9-ac1f6b6435d0,4,4
621a8c58-bbc1-11e8-b2bb-ac1f6b6435d0,13,23
621b470e-bbc8-11e8-b2bc-ac1f6b6435d0,1,1
6221eb30-bbc9-11e8-b2bc-ac1f6b6435d0,7,7
62230ba8-bbb2-11e8-b2ba-ac1f6b6435d0,25 2 0,0 2 25
62242a98-bbca-11e8-b2bc-ac1f6b6435d0,23 3 0,0 3 23
62246694-bbab-11e8-b2ba-ac1f6b6435d0,6,6
62260b7e-bba7-11e8-b2ba-ac1f6b6435d0,22 23 0,0 23
6226829a-bb9b-11e8-b2b9-ac1f6b6435d0,23 1,0 1 23
62269b24-bb9e-11e8-b2b9-ac1f6b6435d0,5,5
62269c6c-bbaf-11e8-b2ba-ac1f6b6435d0,25 0,0 25
62285bd6-bb9d-11e8-b2b9-ac1f6b6435d0,25 4,4 7
622af2ac-bb9c-11e8-b2b9-ac1f6b6435d0,25 0,0 25
622efc56-bba3-11e8-b2b9-ac1f6b6435d0,25 0,0
6230265c-bbae-11e8-b2ba-ac1f6b6435d0,25 0 21,0 2 21 25
6233187a-bbaf-11e8-b2ba-ac1f6b6435d0,25 7 2,0 7 25
62332780-bb9f-11e8-b2b9-ac1f6b6435d0,23,25
62354690-bbb9-11e8-b2ba-ac1f6b6435d0,0,0
623ca670-bbb8-11e8-b2ba-ac1f6b6435d0,11,4 11
623da208-bbbf-11e8-b2ba-ac1f6b6435d0,25 2,2 25
6241b38e-bbb0-11e8-b2ba-ac1f6b6435d0,25 0,0 25
624343bc-bba5-11e8-b2ba-ac1f6b6435d0,11 0,0 11
6244b662-bba4-11e8-b2b9-ac1f6b6435d0,25 7 1 0,0 1 25
62453cda-bbb9-11e8-b2ba-ac1f6b6435d0,3,0 3
6247ae06-bba1-11e8-b2b9-ac1f6b6435d0,25,25
6247bb98-bbc5-11e8-b2bc-ac1f6b6435d0,7,7
6247cb00-bba8-11e8-b2ba-ac1f6b6435d0,3,0 3
62486c78-bb9d-11e8-b2b9-ac1f6b6435d0,18,18
624c3b58-bbbd-11e8-b2ba-ac1f6b6435d0,7,7 25
624eb194-bbae-11e8-b2ba-ac1f6b6435d0,3 0,0 3
625146dc-bbbf-11e8-b2ba-ac1f6b6435d0,23,23
6254d7d4-bba1-11e8-b2b9-ac1f6b6435d0,4,4
625505b0-bbba-11e8-b2ba-ac1f6b6435d0,0,0
62554944-bb9c-11e8-b2b9-ac1f6b6435d0,5 0,5
62561a0c-bba8-11e8-b2ba-ac1f6b6435d0,4 21,4
62570bb6-bbac-11e8-b2ba-ac1f6b6435d0,25 7,7 11 25
625e3b90-bbbe-11e8-b2ba-ac1f6b6435d0,25 7,7
62603600-bb9d-11e8-b2b9-ac1f6b6435d0,3,3
62612870-bbad-11e8-b2ba-ac1f6b6435d0,25 2,2
626381b0-bbbc-11e8-b2ba-ac1f6b6435d0,21,21
6264650c-bba9-11e8-b2ba-ac1f6b6435d0,11,11
62651e7a-bb9f-11e8-b2b9-ac1f6b6435d0,23,23
6267ffc6-bbc9-11e8-b2bc-ac1f6b6435d0,23,23
626a4c2c-bbc4-11e8-b2bc-ac1f6b6435d0,13,13
626ab70e-bbbd-11e8-b2ba-ac1f6b6435d0,25,2 25
627394f2-bba2-11e8-b2b9-ac1f6b6435d0,25 23 0,0 23
627422a0-bbb6-11e8-b2ba-ac1f6b6435d0,25,25
6274ec34-bbc6-11e8-b2bc-ac1f6b6435d0,0,0 23
62763128-bba0-11e8-b2b9-ac1f6b6435d0,7,7
62786386-bbae-11e8-b2ba-ac1f6b6435d0,0,0
62798070-bbba-11e8-b2ba-ac1f6b6435d0,26 4,0 26
627a31ee-bbad-11e8-b2ba-ac1f6b6435d0,0,0 16 17
627bb8de-bbc1-11e8-b2bb-ac1f6b6435d0,2,2
627f4a82-bba6-11e8-b2ba-ac1f6b6435d0,26 25 21,25 26
62827668-bbc3-11e8-b2bc-ac1f6b6435d0,25 0 21,21
6282e938-bba3-11e8-b2b9-ac1f6b6435d0,25 21,5 21
6282fe1e-bbc1-11e8-b2bb-ac1f6b6435d0,25 13,13 21
6284c7ae-bba7-11e8-b2ba-ac1f6b6435d0,16 25,23
6285d930-bbb8-11e8-b2ba-ac1f6b6435d0,23,23
62875c48-bbbc-11e8-b2ba-ac1f6b6435d0,2,2 7
6287bc9a-bbaa-11e8-b2ba-ac1f6b6435d0,7,7
628ed50e-bbc6-11e8-b2bc-ac1f6b6435d0,16 25 0,0
6292651a-bbc2-11e8-b2bb-ac1f6b6435d0,6 21,0 25
629266d2-bbbd-11e8-b2ba-ac1f6b6435d0,7 0,0 25
6293bc98-bbbe-11e8-b2ba-ac1f6b6435d0,25 7 0,7 25
6294a60c-bbbf-11e8-b2ba-ac1f6b6435d0,23,7
62981296-bbb1-11e8-b2ba-ac1f6b6435d0,2,0
6298b5ac-bbbb-11e8-b2ba-ac1f6b6435d0,5,0
62993f58-bbc6-11e8-b2bc-ac1f6b6435d0,7 2 0,0 2 7
6299a00e-bb9b-11e8-b2b9-ac1f6b6435d0,11 0,0 11 25
6299fdf2-bbae-11e8-b2ba-ac1f6b6435d0,25 0,4 25
629a2162-bba7-11e8-b2ba-ac1f6b6435d0,23,23
629bbefc-bbc8-11e8-b2bc-ac1f6b6435d0,23,25
629f4434-bb9e-11e8-b2b9-ac1f6b6435d0,7,7
629f8aa6-bbae-11e8-b2ba-ac1f6b6435d0,7 0,0 7
62a30714-bbbb-11e8-b2ba-ac1f6b6435d0,5,25
62a3b36e-bbaf-11e8-b2ba-ac1f6b6435d0,25 4 3,4
62a4447e-bbb3-11e8-b2ba-ac1f6b6435d0,4,4
62a61d4e-bba9-11e8-b2ba-ac1f6b6435d0,4,4 26
62a6dde2-bb9a-11e8-b2b9-ac1f6b6435d0,25,21
62a78750-bba5-11e8-b2ba-ac1f6b6435d0,13 11,13 22
62a86ab8-bb9f-11e8-b2b9-ac1f6b6435d0,12 25 21,12 21 25
62a8ad9e-bba8-11e8-b2ba-ac1f6b6435d0,20,25
62a918c4-bbb2-11e8-b2ba-ac1f6b6435d0,5,0 5
62ab237a-bba9-11e8-b2ba-ac1f6b6435d0,23,7
62acbde8-bba4-11e8-b2b9-ac1f6b6435d0,19,19 25
62ad7084-bbaa-11e8-b2ba-ac1f6b6435d0,12,12 13
62ad850c-bb9a-11e8-b2b9-ac1f6b6435d0,23 2,2 23
62afc05c-bba3-11e8-b2b9-ac1f6b6435d0,4,4
62b33398-bbaa-11e8-b2ba-ac1f6b6435d0,25,25
62b47c56-bbbb-11e8-b2ba-ac1f6b6435d0,9,9 10 20
62b4b74e-bb9c-11e8-b2b9-ac1f6b6435d0,2,2
62ba9c1e-bbaf-11e8-b2ba-ac1f6b6435d0,3,3 7
62bfbfc4-bbb3-11e8-b2ba-ac1f6b6435d0,11,11
62c18b5a-bbc3-11e8-b2bc-ac1f6b6435d0,23 0,0 7
62c2a076-bbaa-11e8-b2ba-ac1f6b6435d0,0 21,0 21
62c2e58a-bba1-11e8-b2b9-ac1f6b6435d0,23 0,0 23
62c3c87c-bbc1-11e8-b2bb-ac1f6b6435d0,0,0
62c3ea24-bba2-11e8-b2b9-ac1f6b6435d0,25 7 0,0 7
62c5afce-bb9a-11e8-b2b9-ac1f6b6435d0,23,23
62c829c8-bbba-11e8-b2ba-ac1f6b6435d0,20,20
62c839ca-bba8-11e8-b2ba-ac1f6b6435d0,0,0 5
62c88efa-bbc8-11e8-b2bc-ac1f6b6435d0,25 18,18 25
62ce044e-bbb8-11e8-b2ba-ac1f6b6435d0,21,14
62d11bd8-bbbe-11e8-b2ba-ac1f6b6435d0,14 0,0 3 14
62d462be-bba2-11e8-b2b9-ac1f6b6435d0,3,2 3
62d5f248-bba5-11e8-b2ba-ac1f6b6435d0,16 25 17 0,0 21 25
62d7cd6c-bb9a-11e8-b2b9-ac1f6b6435d0,0,0
62d8233e-bbae-11e8-b2ba-ac1f6b6435d0,2,2 25
62d95606-bba8-11e8-b2ba-ac1f6b6435d0,23,23
62d98fc0-bbb9-11e8-b2ba-ac1f6b6435d0,3 0,0 3
62dd8e7c-bbaa-11e8-b2ba-ac1f6b6435d0,0,0
62e10b7c-bbc0-11e8-b2bb-ac1f6b6435d0,18,18
62e6cb58-bbab-11e8-b2ba-ac1f6b6435d0,25,26
62e72916-bb99-11e8-b2b9-ac1f6b6435d0,0,0
62e90108-bba5-11e8-b2ba-ac1f6b6435d0,0,0
62e98788-bbb2-11e8-b2ba-ac1f6b6435d0,0,0
62ec995c-bbab-11e8-b2ba-ac1f6b6435d0,7 0,21
62ee9a64-bbaf-11e8-b2ba-ac1f6b6435d0,25 2,2 25
62eee72a-bba6-11e8-b2ba-ac1f6b6435d0,26 0,0 26
62eee72c-bbc7-11e8-b2bc-ac1f6b6435d0,2 0,0
62f164c6-bbad-11e8-b2ba-ac1f6b6435d0,25 0,0 25
62f2516e-bba4-11e8-b2b9-ac1f6b6435d0,4,4
62f29c92-bbb7-11e8-b2ba-ac1f6b6435d0,6,6 23
62f47d90-bbc2-11e8-b2bb-ac1f6b6435d0,25 5 0,0 25
62fab63a-bbca-11e8-b2bc-ac1f6b6435d0,19 25,19 25
62fe1cde-bbad-11e8-b2ba-ac1f6b6435d0,23 3,23
63051324-bbc4-11e8-b2bc-ac1f6b6435d0,14,14
6306fc66-bbb0-11e8-b2ba-ac1f6b6435d0,5 0,5
630b2804-bb9c-11e8-b2b9-ac1f6b6435d0,22 19 21,19 22
630b49d2-bbb6-11e8-b2ba-ac1f6b6435d0,23,23 25
630b8262-bba7-11e8-b2ba-ac1f6b6435d0,11 1,11
630dfff0-bbad-11e8-b2ba-ac1f6b6435d0,2 0,0 2
63149ad4-bbaa-11e8-b2ba-ac1f6b6435d0,11,11
631769f2-bbba-11e8-b2ba-ac1f6b6435d0,11,11
631ee42a-bbc4-11e8-b2bc-ac1f6b6435d0,19 0 21,0 19 25
631fcc72-bba2-11e8-b2b9-ac1f6b6435d0,0 21,0 25
63205504-bbb9-11e8-b2ba-ac1f6b6435d0,21,21
63210504-bba9-11e8-b2ba-ac1f6b6435d0,25 0,0 21 25
6321fedc-bb9a-11e8-b2b9-ac1f6b6435d0,6,6
6329d5a8-bbb3-11e8-b2ba-ac1f6b6435d0,12,12
632c433a-bbca-11e8-b2bc-ac1f6b6435d0,25 1 0,0 1 25
632c9256-bba5-11e8-b2ba-ac1f6b6435d0,26 25,25 26
632f959a-bbb0-11e8-b2ba-ac1f6b6435d0,12 22 21,5
6336726c-bbaa-11e8-b2ba-ac1f6b6435d0,0,0 2 21
63367c98-bbb5-11e8-b2ba-ac1f6b6435d0,11,0 11
6339a09e-bbc9-11e8-b2bc-ac1f6b6435d0,5,5
633ad166-bbb1-11e8-b2ba-ac1f6b6435d0,0,0 25
633b5ca8-bbca-11e8-b2bc-ac1f6b6435d0,0,0
633e1bb8-bbc6-11e8-b2bc-ac1f6b6435d0,0 21,0 21 22
6342a08a-bbca-11e8-b2bc-ac1f6b6435d0,5 21,5 21
63447ef6-bbb0-11e8-b2ba-ac1f6b6435d0,5,5
634496e2-bbbb-11e8-b2ba-ac1f6b6435d0,25 6,0 23
634a9e0c-bbbb-11e8-b2ba-ac1f6b6435d0,2,2
634d50de-bbc5-11e8-b2bc-ac1f6b6435d0,23,23
634daeae-bbba-11e8-b2ba-ac1f6b6435d0,4,4
634dd426-bbc7-11e8-b2bc-ac1f6b6435d0,24 0,0 24
634e06ae-bbbc-11e8-b2ba-ac1f6b6435d0,25,7
634f99da-bbbf-11e8-b2ba-ac1f6b6435d0,19 0,0 25
63501786-bbb3-11e8-b2ba-ac1f6b6435d0,12 23,12 23
635afa7c-bb9d-11e8-b2b9-ac1f6b6435d0,7,7
635b25d4-bbc4-11e8-b2bc-ac1f6b6435d0,25 0,25 26
635d9932-bbaa-11e8-b2ba-ac1f6b6435d0,22 16 0,21 22
635e785e-bbc1-11e8-b2bb-ac1f6b6435d0,7 0,0 7
635e8222-bbb7-11e8-b2ba-ac1f6b6435d0,0,0 18 19
6361aa70-bbac-11e8-b2ba-ac1f6b6435d0,23,23
6361f07a-bba7-11e8-b2ba-ac1f6b6435d0,0,0
6367e14c-bba2-11e8-b2b9-ac1f6b6435d0,14,14
63687622-bbc8-11e8-b2bc-ac1f6b6435d0,2,2
6369326e-bb9c-11e8-b2b9-ac1f6b6435d0,0,0
636bc248-bbad-11e8-b2ba-ac1f6b6435d0,3 0,0 3
636bc518-bba3-11e8-b2b9-ac1f6b6435d0,1,1
636d981c-bbb1-11e8-b2ba-ac1f6b6435d0,24 5,5 11 24
636e164c-bb99-11e8-b2b9-ac1f6b6435d0,3,0 3 25
636e3c7a-bba4-11e8-b2b9-ac1f6b6435d0,1,1
6370c9c0-bba6-11e8-b2ba-ac1f6b6435d0,26 0,0 26
6373e2aa-bbc3-11e8-b2bc-ac1f6b6435d0,11 18,11
63754cb4-bbad-11e8-b2ba-ac1f6b6435d0,25,21
6375e120-bba2-11e8-b2b9-ac1f6b6435d0,0,0
63797ff2-bbc9-11e8-b2bc-ac1f6b6435d0,2 0,0 2
637a9698-bbb1-11e8-b2ba-ac1f6b6435d0,25,25
637cb3a2-bba6-11e8-b2ba-ac1f6b6435d0,19 0,0 19
637dfc3e-bbbb-11e8-b2ba-ac1f6b6435d0,23,23
637f9aea-bba1-11e8-b2b9-ac1f6b6435d0,0,0
637fddbc-bbaa-11e8-b2ba-ac1f6b6435d0,25 23,25
63808294-bb9b-11e8-b2b9-ac1f6b6435d0,25 23,23
6387b7dc-bbb7-11e8-b2ba-ac1f6b6435d0,0,0
6388d7d4-bb99-11e8-b2b9-ac1f6b6435d0,24 16 0,0 24
638a2eaa-bbac-11e8-b2ba-ac1f6b6435d0,25 5,0 5 25
638ab60a-bbbf-11e8-b2ba-ac1f6b6435d0,25 3,3
638df26a-bb9d-11e8-b2b9-ac1f6b6435d0,6,6
63904452-bbc0-11e8-b2bb-ac1f6b6435d0,25,25
63944fea-bbb9-11e8-b2ba-ac1f6b6435d0,18 0 21,21
63949c8a-bbb3-11e8-b2ba-ac1f6b6435d0,26 25,25 26
6395002a-bbb4-11e8-b2ba-ac1f6b6435d0,25 6 2,25
639c0810-bbb5-11e8-b2ba-ac1f6b6435d0,0 21,0 25
63a486c4-bba7-11e8-b2ba-ac1f6b6435d0,23 0,0 23
63aa12a6-bbb6-11e8-b2ba-ac1f6b6435d0,25 0,0 5 25
63aa337a-bba8-11e8-b2ba-ac1f6b6435d0,25 0,4
63abcc8a-bbc6-11e8-b2bc-ac1f6b6435d0,11,11
63ae50a6-bbc9-11e8-b2bc-ac1f6b6435d0,12 21,12 21
63b4589e-bbbe-11e8-b2ba-ac1f6b6435d0,1 0,0 1 25
63b53450-bb9e-11e8-b2b9-ac1f6b6435d0,7,7
63b5d2ec-bb9a-11e8-b2b9-ac1f6b6435d0,16 25,25
63b92796-bbb1-11e8-b2ba-ac1f6b6435d0,4,4
63ba210c-bba5-11e8-b2ba-ac1f6b6435d0,3,3
63bad1a6-bba5-11e8-b2ba-ac1f6b6435d0,25,25
63bf7aec-bbc5-11e8-b2bc-ac1f6b6435d0,19 2,0 2 19
63c02392-bbad-11e8-b2ba-ac1f6b6435d0,0,0
63c2c850-bbc0-11e8-b2bb-ac1f6b6435d0,20 0,0
63c2d62c-bbb8-11e8-b2ba-ac1f6b6435d0,25 4,4 25
63c4fe86-bbac-11e8-b2ba-ac1f6b6435d0,5,5
63c95076-bbc5-11e8-b2bc-ac1f6b6435d0,21,0 21
63ce6dd4-bb9f-11e8-b2b9-ac1f6b6435d0,3 0,0 2
63d16f8a-bbbc-11e8-b2ba-ac1f6b6435d0,25 7,7
63d23f16-bba6-11e8-b2ba-ac1f6b6435d0,3 0,0 3
63d2efe0-bb9e-11e8-b2b9-ac1f6b6435d0,0,0
63d89612-bb9d-11e8-b2b9-ac1f6b6435d0,2,2
63d9265e-bbc5-11e8-b2bc-ac1f6b6435d0,0,0
63dc3e9c-bbb2-11e8-b2ba-ac1f6b6435d0,7,21
63decc6c-bbac-11e8-b2ba-ac1f6b6435d0,25 0,0 25
63df94ae-bbc4-11e8-b2bc-ac1f6b6435d0,22 25 13 21,13 21 25
63e0df64-bbc7-11e8-b2bc-ac1f6b6435d0,25 0,0
63e197d2-bbb4-11e8-b2ba-ac1f6b6435d0,6 14,6 14
63e343e8-bb9b-11e8-b2b9-ac1f6b6435d0,2 0,0 2
63ea5e02-bbb5-11e8-b2ba-ac1f6b6435d0,21,21
63ee9a32-bba9-11e8-b2ba-ac1f6b6435d0,1,0 1
63eeac44-bba3-11e8-b2b9-ac1f6b6435d0,23 2,2 23
63f18b8e-bbc2-11e8-b2bb-ac1f6b6435d0,6,23
63f31ee2-bbc5-11e8-b2bc-ac1f6b6435d0,16 14 17,21
63f917fe-bbaf-11e8-b2ba-ac1f6b6435d0,25 3,3 25
63fcfafe-bbc3-11e8-b2bc-ac1f6b6435d0,5,3
63fdafbc-bbaa-11e8-b2ba-ac1f6b6435d0,0,0
63fdccc4-bbad-11e8-b2ba-ac1f6b6435d0,19 3 0,0 3 19
63fe6d54-bbc7-11e8-b2bc-ac1f6b6435d0,11,11
63ff131a-bbb5-11e8-b2ba-ac1f6b6435d0,0 21,0 12 21
6400ef88-bbb4-11e8-b2ba-ac1f6b6435d0,1,1
640223c2-bba9-11e8-b2ba-ac1f6b6435d0,6,6
64023638-bb9e-11e8-b2b9-ac1f6b6435d0,5,0 5 25
6404e3ca-bbb1-11e8-b2ba-ac1f6b6435d0,25 0,0 25
6404f640-bbab-11e8-b2ba-ac1f6b6435d0,19,18 19 25
64058e2a-bbbf-11e8-b2ba-ac1f6b6435d0,0,0 2
6406556a-bbad-11e8-b2ba-ac1f6b6435d0,21,21 26
6407fb04-bb9e-11e8-b2b9-ac1f6b6435d0,19,19
6409e4ae-bb9a-11e8-b2b9-ac1f6b6435d0,23,23 25
640b6ece-bb9e-11e8-b2b9-ac1f6b6435d0,25 0,6 25
640c45a6-bbc6-11e8-b2bc-ac1f6b6435d0,6,6
640c54c0-bbac-11e8-b2ba-ac1f6b6435d0,19 0,0 19
640c7ed6-bbb2-11e8-b2ba-ac1f6b6435d0,2 0,2
640cb706-bbc7-11e8-b2bc-ac1f6b6435d0,5,0
641015f8-bbc3-11e8-b2bc-ac1f6b6435d0,5,5
6412a178-bbab-11e8-b2ba-ac1f6b6435d0,13 0,0 13
64157fac-bb9b-11e8-b2b9-ac1f6b6435d0,2,2
6415d2a6-bbc1-11e8-b2bb-ac1f6b6435d0,25 0,0 25
641620e2-bba5-11e8-b2ba-ac1f6b6435d0,25,25
64187294-bba9-11e8-b2ba-ac1f6b6435d0,25 18,25
64187d96-bbba-11e8-b2ba-ac1f6b6435d0,1,1 6
6419fdb4-bbca-11e8-b2bc-ac1f6b6435d0,24,0 24
641a0682-bbb7-11e8-b2ba-ac1f6b6435d0,25 5,25
641adf32-bba1-11e8-b2b9-ac1f6b6435d0,13 0,0 25
641df4e0-bbc1-11e8-b2bb-ac1f6b6435d0,25 18,25
641e4b4a-bb9c-11e8-b2b9-ac1f6b6435d0,25 5,0 25
64233182-bbb0-11e8-b2ba-ac1f6b6435d0,2,2
64238688-bbbe-11e8-b2ba-ac1f6b6435d0,20,20 24 26
6426aa82-bba7-11e8-b2ba-ac1f6b6435d0,25 0,0 25
6427b0aa-bbc3-11e8-b2bc-ac1f6b6435d0,11 2,2 11
642c90e8-bba0-11e8-b2b9-ac1f6b6435d0,25 2 0,0 2 25
642fa4c6-bbb0-11e8-b2ba-ac1f6b6435d0,6,6
64319eaa-bba8-11e8-b2ba-ac1f6b6435d0,2,2
64350e68-bbae-11e8-b2ba-ac1f6b6435d0,3 0,0 3
6435133a-bbc3-11e8-b2bc-ac1f6b6435d0,6,23
643d8856-bbb6-11e8-b2ba-ac1f6b6435d0,11,11
643eb34e-bbba-11e8-b2ba-ac1f6b6435d0,7,7 25
643f3a1e-bbc7-11e8-b2bc-ac1f6b6435d0,5 0,0 5
643f73a4-bb99-11e8-b2b9-ac1f6b6435d0,23,23
644367f2-bbb2-11e8-b2ba-ac1f6b6435d0,25 3 0,25
644428b4-bbbb-11e8-b2ba-ac1f6b6435d0,14 0,0 14
64461b0a-bbb7-11e8-b2ba-ac1f6b6435d0,6,25
6447ae5e-bbc9-11e8-b2bc-ac1f6b6435d0,3,0 3
64481e64-bb9e-11e8-b2b9-ac1f6b6435d0,19 25 0,0 21
644831dc-bbbd-11e8-b2ba-ac1f6b6435d0,25 7 2 21,2 7 25
64483826-bbbd-11e8-b2ba-ac1f6b6435d0,25 14 0,2 14 19 25
644b2c06-bbbe-11e8-b2ba-ac1f6b6435d0,25 0,0 25
644d4098-bba7-11e8-b2ba-ac1f6b6435d0,25 0,0 25
64529cec-bbbf-11e8-b2ba-ac1f6b6435d0,14 0,0 14
6453ab90-bbc5-11e8-b2bc-ac1f6b6435d0,0,0
64560d06-bbaf-11e8-b2ba-ac1f6b6435d0,25 21,21
645afd3a-bba9-11e8-b2ba-ac1f6b6435d0,7 2 0,0 2 7
646124e4-bbbd-11e8-b2ba-ac1f6b6435d0,7 0,0
64632a2a-bbbb-11e8-b2ba-ac1f6b6435d0,5,5
64641202-bbaa-11e8-b2ba-ac1f6b6435d0,18 0,0 18
6464d200-bbbe-11e8-b2ba-ac1f6b6435d0,11,23
6465c736-bb9c-11e8-b2b9-ac1f6b6435d0,8,25
646607a0-bbb5-11e8-b2ba-ac1f6b6435d0,25 6,0 2 25
6466bc68-bbbf-11e8-b2ba-ac1f6b6435d0,24 25,19
64671e6e-bba7-11e8-b2ba-ac1f6b6435d0,4,0
646ae242-bbc0-11e8-b2bb-ac1f6b6435d0,7,7
646cbf2e-bbbe-11e8-b2ba-ac1f6b6435d0,7,7
646f7e6c-bba0-11e8-b2b9-ac1f6b6435d0,2,0
646fab26-bbc3-11e8-b2bc-ac1f6b6435d0,0,0
64731c5c-bbc8-11e8-b2bc-ac1f6b6435d0,1 0,0 1
64757b1e-bbc3-11e8-b2bc-ac1f6b6435d0,6,25
6476eaa4-bbb8-11e8-b2ba-ac1f6b6435d0,25 13 7 0,0 7
647829c6-bbbf-11e8-b2ba-ac1f6b6435d0,13,13 21
6478c26c-bbb2-11e8-b2ba-ac1f6b6435d0,2 0,0 7
647f58ea-bbbf-11e8-b2ba-ac1f6b6435d0,2,2
6481f748-bbb1-11e8-b2ba-ac1f6b6435d0,23 0,0 23
648a872a-bbb9-11e8-b2ba-ac1f6b6435d0,25 4,4
648f4d20-bbbc-11e8-b2ba-ac1f6b6435d0,23 0,4 23
6491347a-bbab-11e8-b2ba-ac1f6b6435d0,21,21
6491b64a-bb9a-11e8-b2b9-ac1f6b6435d0,1 0,0 1
6492adda-bb9e-11e8-b2b9-ac1f6b6435d0,25 1 0,0 2 25
64930e1a-bbad-11e8-b2ba-ac1f6b6435d0,5,5
64946d1c-bbc8-11e8-b2bc-ac1f6b6435d0,0,0
6495b630-bbc9-11e8-b2bc-ac1f6b6435d0,25 0,0 25
64991dce-bbc0-11e8-b2bb-ac1f6b6435d0,0,0
6499a112-bbad-11e8-b2ba-ac1f6b6435d0,25 4,4 25
649c0f46-bba9-11e8-b2ba-ac1f6b6435d0,16 18 17 0,0
649d2a3c-bbc9-11e8-b2bc-ac1f6b6435d0,7,7
649d5cba-bbb4-11e8-b2ba-ac1f6b6435d0,0,0
64a0e29a-bbbe-11e8-b2ba-ac1f6b6435d0,23,0 23
64a43d9a-bbc4-11e8-b2bc-ac1f6b6435d0,23 1,1 23
64a5c3f2-bbc1-11e8-b2bb-ac1f6b6435d0,23,23
64ab5506-bb99-11e8-b2b9-ac1f6b6435d0,2,2
64ad33b6-bb9a-11e8-b2b9-ac1f6b6435d0,7 0,0
64adba2e-bbc3-11e8-b2bc-ac1f6b6435d0,18 0,0 18
64b0691e-bbb3-11e8-b2ba-ac1f6b6435d0,25,6 25
64b2e600-bbc0-11e8-b2bb-ac1f6b6435d0,0 21,0 21
64b36f6a-bbb3-11e8-b2ba-ac1f6b6435d0,0,0
64b38e16-bba2-11e8-b2b9-ac1f6b6435d0,0,0
64b67d2c-bbb3-11e8-b2ba-ac1f6b6435d0,12,12
64ba2186-bba7-11e8-b2ba-ac1f6b6435d0,0,25
64bb06d8-bbc9-11e8-b2bc-ac1f6b6435d0,19,5
64bfd292-bbbc-11e8-b2ba-ac1f6b6435d0,21,21
64c17826-bbb8-11e8-b2ba-ac1f6b6435d0,4 0,5
64c19076-bbc8-11e8-b2bc-ac1f6b6435d0,6 2,2 25
64c19eaa-bbb3-11e8-b2ba-ac1f6b6435d0,25 2,2 25
64cdca68-bbbd-11e8-b2ba-ac1f6b6435d0,19 25 0,0 19
64cef69c-bbac-11e8-b2ba-ac1f6b6435d0,25 0,0 25
64d59366-bbb2-11e8-b2ba-ac1f6b6435d0,5,0 5 25
64d6ea28-bbca-11e8-b2bc-ac1f6b6435d0,0,0
64d7e068-bbc0-11e8-b2bb-ac1f6b6435d0,25,25
64da9136-bbc1-11e8-b2bb-ac1f6b6435d0,1 0,0 1
64db5db6-bb9c-11e8-b2b9-ac1f6b6435d0,25 13 7 0,0 7
64dcaf8c-bbaa-11e8-b2ba-ac1f6b6435d0,0,0 23
64e418dc-bba8-11e8-b2ba-ac1f6b6435d0,0 21,0 21
64e4bcae-bba0-11e8-b2b9-ac1f6b6435d0,7,7
64e4d496-bbaa-11e8-b2ba-ac1f6b6435d0,25 5,25
64e60e76-bba3-11e8-b2b9-ac1f6b6435d0,2,2
64e71ed0-bba1-11e8-b2b9-ac1f6b6435d0,19 0,0
64e9cdac-bba5-11e8-b2ba-ac1f6b6435d0,1,1
64ec9ee4-bb99-11e8-b2b9-ac1f6b6435d0,25 0,0 21
64eda8d8-bbb3-11e8-b2ba-ac1f6b6435d0,11 0,11
64f095d6-bbb1-11e8-b2ba-ac1f6b6435d0,7 0 21,0
64fb62f2-bb9a-11e8-b2b9-ac1f6b6435d0,7 3,7
64fbf34c-bbb9-11e8-b2ba-ac1f6b6435d0,13,5
64fc0816-bbc1-11e8-b2bb-ac1f6b6435d0,23 5,5 23
64fdd37e-bba5-11e8-b2ba-ac1f6b6435d0,23 0,0 2 23
64fe00f8-bba3-11e8-b2b9-ac1f6b6435d0,7 4,4 7 25
64fecf3a-bba6-11e8-b2ba-ac1f6b6435d0,4,4
6501da52-bb9e-11e8-b2b9-ac1f6b6435d0,7 2 0,0 2 3 7
650605b2-bbc3-11e8-b2bc-ac1f6b6435d0,3,3
650d9ce8-bbc6-11e8-b2bc-ac1f6b6435d0,5 0,5
650e1864-bba1-11e8-b2b9-ac1f6b6435d0,25 2,2 25
650f8eda-bbc7-11e8-b2bc-ac1f6b6435d0,2 0,0 2
65102de8-bbab-11e8-b2ba-ac1f6b6435d0,2 0,0 2
6510cfb0-bba5-11e8-b2ba-ac1f6b6435d0,0,0
65124ad0-bba4-11e8-b2b9-ac1f6b6435d0,7 2,2 7
6513d65a-bba1-11e8-b2b9-ac1f6b6435d0,2,2
651486cc-bbc9-11e8-b2bc-ac1f6b6435d0,16 25 14,25
651d1692-bbb6-11e8-b2ba-ac1f6b6435d0,25,25
651ea250-bbb6-11e8-b2ba-ac1f6b6435d0,22 16 0,16
6523fd6e-bbb0-11e8-b2ba-ac1f6b6435d0,4 2,3 4
652b8a3a-bbaf-11e8-b2ba-ac1f6b6435d0,5 0,5
652d0c4a-bbad-11e8-b2ba-ac1f6b6435d0,25 5 0 21,5 21
65301b86-bba0-11e8-b2b9-ac1f6b6435d0,4,4
65319b2e-bbae-11e8-b2ba-ac1f6b6435d0,22,22
65343f02-bbac-11e8-b2ba-ac1f6b6435d0,6,25
65349176-bbb8-11e8-b2ba-ac1f6b6435d0,3,3
65357c78-bbac-11e8-b2ba-ac1f6b6435d0,0,0 25
653a3854-bba1-11e8-b2b9-ac1f6b6435d0,5 2,2 5
653ab4fa-bbba-11e8-b2ba-ac1f6b6435d0,22,22
653c17b8-bbac-11e8-b2ba-ac1f6b6435d0,4,4
653cc43c-bbb2-11e8-b2ba-ac1f6b6435d0,0,0
653e687e-bb9d-11e8-b2b9-ac1f6b6435d0,0,0
65405a8c-bbb9-11e8-b2ba-ac1f6b6435d0,22 25 0,0 25
6542fc50-bbbf-11e8-b2ba-ac1f6b6435d0,11,11 25
6545702e-bbbb-11e8-b2ba-ac1f6b6435d0,23,23
654e7dc0-bbb8-11e8-b2ba-ac1f6b6435d0,19 25 13,19 25
6554684c-bb9b-11e8-b2b9-ac1f6b6435d0,0,0 25
6557f7e6-bba5-11e8-b2ba-ac1f6b6435d0,25 14,0 14
655c1692-bb9f-11e8-b2b9-ac1f6b6435d0,23 0,0 23
65627e60-bba9-11e8-b2ba-ac1f6b6435d0,25 4,26
6562ba42-bbb8-11e8-b2ba-ac1f6b6435d0,25 23 0,23
6564ce98-bbba-11e8-b2ba-ac1f6b6435d0,23,23
65653ac4-bbc7-11e8-b2bc-ac1f6b6435d0,7,7
65654386-bbca-11e8-b2bc-ac1f6b6435d0,25 0,18 21
6567e5e8-bbb9-11e8-b2ba-ac1f6b6435d0,19 0,0 19
656a214c-bbae-11e8-b2ba-ac1f6b6435d0,25,25
656c5aca-bba4-11e8-b2b9-ac1f6b6435d0,0,0
656e25b4-bbb1-11e8-b2ba-ac1f6b6435d0,25 2,2 25
65712380-bba8-11e8-b2ba-ac1f6b6435d0,25 1 0,0 1 25
65715c32-bbbd-11e8-b2ba-ac1f6b6435d0,0,0
65728266-bbc1-11e8-b2bb-ac1f6b6435d0,6,6
6572a6fe-bbb4-11e8-b2ba-ac1f6b6435d0,14,14
6576eb48-bbc7-11e8-b2bc-ac1f6b6435d0,4 0,4
6577326e-bb9b-11e8-b2b9-ac1f6b6435d0,11 2 0,2 25
6578d768-bb9b-11e8-b2b9-ac1f6b6435d0,0,3
657a3b40-bbb3-11e8-b2ba-ac1f6b6435d0,18 0,0
657cb5f8-bbb5-11e8-b2ba-ac1f6b6435d0,25 1,5 25
657d52c0-bb9b-11e8-b2b9-ac1f6b6435d0,3,3
657ec6b0-bbbd-11e8-b2ba-ac1f6b6435d0,25 4,4 25
6583303e-bbb2-11e8-b2ba-ac1f6b6435d0,25 3,3
65844462-bbbf-11e8-b2ba-ac1f6b6435d0,5 0,0
658488e8-bbb8-11e8-b2ba-ac1f6b6435d0,19 0,0 19
65873e14-bbb1-11e8-b2ba-ac1f6b6435d0,2 0,0 2
658979ba-bba0-11e8-b2b9-ac1f6b6435d0,25 0,0 7 25
658aa28e-bbac-11e8-b2ba-ac1f6b6435d0,13 5 0,0 13
658b5e16-bbae-11e8-b2ba-ac1f6b6435d0,23 0,23
658dbc26-bbc0-11e8-b2bb-ac1f6b6435d0,5 0,0 5
6590d5b6-bbc8-11e8-b2bc-ac1f6b6435d0,18,18
65969d72-bb99-11e8-b2b9-ac1f6b6435d0,23,23
6597b194-bbb7-11e8-b2ba-ac1f6b6435d0,25 0,0 25
6597faf6-bb9d-11e8-b2b9-ac1f6b6435d0,25 21,12 21 25
6598b240-bbb9-11e8-b2ba-ac1f6b6435d0,1,1
659a3b60-bba0-11e8-b2b9-ac1f6b6435d0,22,22
659c19d6-bbc7-11e8-b2bc-ac1f6b6435d0,0,0 5
659d06ee-bba8-11e8-b2ba-ac1f6b6435d0,11,11
659dd7f0-bbca-11e8-b2bc-ac1f6b6435d0,0,0
659f01d0-bba6-11e8-b2ba-ac1f6b6435d0,22 0,21 22
65a48f78-bba2-11e8-b2b9-ac1f6b6435d0,7,7
65a60c94-bbb7-11e8-b2ba-ac1f6b6435d0,11 4,4
65a6e836-bbc5-11e8-b2bc-ac1f6b6435d0,7,7
65ac91dc-bba7-11e8-b2ba-ac1f6b6435d0,0,0
65af6b42-bbc9-11e8-b2bc-ac1f6b6435d0,7,7
65b4e12a-bbc0-11e8-b2bb-ac1f6b6435d0,5 0,0 2
65b946de-bbb6-11e8-b2ba-ac1f6b6435d0,0,0
65b9f246-bbc0-11e8-b2bb-ac1f6b6435d0,12,19
65bc6ba0-bb9a-11e8-b2b9-ac1f6b6435d0,7 18,7 25
65c2d66a-bbc3-11e8-b2bc-ac1f6b6435d0,22 4 21,4 21
65c35a7c-bb9b-11e8-b2b9-ac1f6b6435d0,25 0,0 25
65c468e2-bbc1-11e8-b2bb-ac1f6b6435d0,3 0,3
65c5a46c-bbb4-11e8-b2ba-ac1f6b6435d0,14,14
65c87e04-bbc2-11e8-b2bb-ac1f6b6435d0,16 25 14,14
65c88318-bbae-11e8-b2ba-ac1f6b6435d0,4,0 4
65c9a1f8-bbae-11e8-b2ba-ac1f6b6435d0,5,5
65ccd48c-bb9e-11e8-b2b9-ac1f6b6435d0,5,5
65ccf9c6-bbb2-11e8-b2ba-ac1f6b6435d0,2 0 21,0 2 21
65cffae2-bbab-11e8-b2ba-ac1f6b6435d0,7 18,7 25
65d18f62-bba4-11e8-b2b9-ac1f6b6435d0,25,25
65d86a1a-bbc4-11e8-b2bc-ac1f6b6435d0,25 3,3 25
65d95118-bbb6-11e8-b2ba-ac1f6b6435d0,0 21,0 21
65da950c-bb9b-11e8-b2b9-ac1f6b6435d0,2,2
65dc0ed4-bbbc-11e8-b2ba-ac1f6b6435d0,1,1
65e5fd08-bbb8-11e8-b2ba-ac1f6b6435d0,25 5 2,2
65e71b7e-bbc3-11e8-b2bc-ac1f6b6435d0,3,3
65e87a48-bba3-11e8-b2b9-ac1f6b6435d0,25,25
65e88fe8-bb9d-11e8-b2b9-ac1f6b6435d0,22 3,3 22
65e906a8-bba7-11e8-b2ba-ac1f6b6435d0,18,18
65ea507e-bbbd-11e8-b2ba-ac1f6b6435d0,0,0
65ed5b72-bba7-11e8-b2ba-ac1f6b6435d0,11 4,4 11
65ed8ac8-bbc7-11e8-b2bc-ac1f6b6435d0,25 0,0 25
65ee51d6-bba1-11e8-b2b9-ac1f6b6435d0,3 0,0 3
65eedc92-bba0-11e8-b2b9-ac1f6b6435d0,24 0,0
65ef81d0-bbc6-11e8-b2bc-ac1f6b6435d0,24 5,0 5 24
65f02f26-bb9a-11e8-b2b9-ac1f6b6435d0,14,14
65f44b14-bba5-11e8-b2ba-ac1f6b6435d0,23 2,2 23
65f61832-bbb3-11e8-b2ba-ac1f6b6435d0,25,25
65ffb2b8-bbb1-11e8-b2ba-ac1f6b6435d0,25 17 0,0 17 25
66048688-bbc7-11e8-b2bc-ac1f6b6435d0,21,21
6604c060-bbbf-11e8-b2ba-ac1f6b6435d0,4,4
6609bfca-bbb0-11e8-b2ba-ac1f6b6435d0,4,0 4
660b7c38-bba7-11e8-b2ba-ac1f6b6435d0,25 5 0,0 25
660bce08-bbc6-11e8-b2bc-ac1f6b6435d0,22 4,4 21 22
660c1ada-bbb1-11e8-b2ba-ac1f6b6435d0,2 0,0 2
660ca59e-bbad-11e8-b2ba-ac1f6b6435d0,0,0
6610b1e2-bba9-11e8-b2ba-ac1f6b6435d0,6,25
66128c48-bbb7-11e8-b2ba-ac1f6b6435d0,20,18
66199078-bbc2-11e8-b2bb-ac1f6b6435d0,22 25,25
6619a89a-bbba-11e8-b2ba-ac1f6b6435d0,11,11
6619f9b0-bbb2-11e8-b2ba-ac1f6b6435d0,24,18 24
661c7870-bbc1-11e8-b2bb-ac1f6b6435d0,6,6
661d464a-bbb9-11e8-b2ba-ac1f6b6435d0,7,7
661e9df4-bb9d-11e8-b2b9-ac1f6b6435d0,14 0,0 14
662243d2-bbb6-11e8-b2ba-ac1f6b6435d0,25 3,3 25
66232072-bbb1-11e8-b2ba-ac1f6b6435d0,19 25,19 25
66239ba8-bbc3-11e8-b2bc-ac1f6b6435d0,11 0,0 11
662438a6-bbb4-11e8-b2ba-ac1f6b6435d0,25 2,2 25
662b82ca-bbb7-11e8-b2ba-ac1f6b6435d0,25 0,0 25
662bb81c-bbb2-11e8-b2ba-ac1f6b6435d0,4,4
662f0860-bbbb-11e8-b2ba-ac1f6b6435d0,2,0 2 3
6633213a-bb9c-11e8-b2b9-ac1f6b6435d0,24 0,0 24
6635b7a2-bbb4-11e8-b2ba-ac1f6b6435d0,5 0,0 5
6636690e-bbbe-11e8-b2ba-ac1f6b6435d0,7,7
663a55b6-bbc1-11e8-b2bb-ac1f6b6435d0,2 0,0 2
663c4808-bba8-11e8-b2ba-ac1f6b6435d0,5,0 5
663ea102-bbb2-11e8-b2ba-ac1f6b6435d0,23,23
66400800-bbba-11e8-b2ba-ac1f6b6435d0,25 0,0 25
664198da-bba3-11e8-b2b9-ac1f6b6435d0,3 0,3
66438ace-bbb6-11e8-b2ba-ac1f6b6435d0,25 0 21,0 21 25
664401c8-bbbd-11e8-b2ba-ac1f6b6435d0,5 0,0
664493ea-bbc7-11e8-b2bc-ac1f6b6435d0,5,2
6647c646-bbae-11e8-b2ba-ac1f6b6435d0,25 2,0 2
664ca3d6-bba5-11e8-b2ba-ac1f6b6435d0,12 25 0,0 21 25
664e66ae-bbb3-11e8-b2ba-ac1f6b6435d0,12 25 0,12
6651ea28-bbad-11e8-b2ba-ac1f6b6435d0,18,18
6653ab5e-bb9b-11e8-b2b9-ac1f6b6435d0,12,12 25
66544c8e-bbbf-11e8-b2ba-ac1f6b6435d0,2 0,0 2
66552404-bb99-11e8-b2b9-ac1f6b6435d0,21,6
66552bb2-bbb1-11e8-b2ba-ac1f6b6435d0,2 0,0 2
665585a8-bbac-11e8-b2ba-ac1f6b6435d0,22 0,0 22
66566d26-bba5-11e8-b2ba-ac1f6b6435d0,25 0 21,21
6658d460-bbb6-11e8-b2ba-ac1f6b6435d0,2 0,0 2
665b68ea-bb9a-11e8-b2b9-ac1f6b6435d0,20,20 25 26
665c3daa-bbb9-11e8-b2ba-ac1f6b6435d0,21,21
665cd3c4-bba9-11e8-b2ba-ac1f6b6435d0,0 21,0 21
665d0d1e-bbc5-11e8-b2bc-ac1f6b6435d0,26 0,0 2 25
6662cc8c-bbbf-11e8-b2ba-ac1f6b6435d0,25 4,0 25
66686466-bbb6-11e8-b2ba-ac1f6b6435d0,5,5
6668a518-bbaf-11e8-b2ba-ac1f6b6435d0,24 2 0,0 24
666a3e10-bb9a-11e8-b2b9-ac1f6b6435d0,7,7
666ab8c2-bba4-11e8-b2b9-ac1f6b6435d0,7 0,0
666cfc04-bbc7-11e8-b2bc-ac1f6b6435d0,3,3
666d5f16-bbca-11e8-b2bc-ac1f6b6435d0,24 25,18 24 25
667001f8-bba2-11e8-b2b9-ac1f6b6435d0,23,23
66700eea-bb99-11e8-b2b9-ac1f6b6435d0,5,0
66704182-bbb5-11e8-b2ba-ac1f6b6435d0,22 16 17,22
6676157a-bba7-11e8-b2ba-ac1f6b6435d0,1,1
6677555c-bbac-11e8-b2ba-ac1f6b6435d0,0,0
6677dff4-bba2-11e8-b2b9-ac1f6b6435d0,0 21,21
66789790-bba3-11e8-b2b9-ac1f6b6435d0,2,2
6678b012-bbb3-11e8-b2ba-ac1f6b6435d0,25 3 0,0 3 25
667a9464-bbbc-11e8-b2ba-ac1f6b6435d0,12,12 25
667ba8d6-bbc1-11e8-b2bb-ac1f6b6435d0,25 2,2 25
667baaf2-bbb7-11e8-b2ba-ac1f6b6435d0,5 0 21,0 5 21
667c6f60-bba2-11e8-b2b9-ac1f6b6435d0,0 21,21
667cb948-bbca-11e8-b2bc-ac1f6b6435d0,4,4
66837a62-bbb1-11e8-b2ba-ac1f6b6435d0,4,0
6683dabc-bbab-11e8-b2ba-ac1f6b6435d0,25 4,0 25
66885612-bbc1-11e8-b2bb-ac1f6b6435d0,22 16 25 18,19
668897b4-bbba-11e8-b2ba-ac1f6b6435d0,1 0,0 1
668ff00c-bbc1-11e8-b2bb-ac1f6b6435d0,2 0,2
669182e0-bbb3-11e8-b2ba-ac1f6b6435d0,7 2,2 7 23
669286b2-bb9b-11e8-b2b9-ac1f6b6435d0,0,16
66969ba4-bbae-11e8-b2ba-ac1f6b6435d0,0,0
669724cc-bbb6-11e8-b2ba-ac1f6b6435d0,0,0
6697ee1c-bbb0-11e8-b2ba-ac1f6b6435d0,19 0,0
669a7f48-bba0-11e8-b2b9-ac1f6b6435d0,19 0,0
669ad2b4-bba4-11e8-b2b9-ac1f6b6435d0,12 25,12 21 25
669dcbfc-bbc9-11e8-b2bc-ac1f6b6435d0,25 0,0
669f4d7e-bbb0-11e8-b2ba-ac1f6b6435d0,23,23
66a0e39c-bbb4-11e8-b2ba-ac1f6b6435d0,24 5,5 24
66a44362-bbb3-11e8-b2ba-ac1f6b6435d0,25 1 0,0
66a44e8a-bbc1-11e8-b2bb-ac1f6b6435d0,21,21 25
66a80f9a-bbc9-11e8-b2bc-ac1f6b6435d0,7 0,0
66a8681a-bbbe-11e8-b2ba-ac1f6b6435d0,23 0,0 21 23
66a9da50-bbc9-11e8-b2bc-ac1f6b6435d0,6,6 25
66ad2aec-bba2-11e8-b2b9-ac1f6b6435d0,25 0,0 25
66af22ee-bba6-11e8-b2ba-ac1f6b6435d0,19,0
66b2435a-bb99-11e8-b2b9-ac1f6b6435d0,25 0,0 25
66b411b6-bbbd-11e8-b2ba-ac1f6b6435d0,25 0 21,0 21
66bbea9e-bba4-11e8-b2b9-ac1f6b6435d0,25,19
66bcf420-bba9-11e8-b2ba-ac1f6b6435d0,3,2
66bd5ffa-bbae-11e8-b2ba-ac1f6b6435d0,22 3 0,0 3 22
66be564e-bbbd-11e8-b2ba-ac1f6b6435d0,23,23
66bf2d64-bbb1-11e8-b2ba-ac1f6b6435d0,5,5
66c01f5c-bbc6-11e8-b2bc-ac1f6b6435d0,19,19
66c0235e-bbbb-11e8-b2ba-ac1f6b6435d0,18,19
66c16f50-bbb3-11e8-b2ba-ac1f6b6435d0,5 0,0
66c21904-bbb9-11e8-b2ba-ac1f6b6435d0,25 0,0 25
66c41bac-bb9e-11e8-b2b9-ac1f6b6435d0,5 0,5
66c492ee-bb9e-11e8-b2b9-ac1f6b6435d0,5 2 0,0
66c537c2-bbac-11e8-b2ba-ac1f6b6435d0,12,12
66cc503e-bba2-11e8-b2b9-ac1f6b6435d0,25 14,14 25
66d0a096-bba0-11e8-b2b9-ac1f6b6435d0,14 0,0 14
66d239ae-bbca-11e8-b2bc-ac1f6b6435d0,11,11 14
66d62408-bbbe-11e8-b2ba-ac1f6b6435d0,2,2 21
66d648d2-bbbb-11e8-b2ba-ac1f6b6435d0,7,20 24
66d7fd4c-bbb8-11e8-b2ba-ac1f6b6435d0,0,0
66d80b96-bbbf-11e8-b2ba-ac1f6b6435d0,19 0,0 19
66d88f98-bbca-11e8-b2bc-ac1f6b6435d0,5,0 5
66dacf50-bbc6-11e8-b2bc-ac1f6b6435d0,3,3
66dad3ee-bbb5-11e8-b2ba-ac1f6b6435d0,23,23
66dbd4ec-bbab-11e8-b2ba-ac1f6b6435d0,1,1
66de54ca-bbb9-11e8-b2ba-ac1f6b6435d0,25 2 0,0 2 25
66e44e88-bbbf-11e8-b2ba-ac1f6b6435d0,0 21,0 18 21
66ea32cc-bbaf-11e8-b2ba-ac1f6b6435d0,23 2,2 23
66ed0b44-bba7-11e8-b2ba-ac1f6b6435d0,6,6
66eeca10-bba7-11e8-b2ba-ac1f6b6435d0,6,6
66f1fd5a-bbb8-11e8-b2ba-ac1f6b6435d0,3,3
66f25992-bbab-11e8-b2ba-ac1f6b6435d0,24 25 0,24
66f4d68a-bba7-11e8-b2ba-ac1f6b6435d0,4,4
66f5e904-bba1-11e8-b2b9-ac1f6b6435d0,21,21
66fac99e-bbb8-11e8-b2ba-ac1f6b6435d0,23 2 21,2 21
66fc3e6a-bbc6-11e8-b2bc-ac1f6b6435d0,25 5 0,0
66fc4e40-bbc7-11e8-b2bc-ac1f6b6435d0,23 0,0 23
66fdcb2a-bbaa-11e8-b2ba-ac1f6b6435d0,25 2,2 25
67003586-bbaf-11e8-b2ba-ac1f6b6435d0,25 6 5 2,2 5 25
670096d6-bb99-11e8-b2b9-ac1f6b6435d0,11,11 21
67017588-bbb2-11e8-b2ba-ac1f6b6435d0,12 25,25
67031a5c-bbba-11e8-b2ba-ac1f6b6435d0,7 2 0,0 2
67043c96-bba8-11e8-b2ba-ac1f6b6435d0,5 2 0,0 2 5
670af302-bbb6-11e8-b2ba-ac1f6b6435d0,7,7
670c2766-bbb3-11e8-b2ba-ac1f6b6435d0,0,0
670e4d96-bba1-11e8-b2b9-ac1f6b6435d0,5 0,0 5
670f06ba-bbaf-11e8-b2ba-ac1f6b6435d0,23,25
6710586a-bb9d-11e8-b2b9-ac1f6b6435d0,4,4
6718dc0a-bbc6-11e8-b2bc-ac1f6b6435d0,25 0,0 25
671a8fb8-bb9f-11e8-b2b9-ac1f6b6435d0,5 0,0 5 25
671c8658-bbbb-11e8-b2ba-ac1f6b6435d0,25 0,0
671cf7e6-bbc0-11e8-b2bb-ac1f6b6435d0,25 0,0
6720eca4-bbb4-11e8-b2ba-ac1f6b6435d0,25 0 21,0 21 25
672174e2-bbbb-11e8-b2ba-ac1f6b6435d0,4,4
6723a980-bbb9-11e8-b2ba-ac1f6b6435d0,23 1,1 23
672416de-bbb1-11e8-b2ba-ac1f6b6435d0,23,3 4 23
6725daf2-bbaa-11e8-b2ba-ac1f6b6435d0,25 0,0 25
672bc4de-bbc4-11e8-b2bc-ac1f6b6435d0,25 13,13 25
672c41ba-bbb6-11e8-b2ba-ac1f6b6435d0,20,20 23
672ff4d6-bba7-11e8-b2ba-ac1f6b6435d0,3 0,0 3
6731852e-bb9f-11e8-b2b9-ac1f6b6435d0,2,2
67322146-bba9-11e8-b2ba-ac1f6b6435d0,26 0,0 26
67346e4e-bbc5-11e8-b2bc-ac1f6b6435d0,6,21
67362024-bbaf-11e8-b2ba-ac1f6b6435d0,25 0,0 25
6736641e-bba3-11e8-b2b9-ac1f6b6435d0,4,4
673a3184-bbb7-11e8-b2ba-ac1f6b6435d0,25,25
673a886c-bbc3-11e8-b2bc-ac1f6b6435d0,2,2
673c3320-bba9-11e8-b2ba-ac1f6b6435d0,25,25
673c52f8-bbbb-11e8-b2ba-ac1f6b6435d0,25 0,0 25
673d0936-bbb7-11e8-b2ba-ac1f6b6435d0,5 0,0 5
673f7bd8-bbaa-11e8-b2ba-ac1f6b6435d0,25 3 0,0 3 25
673febe2-bbad-11e8-b2ba-ac1f6b6435d0,5 0,0 5
67406034-bbbe-11e8-b2ba-ac1f6b6435d0,16 25 14 0,11
6742f11c-bbc0-11e8-b2bb-ac1f6b6435d0,8,8
6744aa5a-bb9f-11e8-b2b9-ac1f6b6435d0,25,1 25
6744bb14-bba2-11e8-b2b9-ac1f6b6435d0,26 0,0 26
674514a8-bbaf-11e8-b2ba-ac1f6b6435d0,0,0
67454020-bbca-11e8-b2bc-ac1f6b6435d0,11 0,0 11
67465022-bb9e-11e8-b2b9-ac1f6b6435d0,26 0,26
67487280-bbc6-11e8-b2bc-ac1f6b6435d0,0,0
67489b5e-bbc4-11e8-b2bc-ac1f6b6435d0,0,0
6749aed6-bbc9-11e8-b2bc-ac1f6b6435d0,25,16 17 25
6750ac52-bbb2-11e8-b2ba-ac1f6b6435d0,7,7
67522894-bba2-11e8-b2b9-ac1f6b6435d0,3,3
6752393e-bbba-11e8-b2ba-ac1f6b6435d0,25 2,21
67529e3a-bba9-11e8-b2ba-ac1f6b6435d0,25 2,2 25
6756349e-bbba-11e8-b2ba-ac1f6b6435d0,7,7
675638c0-bbb7-11e8-b2ba-ac1f6b6435d0,14,14
675b3742-bbbe-11e8-b2ba-ac1f6b6435d0,25,25
675c8fd6-bba8-11e8-b2ba-ac1f6b6435d0,25 7 0,0 7 25
675d140e-bbc3-11e8-b2bc-ac1f6b6435d0,25,0 21 25
675f74de-bba4-11e8-b2b9-ac1f6b6435d0,25 0,0 1 25
67610462-bba8-11e8-b2ba-ac1f6b6435d0,14 0 21,14 21
6761b486-bbb0-11e8-b2ba-ac1f6b6435d0,2 0,0 2 5
6763c3f8-bba5-11e8-b2ba-ac1f6b6435d0,6 23,6
6767c8e0-bbaa-11e8-b2ba-ac1f6b6435d0,4,4
67687130-bba7-11e8-b2ba-ac1f6b6435d0,25 0,0 25
676d53e6-bbb4-11e8-b2ba-ac1f6b6435d0,4,4
676df4a0-bbae-11e8-b2ba-ac1f6b6435d0,7,7
676ed1f2-bb9c-11e8-b2b9-ac1f6b6435d0,19 25 0,0 25
67742de2-bbaa-11e8-b2ba-ac1f6b6435d0,7 0,0 7
6778bdc0-bbc4-11e8-b2bc-ac1f6b6435d0,25,25
677e1290-bbbd-11e8-b2ba-ac1f6b6435d0,0,0
677f6df6-bbaa-11e8-b2ba-ac1f6b6435d0,23 0,0 23
67822bc8-bbb8-11e8-b2ba-ac1f6b6435d0,14 0,0 25
678355a4-bbb1-11e8-b2ba-ac1f6b6435d0,6,6
67894c54-bbbe-11e8-b2ba-ac1f6b6435d0,25 0 21,0 21
678b320a-bbc1-11e8-b2bb-ac1f6b6435d0,12 23 0,12
678b9544-bbab-11e8-b2ba-ac1f6b6435d0,1,1
678cc2bc-bb9b-11e8-b2b9-ac1f6b6435d0,25 0,0 25
678d4efe-bbb8-11e8-b2ba-ac1f6b6435d0,0,0
678d64b4-bbc4-11e8-b2bc-ac1f6b6435d0,3,3 25
678fcc6e-bbb4-11e8-b2ba-ac1f6b6435d0,18,18
6791ab9e-bbc6-11e8-b2bc-ac1f6b6435d0,25,23
6791de82-bb9b-11e8-b2b9-ac1f6b6435d0,25 13,13 25
67921ec0-bbb8-11e8-b2ba-ac1f6b6435d0,4,4 25
67941ab0-bbca-11e8-b2bc-ac1f6b6435d0,26,25 26
6795f08c-bb99-11e8-b2b9-ac1f6b6435d0,1,1
6795fd94-bb9d-11e8-b2b9-ac1f6b6435d0,25,25
679963a4-bbb0-11e8-b2ba-ac1f6b6435d0,25 0,0 25
679e2ef2-bba6-11e8-b2ba-ac1f6b6435d0,5 0,0 5
679ee654-bbaf-11e8-b2ba-ac1f6b6435d0,1 0,0 1
67a176c6-bbaa-11e8-b2ba-ac1f6b6435d0,25 21,21
67a2f122-bbb4-11e8-b2ba-ac1f6b6435d0,0,0 25
67a73cbe-bbc8-11e8-b2bc-ac1f6b6435d0,25,23
67a84b8e-bbc0-11e8-b2bb-ac1f6b6435d0,25 2 0,0 2 25
67a8ac3a-bbae-11e8-b2ba-ac1f6b6435d0,23,23
67ac7184-bbb4-11e8-b2ba-ac1f6b6435d0,5 0,0 5
67ad83f8-bbaa-11e8-b2ba-ac1f6b6435d0,2,2
67aeb25c-bba3-11e8-b2b9-ac1f6b6435d0,5 0,5
67b09668-bbca-11e8-b2bc-ac1f6b6435d0,4,4
67b459f8-bba0-11e8-b2b9-ac1f6b6435d0,25 11 21,11
67b7822c-bbbe-11e8-b2ba-ac1f6b6435d0,7,7
67b83146-bbc7-11e8-b2bc-ac1f6b6435d0,25 13,25
67b92228-bbbc-11e8-b2ba-ac1f6b6435d0,14,14
67b99218-bba7-11e8-b2ba-ac1f6b6435d0,5,0 5
67bae05a-bbc0-11e8-b2bb-ac1f6b6435d0,6,6 23
67bbd18e-bb9a-11e8-b2b9-ac1f6b6435d0,22 16 0,0 16 22
67bc4d98-bbb4-11e8-b2ba-ac1f6b6435d0,6 0,0 6
67bd2fb0-bbb9-11e8-b2ba-ac1f6b6435d0,25 0,0 25
67bdfd60-bbae-11e8-b2ba-ac1f6b6435d0,7 0,0 7
67c0dfc8-bbbb-11e8-b2ba-ac1f6b6435d0,25 2 0,0 2 25
67c1e81a-bbb0-11e8-b2ba-ac1f6b6435d0,25 0 21,0 21 25
67c8f35a-bba4-11e8-b2b9-ac1f6b6435d0,25 21,0 21
67c96a20-bbb2-11e8-b2ba-ac1f6b6435d0,18,18
67cad11e-bba6-11e8-b2ba-ac1f6b6435d0,7,7
67cc1576-bbbd-11e8-b2ba-ac1f6b6435d0,20,20
67cccbae-bbb5-11e8-b2ba-ac1f6b6435d0,11 2,2 11
67cce8c0-bba4-11e8-b2b9-ac1f6b6435d0,25 2,2 25
67d24658-bbb3-11e8-b2ba-ac1f6b6435d0,6,6
67d8a98c-bbbb-11e8-b2ba-ac1f6b6435d0,7,7
67db6246-bbc8-11e8-b2bc-ac1f6b6435d0,6,6
67ddcdea-bbb1-11e8-b2ba-ac1f6b6435d0,1 0,0 1
67ddd38a-bba7-11e8-b2ba-ac1f6b6435d0,5 0,0 5
67dded88-bbc6-11e8-b2bc-ac1f6b6435d0,5 0,0
67dfa8dc-bbc9-11e8-b2bc-ac1f6b6435d0,16 14 17,14 16 17
67e31cf4-bbc1-11e8-b2bb-ac1f6b6435d0,25 0,0 25
67e729e4-bbc5-11e8-b2bc-ac1f6b6435d0,18,18
67ece93a-bb9b-11e8-b2b9-ac1f6b6435d0,25 0,0 25
67ef04b8-bbc8-11e8-b2bc-ac1f6b6435d0,25 5,5 25
67f7452e-bba5-11e8-b2ba-ac1f6b6435d0,5 0,25
67fb7c7a-bbaf-11e8-b2ba-ac1f6b6435d0,5,5
67fc19b6-bba8-11e8-b2ba-ac1f6b6435d0,16 2 21,2 21
67fce070-bbae-11e8-b2ba-ac1f6b6435d0,21,0
67fd37ee-bbba-11e8-b2ba-ac1f6b6435d0,1 2,1 2
67fde47c-bbac-11e8-b2ba-ac1f6b6435d0,25 2 0 21,0 2 22
67fe2a32-bbc4-11e8-b2bc-ac1f6b6435d0,25 0,0 25
67fee340-bbb1-11e8-b2ba-ac1f6b6435d0,0,0 25
67ff5814-bb9f-11e8-b2b9-ac1f6b6435d0,25 0,0 25
67ffc7ca-bbc4-11e8-b2bc-ac1f6b6435d0,25 0,0 25
68026602-bb9b-11e8-b2b9-ac1f6b6435d0,23 0,0 23
6809ac68-bbc9-11e8-b2bc-ac1f6b6435d0,4,4
6809d842-bbb9-11e8-b2ba-ac1f6b6435d0,5,5
6809fe26-bbb9-11e8-b2ba-ac1f6b6435d0,7 3,7
680b916e-bbb4-11e8-b2ba-ac1f6b6435d0,16 25 3,2 25
680bf748-bba6-11e8-b2ba-ac1f6b6435d0,7,7
680d09a0-bb9f-11e8-b2b9-ac1f6b6435d0,25 0,0 21 25
6811df0e-bbb6-11e8-b2ba-ac1f6b6435d0,5,5
6817e632-bba8-11e8-b2ba-ac1f6b6435d0,3,3
681caefe-bbc3-11e8-b2bc-ac1f6b6435d0,25,25
681d1f6c-bba3-11e8-b2b9-ac1f6b6435d0,13,25
6828960c-bb9f-11e8-b2b9-ac1f6b6435d0,6,6
682cde8c-bbb4-11e8-b2ba-ac1f6b6435d0,25,0
682d8f88-bb9d-11e8-b2b9-ac1f6b6435d0,25 1,0 1 25
68322674-bbac-11e8-b2ba-ac1f6b6435d0,25 3,6
68358ee8-bbbd-11e8-b2ba-ac1f6b6435d0,1,0 1
6836a1d6-bbb6-11e8-b2ba-ac1f6b6435d0,25 0,0 25
683ce4a0-bb9e-11e8-b2b9-ac1f6b6435d0,24 5 0,0 5
6841513c-bbc8-11e8-b2bc-ac1f6b6435d0,11,11
6843322e-bb99-11e8-b2b9-ac1f6b6435d0,12 0,0 12
68436d50-bbb9-11e8-b2ba-ac1f6b6435d0,0,0 16 25
68448b02-bbc0-11e8-b2bb-ac1f6b6435d0,2,2 23
684a8cd8-bbc9-11e8-b2bc-ac1f6b6435d0,7,7
684e585c-bbc1-11e8-b2bb-ac1f6b6435d0,7,7
685229d6-bb9f-11e8-b2b9-ac1f6b6435d0,12,12
68529e7c-bbbb-11e8-b2ba-ac1f6b6435d0,22 1 0,0 1 22
6852e010-bb9f-11e8-b2b9-ac1f6b6435d0,25 18,19 25
6852ec02-bba6-11e8-b2ba-ac1f6b6435d0,25,0 25
68568208-bbb6-11e8-b2ba-ac1f6b6435d0,12 25,25
685a1468-bbac-11e8-b2ba-ac1f6b6435d0,25 0,0 25
685b623e-bba0-11e8-b2b9-ac1f6b6435d0,21,21
685cd1cc-bbab-11e8-b2ba-ac1f6b6435d0,25 4 21,4 21 25
685d19e6-bbb7-11e8-b2ba-ac1f6b6435d0,2,2
685df032-bb9e-11e8-b2b9-ac1f6b6435d0,25 0,25
6862f8c2-bbb0-11e8-b2ba-ac1f6b6435d0,25 2 0,0 2
68654a76-bba3-11e8-b2b9-ac1f6b6435d0,6 20,0 25
68668008-bbbc-11e8-b2ba-ac1f6b6435d0,4 21,4 25
6866e00a-bbaf-11e8-b2ba-ac1f6b6435d0,21,21
6867d186-bbbe-11e8-b2ba-ac1f6b6435d0,14 0,0 14
6868b4b0-bbb5-11e8-b2ba-ac1f6b6435d0,2 0 21,0 21
686c0b02-bbaf-11e8-b2ba-ac1f6b6435d0,19,25
686ce40a-bbc8-11e8-b2bc-ac1f6b6435d0,2,2 25
686f7836-bbba-11e8-b2ba-ac1f6b6435d0,18 21,19 25
6870a1fa-bba3-11e8-b2b9-ac1f6b6435d0,25 5,5 25
68723c06-bbab-11e8-b2ba-ac1f6b6435d0,25 0,0
68760b1a-bbc4-11e8-b2bc-ac1f6b6435d0,4,4
687996d4-bba8-11e8-b2ba-ac1f6b6435d0,25 6 3 0,0 3 25
687e45e6-bbb0-11e8-b2ba-ac1f6b6435d0,5,5
68801b82-bbb0-11e8-b2ba-ac1f6b6435d0,16 25 0,4
68811b36-bb9c-11e8-b2b9-ac1f6b6435d0,0,0
68854fc2-bba0-11e8-b2b9-ac1f6b6435d0,23,23
688891c8-bba0-11e8-b2b9-ac1f6b6435d0,19,25
6888b482-bbb9-11e8-b2ba-ac1f6b6435d0,25 1,1 25
688e5520-bbac-11e8-b2ba-ac1f6b6435d0,2 21,2 21
68934082-bba0-11e8-b2b9-ac1f6b6435d0,25 7 0 21,0 25
6893aff4-bbaf-11e8-b2ba-ac1f6b6435d0,0,0
689809f4-bba1-11e8-b2b9-ac1f6b6435d0,22 25,0 25
68989374-bbb5-11e8-b2ba-ac1f6b6435d0,25,5 25
689b4908-bbb9-11e8-b2ba-ac1f6b6435d0,7,7
689dcd28-bba9-11e8-b2ba-ac1f6b6435d0,12 25,3 25
689e669c-bbaf-11e8-b2ba-ac1f6b6435d0,5,5
689f4c72-bbc5-11e8-b2bc-ac1f6b6435d0,1 0,0 1
68a3f5f4-bba4-11e8-b2b9-ac1f6b6435d0,16 15 2,2 15 16
68a403ae-bbc3-11e8-b2bc-ac1f6b6435d0,0,0 25
68a57850-bbb0-11e8-b2ba-ac1f6b6435d0,21,21
68ab273c-bbc4-11e8-b2bc-ac1f6b6435d0,7,5
68abbf28-bb9f-11e8-b2b9-ac1f6b6435d0,22,25
68acbd7a-bbbc-11e8-b2ba-ac1f6b6435d0,25 0,0
68ad8444-bb99-11e8-b2b9-ac1f6b6435d0,3,3
68add870-bbaa-11e8-b2ba-ac1f6b6435d0,12,12
68aebd94-bbbe-11e8-b2ba-ac1f6b6435d0,0,4
68af001a-bbb9-11e8-b2ba-ac1f6b6435d0,16,16
68b112ca-bba4-11e8-b2b9-ac1f6b6435d0,7 0,0 7
68b3fce8-bba8-11e8-b2ba-ac1f6b6435d0,23 5,5 23
68b4a7dc-bb9a-11e8-b2b9-ac1f6b6435d0,25 4,4 25
68b689a2-bba5-11e8-b2ba-ac1f6b6435d0,5 0,5
68b802ce-bbbd-11e8-b2ba-ac1f6b6435d0,0 21,0
68ba96e8-bbad-11e8-b2ba-ac1f6b6435d0,2 0,0 2
68bba780-bbb3-11e8-b2ba-ac1f6b6435d0,0 21,0 25
68bc98d6-bbc5-11e8-b2bc-ac1f6b6435d0,7 0 21,0 7 21
68bd0348-bba7-11e8-b2ba-ac1f6b6435d0,25 23,5 25
68c2a20c-bbbc-11e8-b2ba-ac1f6b6435d0,25 21,0 5 25
68c348f0-bb9a-11e8-b2b9-ac1f6b6435d0,21,21
68c784c6-bbb6-11e8-b2ba-ac1f6b6435d0,25 1,0 1 25
68c881ec-bba6-11e8-b2ba-ac1f6b6435d0,3 0,0 3
68caad54-bba7-11e8-b2ba-ac1f6b6435d0,1 0,0 1
68d0291e-bbac-11e8-b2ba-ac1f6b6435d0,16 14 0,0 14 16
68d28952-bba7-11e8-b2ba-ac1f6b6435d0,4,4
68d3cfa6-bbb1-11e8-b2ba-ac1f6b6435d0,19 21,19
68d5cd28-bbc6-11e8-b2bc-ac1f6b6435d0,24 5 0,5 24
68d78998-bbc5-11e8-b2bc-ac1f6b6435d0,23,23
68d971c8-bba1-11e8-b2b9-ac1f6b6435d0,0,0
68da63ba-bbbc-11e8-b2ba-ac1f6b6435d0,25 5,0 25
68e07474-bb9b-11e8-b2b9-ac1f6b6435d0,25 0 21,0 21
68e4bb78-bbc9-11e8-b2bc-ac1f6b6435d0,16 25 0,0 16
68e60588-bbc3-11e8-b2bc-ac1f6b6435d0,18,18
68ea03d6-bbb4-11e8-b2ba-ac1f6b6435d0,25 0,0 25
68ea08e0-bba0-11e8-b2b9-ac1f6b6435d0,3,3
68eb0e3c-bba7-11e8-b2ba-ac1f6b6435d0,25 5,0 25
68ec94e2-bbab-11e8-b2ba-ac1f6b6435d0,23,23
68ee4350-bbba-11e8-b2ba-ac1f6b6435d0,0,0
68f1582e-bbb0-11e8-b2ba-ac1f6b6435d0,7,7
68f7a06c-bbbf-11e8-b2ba-ac1f6b6435d0,2 0,3 5 25
68fc59a4-bbb5-11e8-b2ba-ac1f6b6435d0,23,23
68fec912-bbc6-11e8-b2bc-ac1f6b6435d0,0,25
690177be-bba0-11e8-b2b9-ac1f6b6435d0,23,0 23
6901f5da-bba6-11e8-b2ba-ac1f6b6435d0,2,0 2
69050742-bba2-11e8-b2b9-ac1f6b6435d0,25,17 25
6906a052-bbc0-11e8-b2bb-ac1f6b6435d0,5 21,21
690897d8-bbaf-11e8-b2ba-ac1f6b6435d0,23,23
6908ed24-bbc2-11e8-b2bb-ac1f6b6435d0,18 23 0 21,0 23
690d6f72-bba7-11e8-b2ba-ac1f6b6435d0,25,23
690e6d24-bbab-11e8-b2ba-ac1f6b6435d0,23,23
69100490-bb9c-11e8-b2b9-ac1f6b6435d0,7 0,0 7
69100516-bbc0-11e8-b2bb-ac1f6b6435d0,6,6
691351aa-bb9b-11e8-b2b9-ac1f6b6435d0,2,0 2
69177dd0-bbbd-11e8-b2ba-ac1f6b6435d0,3 0,0 18 25
691862f0-bbad-11e8-b2ba-ac1f6b6435d0,25 23 21,23
691c9568-bb9a-11e8-b2b9-ac1f6b6435d0,3,2
691e13ec-bbc3-11e8-b2bc-ac1f6b6435d0,25 0,0 25
69218366-bbc2-11e8-b2bb-ac1f6b6435d0,25,25
69218568-bb9b-11e8-b2b9-ac1f6b6435d0,11 0,11 12
69250de8-bba8-11e8-b2ba-ac1f6b6435d0,19,19
69262d78-bb9d-11e8-b2b9-ac1f6b6435d0,25,25
692711e6-bbae-11e8-b2ba-ac1f6b6435d0,2 0,0 2 25
69277336-bbca-11e8-b2bc-ac1f6b6435d0,0 21,0 6 21
69289388-bbc0-11e8-b2bb-ac1f6b6435d0,22 7,7 22
692af014-bbad-11e8-b2ba-ac1f6b6435d0,0,0
692bbf90-bba2-11e8-b2b9-ac1f6b6435d0,21,21
69310054-bbca-11e8-b2bc-ac1f6b6435d0,21,21
6937ca02-bbbf-11e8-b2ba-ac1f6b6435d0,23 4,4 23
693a829e-bb9a-11e8-b2b9-ac1f6b6435d0,11,11
693cc1a0-bb9d-11e8-b2b9-ac1f6b6435d0,14,14
693fd1ba-bbc5-11e8-b2bc-ac1f6b6435d0,19,18
6940492c-bbb8-11e8-b2ba-ac1f6b6435d0,12 0,0 12
6943fb5c-bbc8-11e8-b2bc-ac1f6b6435d0,0,0
69449d44-bbb6-11e8-b2ba-ac1f6b6435d0,7 0,0 7
6947eaf8-bbc0-11e8-b2bb-ac1f6b6435d0,25 0,0 25
69490dae-bbb4-11e8-b2ba-ac1f6b6435d0,0,0
6949bb22-bba1-11e8-b2b9-ac1f6b6435d0,1 0,0
694ae16e-bbc4-11e8-b2bc-ac1f6b6435d0,25 21,0 21
694e4218-bbca-11e8-b2bc-ac1f6b6435d0,5 21,21
694eb644-bbc5-11e8-b2bc-ac1f6b6435d0,14 17,14 17
695096fc-bbbc-11e8-b2ba-ac1f6b6435d0,0,0
6950a146-bba4-11e8-b2b9-ac1f6b6435d0,25 1 0,25
6952358a-bbc5-11e8-b2bc-ac1f6b6435d0,23,23
69528626-bbbf-11e8-b2ba-ac1f6b6435d0,2,0
69546026-bbbb-11e8-b2ba-ac1f6b6435d0,22 0,22
69555bfa-bbb8-11e8-b2ba-ac1f6b6435d0,6,6
69572bca-bbad-11e8-b2ba-ac1f6b6435d0,2 0,0
69585854-bbbe-11e8-b2ba-ac1f6b6435d0,5,5
6959a6c8-bba5-11e8-b2ba-ac1f6b6435d0,4,0
695e1446-bbbf-11e8-b2ba-ac1f6b6435d0,14,14
695f89f6-bbbb-11e8-b2ba-ac1f6b6435d0,19,0
69617458-bbc7-11e8-b2bc-ac1f6b6435d0,25,21
6961a58c-bbc6-11e8-b2bc-ac1f6b6435d0,1 4 2 0,0 2
69627f98-bbc6-11e8-b2bc-ac1f6b6435d0,19,19
696370c8-bb9f-11e8-b2b9-ac1f6b6435d0,19 17,19 25
6964c160-bbc9-11e8-b2bc-ac1f6b6435d0,25 5,0 5
69662f62-bba8-11e8-b2ba-ac1f6b6435d0,5,5
69674b24-bba6-11e8-b2ba-ac1f6b6435d0,14 0,0 14 25
69678838-bba5-11e8-b2ba-ac1f6b6435d0,4 21,4 5 21
6967d758-bbb8-11e8-b2ba-ac1f6b6435d0,7,7
6978e83a-bbbe-11e8-b2ba-ac1f6b6435d0,25 7 0,0 7
69799188-bb99-11e8-b2b9-ac1f6b6435d0,0,0
697c928a-bba7-11e8-b2ba-ac1f6b6435d0,7 2,2 7
697d167e-bbac-11e8-b2ba-ac1f6b6435d0,25,25
6980a88a-bbba-11e8-b2ba-ac1f6b6435d0,14 0,0 14
6982c3ce-bb9f-11e8-b2b9-ac1f6b6435d0,1 0,0 1 25
6984e9fa-bbbe-11e8-b2ba-ac1f6b6435d0,3,3
698a2a72-bbbf-11e8-b2ba-ac1f6b6435d0,1 2,1
698a2fba-bb9a-11e8-b2b9-ac1f6b6435d0,0,0
698a8824-bb9b-11e8-b2b9-ac1f6b6435d0,0,0
698c7f20-bbba-11e8-b2ba-ac1f6b6435d0,7 0,0 7
698d31be-bba0-11e8-b2b9-ac1f6b6435d0,1 0,0 1
6990d6c0-bba5-11e8-b2ba-ac1f6b6435d0,19 25 0,0 7 25
69937654-bb9c-11e8-b2b9-ac1f6b6435d0,5,0 5 25
6993d522-bba6-11e8-b2ba-ac1f6b6435d0,25 0,0 25
6995f83e-bbb5-11e8-b2ba-ac1f6b6435d0,23 0,0
69979cac-bbc4-11e8-b2bc-ac1f6b6435d0,11,11 14
699c00f6-bb9e-11e8-b2b9-ac1f6b6435d0,1 0,0 1
699f7eaa-bbb9-11e8-b2ba-ac1f6b6435d0,14,14
69a53f8a-bba4-11e8-b2b9-ac1f6b6435d0,13 4,4
69a624bc-bbc3-11e8-b2bc-ac1f6b6435d0,25 23,25
69ac0e7a-bbc0-11e8-b2bb-ac1f6b6435d0,23 0,0 23
69ad20f6-bbae-11e8-b2ba-ac1f6b6435d0,3,3
69b08d34-bbba-11e8-b2ba-ac1f6b6435d0,11,11
69b3c1f2-bbc9-11e8-b2bc-ac1f6b6435d0,25 0,0 25
69b49a22-bb9d-11e8-b2b9-ac1f6b6435d0,2,2
69b90f04-bbb5-11e8-b2ba-ac1f6b6435d0,19,0 16
69bbcdc2-bb9f-11e8-b2b9-ac1f6b6435d0,25,25
69bbd2b2-bbb4-11e8-b2ba-ac1f6b6435d0,4,4
69be2594-bba5-11e8-b2ba-ac1f6b6435d0,23,23
69c45746-bba2-11e8-b2b9-ac1f6b6435d0,14 17,14
69c4d9bc-bbae-11e8-b2ba-ac1f6b6435d0,2 0,0 2
69c6658a-bbb7-11e8-b2ba-ac1f6b6435d0,4,4
69c6ad6c-bbc4-11e8-b2bc-ac1f6b6435d0,6,6
69c723d6-bbc0-11e8-b2bb-ac1f6b6435d0,23,23
69c817a2-bbb4-11e8-b2ba-ac1f6b6435d0,18,25
69c938e8-bbb0-11e8-b2ba-ac1f6b6435d0,7 0,0 7
69ca3f30-bba2-11e8-b2b9-ac1f6b6435d0,25,25
69cd1d5c-bbae-11e8-b2ba-ac1f6b6435d0,7,7
69ce71ea-bba2-11e8-b2b9-ac1f6b6435d0,18,25
69ce9014-bbc3-11e8-b2bc-ac1f6b6435d0,4,0 26
69d1cce8-bbb9-11e8-b2ba-ac1f6b6435d0,25 23 5,5 25
69d20262-bbbe-11e8-b2ba-ac1f6b6435d0,5 0,0 5
69d6b054-bbba-11e8-b2ba-ac1f6b6435d0,14 2,14 21
69dac592-bba9-11e8-b2ba-ac1f6b6435d0,25 6,6 25
69dacdb2-bb9a-11e8-b2b9-ac1f6b6435d0,7,7
69db268e-bba6-11e8-b2ba-ac1f6b6435d0,26 0,0 26
69db5d90-bbc2-11e8-b2bb-ac1f6b6435d0,11,11
69de3202-bbb5-11e8-b2ba-ac1f6b6435d0,21,21
69de7968-bbad-11e8-b2ba-ac1f6b6435d0,24,24
69df3152-bbc9-11e8-b2bc-ac1f6b6435d0,7 0,0 23
69e22250-bbc8-11e8-b2bc-ac1f6b6435d0,25,25
69e298a2-bbb4-11e8-b2ba-ac1f6b6435d0,25 18 21,18 25
69e3929c-bbb5-11e8-b2ba-ac1f6b6435d0,0,0
69e622ca-bbb8-11e8-b2ba-ac1f6b6435d0,7 0,0
69ee6c82-bbc7-11e8-b2bc-ac1f6b6435d0,25 4,0 25
69f2e580-bbb5-11e8-b2ba-ac1f6b6435d0,0,0
69f429be-bbb4-11e8-b2ba-ac1f6b6435d0,12,12
69f429c0-bbb2-11e8-b2ba-ac1f6b6435d0,23,23
69f65d78-bbab-11e8-b2ba-ac1f6b6435d0,7,7
69fa597c-bbac-11e8-b2ba-ac1f6b6435d0,0,0
69fe5a7c-bbca-11e8-b2bc-ac1f6b6435d0,0,0
6a04a9c2-bba7-11e8-b2ba-ac1f6b6435d0,25 1,1 25
6a04cf98-bbab-11e8-b2ba-ac1f6b6435d0,6,6
6a055272-bba8-11e8-b2ba-ac1f6b6435d0,3,0 3
6a05ab84-bbc9-11e8-b2bc-ac1f6b6435d0,5,5
6a05e118-bb9b-11e8-b2b9-ac1f6b6435d0,7,7
6a0d121c-bbb4-11e8-b2ba-ac1f6b6435d0,25 0,0
6a0fd89c-bbc5-11e8-b2bc-ac1f6b6435d0,2 0,0 2
6a113b9e-bbc8-11e8-b2bc-ac1f6b6435d0,2,2
6a175c92-bbb7-11e8-b2ba-ac1f6b6435d0,7 21,7
6a1b5da2-bbc0-11e8-b2bb-ac1f6b6435d0,25 0,0 25
6a1b9e80-bbab-11e8-b2ba-ac1f6b6435d0,25,25
6a21830a-bba5-11e8-b2ba-ac1f6b6435d0,24,24
6a2188de-bbb2-11e8-b2ba-ac1f6b6435d0,25 0,25
6a2310f2-bba1-11e8-b2b9-ac1f6b6435d0,20,20
6a279d86-bbb8-11e8-b2ba-ac1f6b6435d0,7 0,0 7
6a29c18a-bbc5-11e8-b2bc-ac1f6b6435d0,11 4,4 11
6a2a7298-bb9c-11e8-b2b9-ac1f6b6435d0,25 11 5,24 25
6a2c563e-bbb6-11e8-b2ba-ac1f6b6435d0,18,18
6a2d00f6-bb9e-11e8-b2b9-ac1f6b6435d0,25 2 0,0 25
6a2e3322-bbc1-11e8-b2bb-ac1f6b6435d0,25 2,2 25
6a2e7954-bbb2-11e8-b2ba-ac1f6b6435d0,23,23
6a3029de-bbc1-11e8-b2bb-ac1f6b6435d0,21,2 25
6a35f6b2-bbac-11e8-b2ba-ac1f6b6435d0,7,7
6a370efa-bbc8-11e8-b2bc-ac1f6b6435d0,25,14
6a380b58-bbc7-11e8-b2bc-ac1f6b6435d0,18,18
6a384c10-bbba-11e8-b2ba-ac1f6b6435d0,0,0
6a3985c4-bbc1-11e8-b2bb-ac1f6b6435d0,22 0,0 22
6a399ed0-bba6-11e8-b2ba-ac1f6b6435d0,5,5
6a3ae824-bbc6-11e8-b2bc-ac1f6b6435d0,0 21,0 1
6a3ef648-bbb3-11e8-b2ba-ac1f6b6435d0,0,0 25
6a3efe2c-bb9a-11e8-b2b9-ac1f6b6435d0,4,4
6a4243d8-bbaa-11e8-b2ba-ac1f6b6435d0,4,4
6a46530c-bbae-11e8-b2ba-ac1f6b6435d0,25 2,2 25
6a481394-bbaa-11e8-b2ba-ac1f6b6435d0,3,3
6a4bf66a-bbb1-11e8-b2ba-ac1f6b6435d0,4,0
6a4d1e98-bbc3-11e8-b2bc-ac1f6b6435d0,2,2 3
6a4d9252-bbc2-11e8-b2bb-ac1f6b6435d0,21,0 21
6a4f1ff8-bbba-11e8-b2ba-ac1f6b6435d0,5,23
6a502942-bbbb-11e8-b2ba-ac1f6b6435d0,26 0,0 26
6a51baa8-bba9-11e8-b2ba-ac1f6b6435d0,25 21,25
6a536fae-bb9c-11e8-b2b9-ac1f6b6435d0,25,25
6a54e864-bb99-11e8-b2b9-ac1f6b6435d0,25 0,0 25
6a56f6d6-bbc6-11e8-b2bc-ac1f6b6435d0,7 0,0 25
6a5787a2-bbaf-11e8-b2ba-ac1f6b6435d0,25 0,0 25
6a5c4698-bba5-11e8-b2ba-ac1f6b6435d0,16 7,7 16
6a5ca738-bba4-11e8-b2b9-ac1f6b6435d0,4,4
6a5d50c6-bbad-11e8-b2ba-ac1f6b6435d0,9,9 10 13
6a5da026-bbbc-11e8-b2ba-ac1f6b6435d0,23,23
6a5ed6b8-bbb1-11e8-b2ba-ac1f6b6435d0,2 0,0 2
6a5f9484-bbbd-11e8-b2ba-ac1f6b6435d0,0,0 25
6a60abfe-bbbc-11e8-b2ba-ac1f6b6435d0,25,25
6a62fede-bba5-11e8-b2ba-ac1f6b6435d0,25 21,21
6a633634-bba9-11e8-b2ba-ac1f6b6435d0,25 0,0 25
6a664d52-bb9e-11e8-b2b9-ac1f6b6435d0,7 0,0 7
6a668e8a-bbb6-11e8-b2ba-ac1f6b6435d0,0 21,0 19
6a672710-bbb0-11e8-b2ba-ac1f6b6435d0,25,25
6a6b54e0-bb9f-11e8-b2b9-ac1f6b6435d0,0,0
6a6da466-bbc7-11e8-b2bc-ac1f6b6435d0,7,2
6a6e2fae-bbad-11e8-b2ba-ac1f6b6435d0,1 2 0,0 1 2 3
6a6e9c7e-bbc5-11e8-b2bc-ac1f6b6435d0,2 21,21
6a6ec6d6-bbb1-11e8-b2ba-ac1f6b6435d0,25 0,0 25
6a70893e-bb99-11e8-b2b9-ac1f6b6435d0,3,3
6a70f84e-bbba-11e8-b2ba-ac1f6b6435d0,2,0 2
6a71fd3c-bb9e-11e8-b2b9-ac1f6b6435d0,18 0,0 5
6a742486-bbb7-11e8-b2ba-ac1f6b6435d0,0,0
6a746216-bbb2-11e8-b2ba-ac1f6b6435d0,7,7
6a7679c4-bbb3-11e8-b2ba-ac1f6b6435d0,25 2 0,0 2 21 25
6a76c5ee-bba6-11e8-b2ba-ac1f6b6435d0,7 0,0 7
6a78f846-bbbf-11e8-b2ba-ac1f6b6435d0,25 0,0 25
6a79b5aa-bbc5-11e8-b2bc-ac1f6b6435d0,19 0,0
6a7c5f6e-bb9b-11e8-b2b9-ac1f6b6435d0,7 4 21,4 7 25
6a7defb0-bbbd-11e8-b2ba-ac1f6b6435d0,5,5
6a7ea786-bbca-11e8-b2bc-ac1f6b6435d0,25 2,2 21
6a8072b0-bbba-11e8-b2ba-ac1f6b6435d0,7,7
6a82276e-bbc8-11e8-b2bc-ac1f6b6435d0,25 5 0 21,0 25
6a82da18-bbc5-11e8-b2bc-ac1f6b6435d0,1,1 25
6a83e252-bb9b-11e8-b2b9-ac1f6b6435d0,25,25
6a846be6-bbc3-11e8-b2bc-ac1f6b6435d0,25 13 21,13
6a846c0a-bba4-11e8-b2b9-ac1f6b6435d0,21,21
6a85a996-bbb1-11e8-b2ba-ac1f6b6435d0,23,23
6a87e840-bb99-11e8-b2b9-ac1f6b6435d0,2 21,2 25
6a8b6894-bbbc-11e8-b2ba-ac1f6b6435d0,5 0,0 5
6a906498-bbb7-11e8-b2ba-ac1f6b6435d0,23,23
6a90ba78-bbb3-11e8-b2ba-ac1f6b6435d0,5 0 21,0 5 21
6a924d6e-bbb5-11e8-b2ba-ac1f6b6435d0,6,6
6a959c74-bb99-11e8-b2b9-ac1f6b6435d0,23 4,4 25
6a97ece2-bbb0-11e8-b2ba-ac1f6b6435d0,6,6
6a98d8c6-bba8-11e8-b2ba-ac1f6b6435d0,0,0
6a9ba800-bbbf-11e8-b2ba-ac1f6b6435d0,25 6,21 25
6a9f4428-bbc0-11e8-b2bb-ac1f6b6435d0,25 5,0 7
6aa0983c-bba2-11e8-b2b9-ac1f6b6435d0,25,25
6aa1c13e-bbbc-11e8-b2ba-ac1f6b6435d0,7 0,0 2 7
6aa3e488-bbca-11e8-b2bc-ac1f6b6435d0,2 0,2
6aa4aac6-bb9d-11e8-b2b9-ac1f6b6435d0,3 0,0 3 7
6aa51b94-bb9f-11e8-b2b9-ac1f6b6435d0,25 1,1 25
6aa7bdba-bbca-11e8-b2bc-ac1f6b6435d0,25 7,7
6aa95ca0-bbb7-11e8-b2ba-ac1f6b6435d0,0,0
6aa9bdde-bba9-11e8-b2ba-ac1f6b6435d0,2,2
6aacae74-bbac-11e8-b2ba-ac1f6b6435d0,2,2
6aaf8f16-bbae-11e8-b2ba-ac1f6b6435d0,0,0
6ab0650e-bbad-11e8-b2ba-ac1f6b6435d0,19 0,0 4
6ab14786-bbb1-11e8-b2ba-ac1f6b6435d0,25,25
6ab3eb2c-bbb0-11e8-b2ba-ac1f6b6435d0,14 0,0 5 14 16
6ab7a5f2-bbbd-11e8-b2ba-ac1f6b6435d0,25 2 0,2 25
6ab8350c-bbc8-11e8-b2bc-ac1f6b6435d0,4,4
6ab88dc0-bbb6-11e8-b2ba-ac1f6b6435d0,14 0,14 21
6aba28f8-bba0-11e8-b2b9-ac1f6b6435d0,7,7
6ac128d4-bbc2-11e8-b2bb-ac1f6b6435d0,7,5 7
6ac35e1e-bbbe-11e8-b2ba-ac1f6b6435d0,13 11,13
6ac478b0-bbb6-11e8-b2ba-ac1f6b6435d0,23,23
6acd57d6-bbbc-11e8-b2ba-ac1f6b6435d0,1 2 0,0 1 2
6ad0c18e-bba6-11e8-b2ba-ac1f6b6435d0,23,23
6ad2b492-bba3-11e8-b2b9-ac1f6b6435d0,23,25
6ad3c29a-bbc3-11e8-b2bc-ac1f6b6435d0,5 0,0
6ad6d8f8-bbc4-11e8-b2bc-ac1f6b6435d0,25,0 26
6ad94e12-bbb5-11e8-b2ba-ac1f6b6435d0,0,0
6adabbe8-bbca-11e8-b2bc-ac1f6b6435d0,22 0,0 25
6adb7410-bba3-11e8-b2b9-ac1f6b6435d0,2 0,0 2
6adcc566-bbb9-11e8-b2ba-ac1f6b6435d0,25 0,0 25
6ade739c-bbba-11e8-b2ba-ac1f6b6435d0,23,23
6ae2ab62-bbc7-11e8-b2bc-ac1f6b6435d0,2,2
6ae8add6-bbaf-11e8-b2ba-ac1f6b6435d0,25 5,0 25
6aeb05c4-bba3-11e8-b2b9-ac1f6b6435d0,0 21,0 21
6aec8e5c-bbc2-11e8-b2bb-ac1f6b6435d0,5,0 5
6aed2dbc-bba9-11e8-b2ba-ac1f6b6435d0,3 21,3 21
6af05128-bbb2-11e8-b2ba-ac1f6b6435d0,25 1,0 1 25
6af1147e-bbb6-11e8-b2ba-ac1f6b6435d0,25 13 0,0 25
6af2af48-bba0-11e8-b2b9-ac1f6b6435d0,0,0
6afae462-bbb7-11e8-b2ba-ac1f6b6435d0,25 0,0 25
6afe63b2-bb99-11e8-b2b9-ac1f6b6435d0,11,11
6aff501e-bbbd-11e8-b2ba-ac1f6b6435d0,1 0,0 1
6affa944-bbc0-11e8-b2bb-ac1f6b6435d0,2 0,0 19
6b0327b0-bba0-11e8-b2b9-ac1f6b6435d0,25 0,0 21 25
6b083466-bbc9-11e8-b2bc-ac1f6b6435d0,8,8 20
6b09436c-bbbd-11e8-b2ba-ac1f6b6435d0,5 1 0,0 1
6b0c4ea8-bbc8-11e8-b2bc-ac1f6b6435d0,1,1 25
6b101456-bb9c-11e8-b2b9-ac1f6b6435d0,19,19
6b1127fe-bba3-11e8-b2b9-ac1f6b6435d0,19 0,19
6b1bcc42-bbbf-11e8-b2ba-ac1f6b6435d0,3 0,0 3
6b1bfe68-bbc6-11e8-b2bc-ac1f6b6435d0,23 0,23
6b1ef324-bbbd-11e8-b2ba-ac1f6b6435d0,25 7,7 25
6b20ec8c-bbaa-11e8-b2ba-ac1f6b6435d0,18,18
6b230b3e-bba5-11e8-b2ba-ac1f6b6435d0,14,14
6b23a7c6-bbb7-11e8-b2ba-ac1f6b6435d0,11 5,5 25
6b26e5ca-bb9f-11e8-b2b9-ac1f6b6435d0,19,19
6b307dc6-bba2-11e8-b2b9-ac1f6b6435d0,21,21
6b328266-bbbf-11e8-b2ba-ac1f6b6435d0,11,11
6b36a41a-bb9a-11e8-b2b9-ac1f6b6435d0,25 17,17 25
6b36c31a-bbb7-11e8-b2ba-ac1f6b6435d0,7 11 14,7 14 25
6b3a1d36-bbac-11e8-b2ba-ac1f6b6435d0,13 1 0,0 1 5
6b3b8d14-bbb7-11e8-b2ba-ac1f6b6435d0,4 3,0 3
6b3e2ab8-bb9b-11e8-b2b9-ac1f6b6435d0,25 0,0 25
6b3f2b7e-bbb0-11e8-b2ba-ac1f6b6435d0,3 0,0 3
6b421882-bba8-11e8-b2ba-ac1f6b6435d0,23,23
6b428a4e-bbab-11e8-b2ba-ac1f6b6435d0,7,7
6b44602c-bbbe-11e8-b2ba-ac1f6b6435d0,5,5
6b4734c6-bb9d-11e8-b2b9-ac1f6b6435d0,5,0
6b48855a-bbc6-11e8-b2bc-ac1f6b6435d0,25 0,0 25
6b491864-bbc4-11e8-b2bc-ac1f6b6435d0,23,23
6b5030f0-bbbe-11e8-b2ba-ac1f6b6435d0,23,0 23
6b52c664-bbb7-11e8-b2ba-ac1f6b6435d0,6,6
6b54dc7e-bbc1-11e8-b2bb-ac1f6b6435d0,9,9 10 18
6b57b858-bbb3-11e8-b2ba-ac1f6b6435d0,21,21
6b5974a4-bba4-11e8-b2b9-ac1f6b6435d0,23 1,1 23
6b59cc58-bbc5-11e8-b2bc-ac1f6b6435d0,24,24
6b6020a8-bbb1-11e8-b2ba-ac1f6b6435d0,5,5 21
6b60247a-bbbd-11e8-b2ba-ac1f6b6435d0,2,0 2 25
6b613afa-bbc1-11e8-b2bb-ac1f6b6435d0,6,0 25
6b625baa-bba9-11e8-b2ba-ac1f6b6435d0,21,21
6b633f5c-bb9a-11e8-b2b9-ac1f6b6435d0,11 0,0
6b63a5e2-bba8-11e8-b2ba-ac1f6b6435d0,14,14 25
6b63af18-bbbe-11e8-b2ba-ac1f6b6435d0,0,0
6b645478-bba4-11e8-b2b9-ac1f6b6435d0,25 0,25
6b66b92e-bbb4-11e8-b2ba-ac1f6b6435d0,6 21,6 21
6b68743c-bbc1-11e8-b2bb-ac1f6b6435d0,2 0,0 2
6b696a70-bbc8-11e8-b2bc-ac1f6b6435d0,0 21,0 21
6b721060-bbca-11e8-b2bc-ac1f6b6435d0,19,19
6b72b080-bbc8-11e8-b2bc-ac1f6b6435d0,11 0,0 11
6b79c438-bbaf-11e8-b2ba-ac1f6b6435d0,14,14
6b7c5728-bb9d-11e8-b2b9-ac1f6b6435d0,1 21,1 21
6b7f460c-bba4-11e8-b2b9-ac1f6b6435d0,25,25
6b7f5d74-bbb6-11e8-b2ba-ac1f6b6435d0,3 0,0 3
6b8167ae-bba2-11e8-b2b9-ac1f6b6435d0,4,4
6b83c0d2-bbb4-11e8-b2ba-ac1f6b6435d0,2 0,0 2
6b8725d2-bbc9-11e8-b2bc-ac1f6b6435d0,23 0,0 23
6b87d334-bbbe-11e8-b2ba-ac1f6b6435d0,23,0
6b89a09a-bbb6-11e8-b2ba-ac1f6b6435d0,23,23
6b8b8dba-bbb6-11e8-b2ba-ac1f6b6435d0,25,21 25
6b8c2370-bbbf-11e8-b2ba-ac1f6b6435d0,7 21,7 25
6b9037b4-bbbd-11e8-b2ba-ac1f6b6435d0,0 21,0 21
6b9086de-bb99-11e8-b2b9-ac1f6b6435d0,7,7
6b93081e-bbad-11e8-b2ba-ac1f6b6435d0,25 4,4 25
6b9336f6-bba6-11e8-b2ba-ac1f6b6435d0,24,18 24
6b93deee-bbba-11e8-b2ba-ac1f6b6435d0,23,23
6b97de44-bba2-11e8-b2b9-ac1f6b6435d0,25 0,0 2
6b99668c-bba3-11e8-b2b9-ac1f6b6435d0,7 0,0
6b9df9c0-bbc3-11e8-b2bc-ac1f6b6435d0,19,19
6ba3cdfe-bb9c-11e8-b2b9-ac1f6b6435d0,19 0,0 19
6ba48fa8-bbb2-11e8-b2ba-ac1f6b6435d0,23,23
6ba63ed0-bbbb-11e8-b2ba-ac1f6b6435d0,18 17,7 23
6ba8c686-bba8-11e8-b2ba-ac1f6b6435d0,25 4,25
6ba8edf8-bbb9-11e8-b2ba-ac1f6b6435d0,18,18
6ba99d7a-bbbe-11e8-b2ba-ac1f6b6435d0,3,3
6baa5636-bbb2-11e8-b2ba-ac1f6b6435d0,6,6
6bad495c-bbaf-11e8-b2ba-ac1f6b6435d0,25,25
6bae454a-bbb0-11e8-b2ba-ac1f6b6435d0,14 1,1 14
6bae68c6-bb9d-11e8-b2b9-ac1f6b6435d0,25 4,4 25
6baefc72-bba3-11e8-b2b9-ac1f6b6435d0,6,6
6bafac4c-bba0-11e8-b2b9-ac1f6b6435d0,11 0,0
6bb25ae2-bbc2-11e8-b2bb-ac1f6b6435d0,12 0 21,0 21
6bb542e4-bb9e-11e8-b2b9-ac1f6b6435d0,14 2,2 14
6bc5b98e-bba9-11e8-b2ba-ac1f6b6435d0,1,5
6bc8a230-bbb2-11e8-b2ba-ac1f6b6435d0,7 0,0 25
6bca492c-bbb8-11e8-b2ba-ac1f6b6435d0,5 0,0 5
6bccad28-bba6-11e8-b2ba-ac1f6b6435d0,25 17,25
6bcd2476-bbb3-11e8-b2ba-ac1f6b6435d0,22 4,22
6bcdece4-bbae-11e8-b2ba-ac1f6b6435d0,2 0,0 2
6bd68eee-bbb8-11e8-b2ba-ac1f6b6435d0,24 22 0,0 22
6bdab728-bbc5-11e8-b2bc-ac1f6b6435d0,25 5,5
6bdbf468-bbab-11e8-b2ba-ac1f6b6435d0,1 0,0 1
6bdcce6c-bba4-11e8-b2b9-ac1f6b6435d0,23,23
6bde2b26-bbaa-11e8-b2ba-ac1f6b6435d0,25 13 21,13
6bdeaca8-bba6-11e8-b2ba-ac1f6b6435d0,2 0,0 2
6be46bcc-bbc7-11e8-b2bc-ac1f6b6435d0,23 2 0,0 7 23
6be523d4-bbac-11e8-b2ba-ac1f6b6435d0,0,0
6be6a716-bb9f-11e8-b2b9-ac1f6b6435d0,25 0,0
6be99614-bbb9-11e8-b2ba-ac1f6b6435d0,0,0
6bebd0e6-bba5-11e8-b2ba-ac1f6b6435d0,0 21,0
6beda106-bbbd-11e8-b2ba-ac1f6b6435d0,5,5
6befeae0-bbc4-11e8-b2bc-ac1f6b6435d0,25 0,11 25
6bf28a52-bb9c-11e8-b2b9-ac1f6b6435d0,7,7 25
6bf32520-bbb5-11e8-b2ba-ac1f6b6435d0,4 0,0 5
6bf43f04-bb9d-11e8-b2b9-ac1f6b6435d0,22 3 0,0 3 22
6bf50a4c-bbac-11e8-b2ba-ac1f6b6435d0,0,1
6bf72ee2-bbb8-11e8-b2ba-ac1f6b6435d0,25 3 0,0 3
6bfaf76e-bbc4-11e8-b2bc-ac1f6b6435d0,2 0,0
6bfd5bc2-bbaf-11e8-b2ba-ac1f6b6435d0,19,19
6bfea5f8-bbbf-11e8-b2ba-ac1f6b6435d0,0,0
6bff1642-bb9b-11e8-b2b9-ac1f6b6435d0,0,0
6c0409d8-bbb2-11e8-b2ba-ac1f6b6435d0,2,2
6c04db6c-bbc9-11e8-b2bc-ac1f6b6435d0,4,5
6c086d42-bba4-11e8-b2b9-ac1f6b6435d0,5 0,5
6c0892f0-bba3-11e8-b2b9-ac1f6b6435d0,25 0,0 25
6c0a6896-bbb7-11e8-b2ba-ac1f6b6435d0,25 6,25
6c112782-bbc9-11e8-b2bc-ac1f6b6435d0,5,5
6c13787a-bbbf-11e8-b2ba-ac1f6b6435d0,23 0,0 25
6c176b4e-bbc2-11e8-b2bb-ac1f6b6435d0,23,23
6c1b761c-bba9-11e8-b2ba-ac1f6b6435d0,25 7 0,0 7 25
6c2156de-bb9c-11e8-b2b9-ac1f6b6435d0,19,25
6c21c47e-bbb6-11e8-b2ba-ac1f6b6435d0,16 15 2,2 14 15 16
6c23067a-bbbd-11e8-b2ba-ac1f6b6435d0,11 0,0 7
6c2350b6-bb9b-11e8-b2b9-ac1f6b6435d0,3,3
6c26edc4-bb9c-11e8-b2b9-ac1f6b6435d0,24 5,5 18 24
6c28ada4-bba0-11e8-b2b9-ac1f6b6435d0,25 6 2,2 14 25
6c2ba464-bbbe-11e8-b2ba-ac1f6b6435d0,1,1 6
6c2c33f4-bb99-11e8-b2b9-ac1f6b6435d0,18,18
6c2c6d6e-bb9f-11e8-b2b9-ac1f6b6435d0,11,25
6c304d8a-bba4-11e8-b2b9-ac1f6b6435d0,13,13
6c3356da-bbc5-11e8-b2bc-ac1f6b6435d0,4,4
6c352a32-bbca-11e8-b2bc-ac1f6b6435d0,2,25
6c390e42-bbb9-11e8-b2ba-ac1f6b6435d0,25,25
6c39919e-bbb1-11e8-b2ba-ac1f6b6435d0,22,21 22
6c3b163a-bb99-11e8-b2b9-ac1f6b6435d0,25 0,0 25
6c3bce14-bb9d-11e8-b2b9-ac1f6b6435d0,4,4
6c3e1762-bbae-11e8-b2ba-ac1f6b6435d0,5,5
6c4300a4-bb9c-11e8-b2b9-ac1f6b6435d0,23,7
6c45fa8a-bbb9-11e8-b2ba-ac1f6b6435d0,0,0
6c488464-bbc6-11e8-b2bc-ac1f6b6435d0,11,11 25
6c4cdece-bbb2-11e8-b2ba-ac1f6b6435d0,2,0 5 25
6c4e5802-bba4-11e8-b2b9-ac1f6b6435d0,7,7
6c4eebbc-bbbf-11e8-b2ba-ac1f6b6435d0,5,5
6c502d98-bba5-11e8-b2ba-ac1f6b6435d0,25 6,6
6c52dfa2-bbbe-11e8-b2ba-ac1f6b6435d0,5,5
6c55d152-bbb5-11e8-b2ba-ac1f6b6435d0,25 18,18 25
6c55d82a-bbae-11e8-b2ba-ac1f6b6435d0,25 21,6 25
6c56a77e-bbb7-11e8-b2ba-ac1f6b6435d0,1,0 1
6c56d11a-bb9c-11e8-b2b9-ac1f6b6435d0,5,5
6c595202-bbb8-11e8-b2ba-ac1f6b6435d0,25,25
6c59d6f2-bbc0-11e8-b2bb-ac1f6b6435d0,14,14 21
6c5aa58c-bbc5-11e8-b2bc-ac1f6b6435d0,3,3
6c5d7f4e-bba4-11e8-b2b9-ac1f6b6435d0,24 16 0,0 24
6c62a668-bbc7-11e8-b2bc-ac1f6b6435d0,25 1 2,21 25
6c643f18-bbbe-11e8-b2ba-ac1f6b6435d0,23 3,3 23
6c65b312-bbc7-11e8-b2bc-ac1f6b6435d0,1 0,0 1
6c65d586-bbb3-11e8-b2ba-ac1f6b6435d0,25,23 25
6c6ac5ea-bba0-11e8-b2b9-ac1f6b6435d0,21,21
6c6acaf0-bbb3-11e8-b2ba-ac1f6b6435d0,21,13
6c6cbc2a-bb9a-11e8-b2b9-ac1f6b6435d0,23,23
6c71ec4a-bbc7-11e8-b2bc-ac1f6b6435d0,23,23
6c73c0bc-bbbb-11e8-b2ba-ac1f6b6435d0,1 4,1 4
6c73cbce-bbc6-11e8-b2bc-ac1f6b6435d0,11,11
6c74311e-bba2-11e8-b2b9-ac1f6b6435d0,2,3
6c74b570-bbb7-11e8-b2ba-ac1f6b6435d0,2 0,0 2
6c76e464-bb9c-11e8-b2b9-ac1f6b6435d0,6 7,6 7
6c7c45a0-bbae-11e8-b2ba-ac1f6b6435d0,18,18
6c7fd404-bba9-11e8-b2ba-ac1f6b6435d0,14 3 0,0 3
6c82d12c-bbb3-11e8-b2ba-ac1f6b6435d0,4,4
6c83d890-bbb0-11e8-b2ba-ac1f6b6435d0,23,23
6c88a0e8-bbc2-11e8-b2bb-ac1f6b6435d0,25 23 0,0 25
6c898844-bbc9-11e8-b2bc-ac1f6b6435d0,12 25,12 25
6c8d4110-bbc3-11e8-b2bc-ac1f6b6435d0,7,7
6c91451c-bbc3-11e8-b2bc-ac1f6b6435d0,2,2
6c924352-bb9d-11e8-b2b9-ac1f6b6435d0,6,6
6c92c4e2-bb9a-11e8-b2b9-ac1f6b6435d0,7,7
6c996c78-bbb0-11e8-b2ba-ac1f6b6435d0,12 0,12
6c9a96fc-bbc4-11e8-b2bc-ac1f6b6435d0,13 21,13 21
6c9b6f66-bb9a-11e8-b2b9-ac1f6b6435d0,0 21,21
6c9c3b92-bba1-11e8-b2b9-ac1f6b6435d0,14 5,14
6c9d2b10-bba6-11e8-b2ba-ac1f6b6435d0,5,5
6c9eb5ac-bba1-11e8-b2b9-ac1f6b6435d0,21,21
6ca1a47c-bba3-11e8-b2b9-ac1f6b6435d0,13 3,3
6ca2b8de-bbc7-11e8-b2bc-ac1f6b6435d0,6,23
6ca36836-bba1-11e8-b2b9-ac1f6b6435d0,0,0
6ca61842-bbab-11e8-b2ba-ac1f6b6435d0,25 0,25
6ca6308a-bb9b-11e8-b2b9-ac1f6b6435d0,25 0,0 25
6ca7e336-bbae-11e8-b2ba-ac1f6b6435d0,22 2 0,0 22 25
6cb08190-bba3-11e8-b2b9-ac1f6b6435d0,22 0,22
6cb4036c-bba6-11e8-b2ba-ac1f6b6435d0,25 2 0,0 3 25
6cb4ad2e-bbb7-11e8-b2ba-ac1f6b6435d0,7 0,0 7
6cb530c2-bba4-11e8-b2b9-ac1f6b6435d0,21,21
6cb6ad72-bbad-11e8-b2ba-ac1f6b6435d0,25 0,0 21
6cb70684-bbba-11e8-b2ba-ac1f6b6435d0,25 0,0 25
6cb72de2-bbb7-11e8-b2ba-ac1f6b6435d0,7,23
6cb84678-bba8-11e8-b2ba-ac1f6b6435d0,13 21,13
6cb8734a-bbc7-11e8-b2bc-ac1f6b6435d0,0,0 17
6cb87c06-bbb2-11e8-b2ba-ac1f6b6435d0,22,25
6cbb9bc6-bba7-11e8-b2ba-ac1f6b6435d0,25 0 21,0 21
6cbc973a-bbb9-11e8-b2ba-ac1f6b6435d0,21,21
6cbfab60-bb9f-11e8-b2b9-ac1f6b6435d0,25 0,0
6cc1d1ba-bba9-11e8-b2ba-ac1f6b6435d0,23 0,0 18
6ccb753c-bbc5-11e8-b2bc-ac1f6b6435d0,7,13
6cce925e-bba1-11e8-b2b9-ac1f6b6435d0,22 21,21 22
6cd48a88-bbc9-11e8-b2bc-ac1f6b6435d0,25 6 0,6 25
6cd9ccba-bba5-11e8-b2ba-ac1f6b6435d0,7,7
6cda473a-bbb9-11e8-b2ba-ac1f6b6435d0,21,21
6cdb9b06-bbc0-11e8-b2bb-ac1f6b6435d0,5,0 21
6cdbcaec-bbbe-11e8-b2ba-ac1f6b6435d0,14,14
6cdc78c2-bb99-11e8-b2b9-ac1f6b6435d0,13 0 21,0 13
6cdcfab8-bb9e-11e8-b2b9-ac1f6b6435d0,25 6 0 21,21 25
6cddec10-bb9a-11e8-b2b9-ac1f6b6435d0,23 5 0,5 23
6cdea5f2-bbc6-11e8-b2bc-ac1f6b6435d0,11,11
6cdf1bda-bbbd-11e8-b2ba-ac1f6b6435d0,25 5,25
6ce8ba20-bba2-11e8-b2b9-ac1f6b6435d0,25 5,5
6ce97bbe-bbb5-11e8-b2ba-ac1f6b6435d0,23,0 23
6ce9b734-bba9-11e8-b2ba-ac1f6b6435d0,21,0 21
6ceb08fc-bbc5-11e8-b2bc-ac1f6b6435d0,11,11
6cec2d02-bbb8-11e8-b2ba-ac1f6b6435d0,25,7 25
6cec39fc-bbbb-11e8-b2ba-ac1f6b6435d0,25 2,3 25
6cecef92-bbc9-11e8-b2bc-ac1f6b6435d0,5,5
6cee4172-bbaa-11e8-b2ba-ac1f6b6435d0,0 21,0
6cf13f1e-bba8-11e8-b2ba-ac1f6b6435d0,3 0,0 3
6cf25a72-bb9c-11e8-b2b9-ac1f6b6435d0,0,0
6cf3273c-bbaa-11e8-b2ba-ac1f6b6435d0,23,23
6cf4c562-bba8-11e8-b2ba-ac1f6b6435d0,22 7,7 22
6cf6351c-bba5-11e8-b2ba-ac1f6b6435d0,23,23
6cf7d4d4-bbb5-11e8-b2ba-ac1f6b6435d0,25 3,3 25
6cfa21ea-bbc3-11e8-b2bc-ac1f6b6435d0,25 7 4,0 2 7 25
6cfc1dc2-bbac-11e8-b2ba-ac1f6b6435d0,25,25
6cfd0e9a-bbbf-11e8-b2ba-ac1f6b6435d0,1 0,0 1
6d011daa-bbba-11e8-b2ba-ac1f6b6435d0,0 21,0 21
6d04228c-bba8-11e8-b2ba-ac1f6b6435d0,3,3
6d047720-bbb0-11e8-b2ba-ac1f6b6435d0,25,0
6d06f228-bba8-11e8-b2ba-ac1f6b6435d0,5,5
6d09a71a-bba9-11e8-b2ba-ac1f6b6435d0,23 0,0 25
6d0b86c4-bbb4-11e8-b2ba-ac1f6b6435d0,25 18 0,0 25
6d0c17de-bbc2-11e8-b2bb-ac1f6b6435d0,25 4,4 25
6d0e4d32-bbb9-11e8-b2ba-ac1f6b6435d0,14,14
6d1c3d7a-bbc8-11e8-b2bc-ac1f6b6435d0,22 2,0 2 22
6d28f2be-bbc7-11e8-b2bc-ac1f6b6435d0,5 0,4
6d295200-bbad-11e8-b2ba-ac1f6b6435d0,21,12
6d29fb2a-bbca-11e8-b2bc-ac1f6b6435d0,21,21
6d2a9c4c-bbac-11e8-b2ba-ac1f6b6435d0,1 2,1 2
6d2af80c-bbc2-11e8-b2bb-ac1f6b6435d0,0 21,0 21
6d2b3894-bbc7-11e8-b2bc-ac1f6b6435d0,18 23 0 21,0 18
6d2d0024-bbc8-11e8-b2bc-ac1f6b6435d0,12 18 4 3,0 12
6d30e6f0-bbbc-11e8-b2ba-ac1f6b6435d0,19 25,19
6d315ad8-bbc4-11e8-b2bc-ac1f6b6435d0,7,7 25
6d3239c2-bba5-11e8-b2ba-ac1f6b6435d0,25,25
6d3347f4-bbc3-11e8-b2bc-ac1f6b6435d0,7 5 0,0 5 7
6d343864-bbbc-11e8-b2ba-ac1f6b6435d0,25 0 21,0 21
6d354038-bbb2-11e8-b2ba-ac1f6b6435d0,23,6
6d385524-bbbd-11e8-b2ba-ac1f6b6435d0,23 2 0,0 2 23
6d389fda-bbb2-11e8-b2ba-ac1f6b6435d0,25 2 0,0 2
6d38ea60-bba0-11e8-b2b9-ac1f6b6435d0,22,0
6d3989da-bbae-11e8-b2ba-ac1f6b6435d0,2,2
6d3a7a02-bb9f-11e8-b2b9-ac1f6b6435d0,5 0,0 5
6d3fef3c-bba9-11e8-b2ba-ac1f6b6435d0,25 4,4 21
6d402442-bba5-11e8-b2ba-ac1f6b6435d0,2,0 2
6d41e98e-bba6-11e8-b2ba-ac1f6b6435d0,2 0,0 25
6d43e5b0-bbc2-11e8-b2bb-ac1f6b6435d0,23,23
6d478e7c-bbc2-11e8-b2bb-ac1f6b6435d0,14 0,0 14
6d48183e-bbbc-11e8-b2ba-ac1f6b6435d0,5 0 21,19 21
6d48ab60-bbbb-11e8-b2ba-ac1f6b6435d0,23 0,4 23
6d49f182-bbb1-11e8-b2ba-ac1f6b6435d0,19,19
6d4ac06c-bbb6-11e8-b2ba-ac1f6b6435d0,13,13
6d4ac9fa-bba1-11e8-b2b9-ac1f6b6435d0,6,25
6d4b46da-bbad-11e8-b2ba-ac1f6b6435d0,5,5
6d4c09e0-bbbb-11e8-b2ba-ac1f6b6435d0,14,14
6d4e53f4-bbbf-11e8-b2ba-ac1f6b6435d0,25 17 0,0 25
6d4f406e-bb9e-11e8-b2b9-ac1f6b6435d0,25 0,0 25
6d4f8b42-bb9d-11e8-b2b9-ac1f6b6435d0,5,5
6d511c00-bbca-11e8-b2bc-ac1f6b6435d0,25 7,7 25
6d517d24-bbc2-11e8-b2bb-ac1f6b6435d0,7,7
6d56c480-bb9c-11e8-b2b9-ac1f6b6435d0,5,0 5
6d56fd16-bbc8-11e8-b2bc-ac1f6b6435d0,19 0,0 19 24
6d57e2f6-bbc0-11e8-b2bb-ac1f6b6435d0,23,23
6d5b3a36-bbb2-11e8-b2ba-ac1f6b6435d0,23 0,0 23
6d5d1794-bbc0-11e8-b2bb-ac1f6b6435d0,5,5
6d5f9aec-bbc9-11e8-b2bc-ac1f6b6435d0,25 2,2
6d608d1c-bbb5-11e8-b2ba-ac1f6b6435d0,25 7 0,0 25
6d61e950-bbc4-11e8-b2bc-ac1f6b6435d0,25 21,25
6d629eda-bbc5-11e8-b2bc-ac1f6b6435d0,0,5
6d671696-bbc9-11e8-b2bc-ac1f6b6435d0,0,0
6d679ddc-bbc9-11e8-b2bc-ac1f6b6435d0,25 18 0,0 18
6d68d454-bbc9-11e8-b2bc-ac1f6b6435d0,3,2
6d69a028-bbc4-11e8-b2bc-ac1f6b6435d0,21,21
6d6a90c8-bbb5-11e8-b2ba-ac1f6b6435d0,0 21,0 25
6d713060-bbb3-11e8-b2ba-ac1f6b6435d0,19 0,19
6d714620-bbb5-11e8-b2ba-ac1f6b6435d0,16 2 0,0 2 16
6d71c880-bba5-11e8-b2ba-ac1f6b6435d0,21,21
6d7aa96c-bbc0-11e8-b2bb-ac1f6b6435d0,7 0,0 7
6d7acd3a-bba6-11e8-b2ba-ac1f6b6435d0,14 2,2 14
6d7b705c-bbc2-11e8-b2bb-ac1f6b6435d0,18,25
6d7cfbb0-bbc8-11e8-b2bc-ac1f6b6435d0,25 0,0 25
6d7e2926-bbbf-11e8-b2ba-ac1f6b6435d0,0 21,0 25
6d7ec3a6-bba9-11e8-b2ba-ac1f6b6435d0,12 22 21,12 13
6d83aaea-bbb5-11e8-b2ba-ac1f6b6435d0,25 0,0 11
6d83f5d8-bb9a-11e8-b2b9-ac1f6b6435d0,6,6
6d856b08-bb99-11e8-b2b9-ac1f6b6435d0,4,4
6d85d690-bbc8-11e8-b2bc-ac1f6b6435d0,25 14 21,14 21
6d896bc2-bba8-11e8-b2ba-ac1f6b6435d0,25 7 0,7 14
6d8993be-bbb1-11e8-b2ba-ac1f6b6435d0,0,0
6d8dbce2-bbba-11e8-b2ba-ac1f6b6435d0,25 2,2 25
6d8e07a6-bbba-11e8-b2ba-ac1f6b6435d0,21,21
6d8fcb1a-bbb8-11e8-b2ba-ac1f6b6435d0,25 16 0,0 25
6d90892a-bbb2-11e8-b2ba-ac1f6b6435d0,7 3,3 7
6d934dc0-bba5-11e8-b2ba-ac1f6b6435d0,18 5,5 25
6d97bd56-bbaf-11e8-b2ba-ac1f6b6435d0,25,25
6d98796e-bbb2-11e8-b2ba-ac1f6b6435d0,23 0,21
6d9c71f4-bbb7-11e8-b2ba-ac1f6b6435d0,25 0,0 25
6d9dfd88-bba5-11e8-b2ba-ac1f6b6435d0,4,4
6da6fe36-bba2-11e8-b2b9-ac1f6b6435d0,0 21,0 25
6da88706-bba2-11e8-b2b9-ac1f6b6435d0,25,23
6daa41d2-bbb5-11e8-b2ba-ac1f6b6435d0,16 18 17 0,0
6dac847c-bbbc-11e8-b2ba-ac1f6b6435d0,26 0,0 26
6dae95f4-bbbd-11e8-b2ba-ac1f6b6435d0,19 0,0 2
6daeaa54-bb9e-11e8-b2b9-ac1f6b6435d0,25 0,0 25
6dafcba0-bbbc-11e8-b2ba-ac1f6b6435d0,19,19
6db0bd56-bbaa-11e8-b2ba-ac1f6b6435d0,7 0,0
6db0c9aa-bbc7-11e8-b2bc-ac1f6b6435d0,19 25 0,0
6db2b60a-bbab-11e8-b2ba-ac1f6b6435d0,7,0 7
6db42d02-bba9-11e8-b2ba-ac1f6b6435d0,25 2,2
6db8176a-bba3-11e8-b2b9-ac1f6b6435d0,4,4 25
6db9048a-bbb8-11e8-b2ba-ac1f6b6435d0,24,24
6db93a68-bbc7-11e8-b2bc-ac1f6b6435d0,5,18 25
6dba56bc-bbba-11e8-b2ba-ac1f6b6435d0,25 6,0 23
6dbac4aa-bbc2-11e8-b2bb-ac1f6b6435d0,19,18
6dbcd3d2-bbb6-11e8-b2ba-ac1f6b6435d0,25 14,14
6dbd2f2e-bbc7-11e8-b2bc-ac1f6b6435d0,25 7,7
6dbed726-bbb2-11e8-b2ba-ac1f6b6435d0,4 0,4
6dbf6d72-bbbb-11e8-b2ba-ac1f6b6435d0,25 0,0 25
6dc53c8c-bbae-11e8-b2ba-ac1f6b6435d0,0,0 2
6dc729a4-bba7-11e8-b2ba-ac1f6b6435d0,25,21 25
6dc767e2-bbc6-11e8-b2bc-ac1f6b6435d0,25 4 21,4 21
6dc83e0a-bbc7-11e8-b2bc-ac1f6b6435d0,25 11,1 25
6dc893d4-bbac-11e8-b2ba-ac1f6b6435d0,22 0,0 22
6dc99ef0-bbbb-11e8-b2ba-ac1f6b6435d0,25,25
6dcbee1a-bb9f-11e8-b2b9-ac1f6b6435d0,20 23 0,0 23
6dcc289a-bb9e-11e8-b2b9-ac1f6b6435d0,6 3,3 25
6dcc3b9c-bbb6-11e8-b2ba-ac1f6b6435d0,0 21,0 25
6dccdc9c-bba6-11e8-b2ba-ac1f6b6435d0,23 3,23
6dcd394a-bbaa-11e8-b2ba-ac1f6b6435d0,6,6
6dcd6772-bbbd-11e8-b2ba-ac1f6b6435d0,25 5,25
6dce76ea-bbad-11e8-b2ba-ac1f6b6435d0,22 0,0 22
6dd15918-bbae-11e8-b2ba-ac1f6b6435d0,18,18
6dd26056-bba4-11e8-b2b9-ac1f6b6435d0,14 5,5 14
6dd641ae-bbbc-11e8-b2ba-ac1f6b6435d0,24,24
6dd64688-bbbf-11e8-b2ba-ac1f6b6435d0,4 0,2 4
6dd649da-bbbf-11e8-b2bb-ac1f6b6435d0,6,2
6dd90882-bba6-11e8-b2ba-ac1f6b6435d0,25 1 0,0 1 25
6dda376c-bbb4-11e8-b2ba-ac1f6b6435d0,4,4
6ddc2acc-bbaa-11e8-b2ba-ac1f6b6435d0,25 0,0 25
6ddd25c4-bbac-11e8-b2ba-ac1f6b6435d0,25 6 21,21 25
6ddefa1a-bbb7-11e8-b2ba-ac1f6b6435d0,11 2 0,0 2 11
6de0086c-bbc4-11e8-b2bc-ac1f6b6435d0,5 0,0 5
6de3afe2-bbc1-11e8-b2bb-ac1f6b6435d0,0,0
6de5a7a8-bba2-11e8-b2b9-ac1f6b6435d0,25 11 0,0 25
6de6a8e8-bbc9-11e8-b2bc-ac1f6b6435d0,23 0,0 23
6dec3112-bba3-11e8-b2b9-ac1f6b6435d0,19 0,0 3 19
6ded6746-bbc9-11e8-b2bc-ac1f6b6435d0,13 0,0 12 13
6deffb9a-bb9d-11e8-b2b9-ac1f6b6435d0,16 0,0 25
6df0e69e-bbc1-11e8-b2bb-ac1f6b6435d0,0 21,0 21
6df2c3d4-bb9d-11e8-b2b9-ac1f6b6435d0,25 0,6 25
6df37e00-bbbb-11e8-b2ba-ac1f6b6435d0,25 0,0 25
6df4016a-bbaf-11e8-b2ba-ac1f6b6435d0,23,23
6df70068-bbc3-11e8-b2bc-ac1f6b6435d0,2 0,0 2
6df80a5a-bbc6-11e8-b2bc-ac1f6b6435d0,23,0 23
6dfad420-bba2-11e8-b2b9-ac1f6b6435d0,7,7
6dfd2d32-bbc1-11e8-b2bb-ac1f6b6435d0,25 0,0 25
6dffe4b0-bbca-11e8-b2bc-ac1f6b6435d0,0,0 25
6e041f16-bbc6-11e8-b2bc-ac1f6b6435d0,2 0,0 2
6e0a6e64-bb9b-11e8-b2b9-ac1f6b6435d0,12 25,7
6e0b2662-bbad-11e8-b2ba-ac1f6b6435d0,3,0 3
6e0b7100-bbb0-11e8-b2ba-ac1f6b6435d0,25 0,0 25
6e0c3384-bbaa-11e8-b2ba-ac1f6b6435d0,0,0
6e0e22ce-bbb0-11e8-b2ba-ac1f6b6435d0,5 0,5
6e0f0e5a-bbb0-11e8-b2ba-ac1f6b6435d0,25 0,0 25
6e13af70-bbb8-11e8-b2ba-ac1f6b6435d0,25 0,0 25
6e143038-bb9c-11e8-b2b9-ac1f6b6435d0,25 21,5 25
6e143900-bba3-11e8-b2b9-ac1f6b6435d0,3,3
6e15254a-bb9e-11e8-b2b9-ac1f6b6435d0,2,4
6e1c6420-bbc3-11e8-b2bc-ac1f6b6435d0,11,11
6e1d0c54-bbc3-11e8-b2bc-ac1f6b6435d0,6,6 23
6e20260c-bbad-11e8-b2ba-ac1f6b6435d0,23,23
6e26a196-bbc9-11e8-b2bc-ac1f6b6435d0,4,4
6e28c018-bbb8-11e8-b2ba-ac1f6b6435d0,25 0,0 25
6e2a6202-bb9e-11e8-b2b9-ac1f6b6435d0,5,5
6e2cdf9c-bbbb-11e8-b2ba-ac1f6b6435d0,19 0,0 19
6e2d8712-bba7-11e8-b2ba-ac1f6b6435d0,23 0,0 23
6e2dec52-bb9d-11e8-b2b9-ac1f6b6435d0,21,21
6e2f4fe4-bba1-11e8-b2b9-ac1f6b6435d0,6 7,6 7
6e2f82d6-bba9-11e8-b2ba-ac1f6b6435d0,25 21,21
6e314234-bbad-11e8-b2ba-ac1f6b6435d0,25,25
6e32f0ec-bba4-11e8-b2b9-ac1f6b6435d0,2,2
6e339fce-bb9a-11e8-b2b9-ac1f6b6435d0,4,0 2
6e3519a6-bbab-11e8-b2ba-ac1f6b6435d0,25 2 0,3 25
6e353124-bba2-11e8-b2b9-ac1f6b6435d0,23,23
6e372eb6-bb9d-11e8-b2b9-ac1f6b6435d0,11 0,0 11
6e3b3c00-bbc4-11e8-b2bc-ac1f6b6435d0,1 0,0 1
6e3dbcf8-bba3-11e8-b2b9-ac1f6b6435d0,14,14
6e3ece90-bbad-11e8-b2ba-ac1f6b6435d0,21,21
6e406350-bbca-11e8-b2bc-ac1f6b6435d0,25 0,0 25
6e409c50-bba5-11e8-b2ba-ac1f6b6435d0,5,19
6e40bf8a-bba7-11e8-b2ba-ac1f6b6435d0,23 0,0 23
6e40c1ea-bbc2-11e8-b2bb-ac1f6b6435d0,22,22
6e40c42e-bba4-11e8-b2b9-ac1f6b6435d0,4 0,4
6e4123c8-bbaf-11e8-b2ba-ac1f6b6435d0,23,23
6e415a96-bbc8-11e8-b2bc-ac1f6b6435d0,4,0
6e435a30-bbaa-11e8-b2ba-ac1f6b6435d0,25 0,0 25
6e446cb4-bb9a-11e8-b2b9-ac1f6b6435d0,16,5
6e44c0a4-bba6-11e8-b2ba-ac1f6b6435d0,4,4
6e45154a-bbb0-11e8-b2ba-ac1f6b6435d0,25 2,2 21 25
6e51c9a2-bbbf-11e8-b2bb-ac1f6b6435d0,25 0,0 21 25
6e549af6-bbba-11e8-b2ba-ac1f6b6435d0,7,7
6e5674a0-bbbc-11e8-b2ba-ac1f6b6435d0,24,24
6e5b0638-bba2-11e8-b2b9-ac1f6b6435d0,0,0
6e5b06cc-bb9f-11e8-b2b9-ac1f6b6435d0,6,23
6e5c64d2-bb9e-11e8-b2b9-ac1f6b6435d0,2 0,0 2
6e5ec808-bbad-11e8-b2ba-ac1f6b6435d0,23 0,0 23
6e60b9ca-bbca-11e8-b2bc-ac1f6b6435d0,23,23
6e64bdc2-bba2-11e8-b2b9-ac1f6b6435d0,1,1 25
6e6b1fcc-bbb7-11e8-b2ba-ac1f6b6435d0,23 0,0
6e6c72b8-bba9-11e8-b2ba-ac1f6b6435d0,3 0,0 3
6e70061c-bbae-11e8-b2ba-ac1f6b6435d0,21,21
6e7214b6-bbbd-11e8-b2ba-ac1f6b6435d0,12,25
6e744e5e-bbc0-11e8-b2bb-ac1f6b6435d0,7 5,0 5 7
6e75d074-bbb8-11e8-b2ba-ac1f6b6435d0,4 0,0
6e77a964-bbca-11e8-b2bc-ac1f6b6435d0,25 3 0,0 21 25
6e7845a6-bbb4-11e8-b2ba-ac1f6b6435d0,0,0
6e80b25c-bb9d-11e8-b2b9-ac1f6b6435d0,23,23
6e85b78e-bb9d-11e8-b2b9-ac1f6b6435d0,21,21
6e86aace-bbbe-11e8-b2ba-ac1f6b6435d0,25 23,23
6e86ecda-bbca-11e8-b2bc-ac1f6b6435d0,16 6,0
6e881b4c-bbb5-11e8-b2ba-ac1f6b6435d0,18,18
6e88c400-bb9e-11e8-b2b9-ac1f6b6435d0,14,14
6e88f2dc-bbc5-11e8-b2bc-ac1f6b6435d0,25 7 0,0 7 25
6e8df6ee-bbc8-11e8-b2bc-ac1f6b6435d0,25 6 0 21,0 21 25
6e900b3a-bba7-11e8-b2ba-ac1f6b6435d0,21,0 21 25
6e94ac88-bba4-11e8-b2b9-ac1f6b6435d0,6 1,1
6e95ccfa-bbac-11e8-b2ba-ac1f6b6435d0,21,21
6e967d90-bbba-11e8-b2ba-ac1f6b6435d0,11,4 25
6e979c3e-bbba-11e8-b2ba-ac1f6b6435d0,4,0 4
6e98ff32-bbc1-11e8-b2bb-ac1f6b6435d0,19 14 0,0 14
6e9b4b8c-bbaf-11e8-b2ba-ac1f6b6435d0,1 0,0 1 2
6e9c511e-bbc1-11e8-b2bb-ac1f6b6435d0,3 0,0 3
6ea032ee-bbc5-11e8-b2bc-ac1f6b6435d0,16 14 17,14 16 17 18 25
6ea109fa-bbbe-11e8-b2ba-ac1f6b6435d0,23,23
6ea121f4-bbb1-11e8-b2ba-ac1f6b6435d0,0,0
6ea13c7a-bbac-11e8-b2ba-ac1f6b6435d0,11 3,2 11
6ea52230-bbb7-11e8-b2ba-ac1f6b6435d0,24 25,24
6ead2056-bb9f-11e8-b2b9-ac1f6b6435d0,25 7 0,0 7 25
6eb1777a-bbca-11e8-b2bc-ac1f6b6435d0,11,11
6eb2f2f8-bbb6-11e8-b2ba-ac1f6b6435d0,25 13 0,0 13 25
6eb39b42-bbb9-11e8-b2ba-ac1f6b6435d0,24,24
6eb6107a-bba5-11e8-b2ba-ac1f6b6435d0,7 0,0 7
6eb6dde0-bba8-11e8-b2ba-ac1f6b6435d0,25,25
6eb6e946-bba0-11e8-b2b9-ac1f6b6435d0,3,3
6eb80340-bbb8-11e8-b2ba-ac1f6b6435d0,4,4
6ec2c6d8-bbac-11e8-b2ba-ac1f6b6435d0,25,25
6ec53838-bbb0-11e8-b2ba-ac1f6b6435d0,5,5
6ec5baa2-bbc3-11e8-b2bc-ac1f6b6435d0,25 5,0 5 25
6ecc1484-bbbd-11e8-b2ba-ac1f6b6435d0,3 0,0 25
6ecc981a-bbb2-11e8-b2ba-ac1f6b6435d0,5,0
6eccc574-bbc1-11e8-b2bb-ac1f6b6435d0,5,5
6ed03f1a-bbbc-11e8-b2ba-ac1f6b6435d0,22 25 18 0,0 13 22 25
6ed0c64e-bbbf-11e8-b2bb-ac1f6b6435d0,22 0 21,0 22
6ed1f8d2-bbc6-11e8-b2bc-ac1f6b6435d0,25 11 2 0,0 25
6ed673d8-bb9b-11e8-b2b9-ac1f6b6435d0,25 18,18
6edadf7a-bb9d-11e8-b2b9-ac1f6b6435d0,5 21,0 5 21
6ede1a7e-bbc4-11e8-b2bc-ac1f6b6435d0,25,23
6ee0b972-bbbb-11e8-b2ba-ac1f6b6435d0,22 0,0
6ee271b0-bb9b-11e8-b2b9-ac1f6b6435d0,0,0
6ee2fba6-bbb1-11e8-b2ba-ac1f6b6435d0,13,0 21
6ee969be-bbca-11e8-b2bc-ac1f6b6435d0,22 21,21
6eea33dc-bbbe-11e8-b2ba-ac1f6b6435d0,26 25,26
6ef10318-bbb1-11e8-b2ba-ac1f6b6435d0,24 0,24
6ef17ece-bba7-11e8-b2ba-ac1f6b6435d0,4,4
6ef3133a-bbaa-11e8-b2ba-ac1f6b6435d0,2 0,0 2
6ef698bc-bba4-11e8-b2b9-ac1f6b6435d0,11 21,11
6ef8c724-bbac-11e8-b2ba-ac1f6b6435d0,7,7
6efbdb40-bbc9-11e8-b2bc-ac1f6b6435d0,25 7 2,7
6efe6e62-bbbc-11e8-b2ba-ac1f6b6435d0,7 2,2 7
6f02534a-bbb4-11e8-b2ba-ac1f6b6435d0,7,7
6f0433e0-bbaa-11e8-b2ba-ac1f6b6435d0,7 5,0 7
6f062840-bba9-11e8-b2ba-ac1f6b6435d0,0,21 25
6f06be4e-bbaa-11e8-b2ba-ac1f6b6435d0,0 21,0 21
6f07c9f6-bba0-11e8-b2b9-ac1f6b6435d0,21,21
6f094b0a-bbbe-11e8-b2ba-ac1f6b6435d0,24,24
6f098bf6-bbb9-11e8-b2ba-ac1f6b6435d0,25,7
6f0b75a0-bbbf-11e8-b2bb-ac1f6b6435d0,26 2 0,2 26
6f0b9aa6-bbb7-11e8-b2ba-ac1f6b6435d0,19,19
6f0c0b42-bbb4-11e8-b2ba-ac1f6b6435d0,7 2,2
6f0c4f76-bbc3-11e8-b2bc-ac1f6b6435d0,11 0,0 11
6f0d0fa6-bbb9-11e8-b2ba-ac1f6b6435d0,21,21
6f0d27ea-bbc6-11e8-b2bc-ac1f6b6435d0,0,0
6f0e87f2-bbbc-11e8-b2ba-ac1f6b6435d0,22 0,4 22
6f0fc468-bba4-11e8-b2b9-ac1f6b6435d0,5 2,0 3
6f119348-bba8-11e8-b2ba-ac1f6b6435d0,25,5 25
6f14918c-bbbd-11e8-b2ba-ac1f6b6435d0,4,4
6f15204c-bbc3-11e8-b2bc-ac1f6b6435d0,25 2,2 25
6f16833e-bbbd-11e8-b2ba-ac1f6b6435d0,0,0
6f1a4a60-bbb2-11e8-b2ba-ac1f6b6435d0,4,0 21
6f1ac4de-bba5-11e8-b2ba-ac1f6b6435d0,5 0,5
6f2085fe-bbc3-11e8-b2bc-ac1f6b6435d0,22,13 22
6f24148e-bbc9-11e8-b2bc-ac1f6b6435d0,23,23
6f2494fc-bba8-11e8-b2ba-ac1f6b6435d0,21,7
6f2690b8-bb99-11e8-b2b9-ac1f6b6435d0,14,14
6f2788aa-bbb8-11e8-b2ba-ac1f6b6435d0,25,14 21
6f27a8de-bbaf-11e8-b2ba-ac1f6b6435d0,17 21,25
6f28d8a0-bbad-11e8-b2ba-ac1f6b6435d0,1 0,0
6f2aa69e-bbad-11e8-b2ba-ac1f6b6435d0,25,25
6f2ac22a-bbbf-11e8-b2bb-ac1f6b6435d0,6,6 25
6f2b05de-bbc7-11e8-b2bc-ac1f6b6435d0,23,23
6f2bd27a-bbb8-11e8-b2ba-ac1f6b6435d0,2 21,2 21
6f2db7e8-bbb3-11e8-b2ba-ac1f6b6435d0,23 2,2 25
6f303dfc-bb99-11e8-b2b9-ac1f6b6435d0,5,0 2
6f32a9d4-bbad-11e8-b2ba-ac1f6b6435d0,25 0,0 25
6f33a71c-bba3-11e8-b2b9-ac1f6b6435d0,3 0,0 3
6f33b090-bbc1-11e8-b2bb-ac1f6b6435d0,23,23
6f340d2a-bbb1-11e8-b2ba-ac1f6b6435d0,25 21,0 21
6f357480-bba2-11e8-b2b9-ac1f6b6435d0,23,23
6f38b45a-bb99-11e8-b2b9-ac1f6b6435d0,5,5 25
6f38f0fc-bbab-11e8-b2ba-ac1f6b6435d0,22 4,0 22
6f3c59ec-bbb3-11e8-b2ba-ac1f6b6435d0,25 2,2 25
6f3ceca4-bbc7-11e8-b2bc-ac1f6b6435d0,7 0,0 7
6f3d456c-bb9c-11e8-b2b9-ac1f6b6435d0,25 0,0
6f3d90aa-bbb8-11e8-b2ba-ac1f6b6435d0,14,14
6f435cea-bbb0-11e8-b2ba-ac1f6b6435d0,7,0 7
6f43aefe-bbc7-11e8-b2bc-ac1f6b6435d0,2 0,0 2
6f45f1d8-bba3-11e8-b2b9-ac1f6b6435d0,0 21,0 21
6f4843aa-bbc3-11e8-b2bc-ac1f6b6435d0,4,4
6f49a4e4-bb9a-11e8-b2b9-ac1f6b6435d0,23,23
6f4b66f2-bbc3-11e8-b2bc-ac1f6b6435d0,16 25,25
6f4bc988-bbac-11e8-b2ba-ac1f6b6435d0,21,25
6f4cecd2-bba2-11e8-b2b9-ac1f6b6435d0,0 21,0 21 25
6f4dd5d0-bbc4-11e8-b2bc-ac1f6b6435d0,5,0 2 4
6f4ecf1c-bbab-11e8-b2ba-ac1f6b6435d0,24,24
6f4efdb4-bbad-11e8-b2ba-ac1f6b6435d0,0,0
6f4f2d38-bba4-11e8-b2b9-ac1f6b6435d0,2 0,25
6f4f4dc0-bbb5-11e8-b2ba-ac1f6b6435d0,25 0,0
6f50487a-bb9b-11e8-b2b9-ac1f6b6435d0,3,3 5
6f53be36-bbb1-11e8-b2ba-ac1f6b6435d0,21,21 25
6f53d484-bbc0-11e8-b2bb-ac1f6b6435d0,25,0 14
6f541d98-bbc7-11e8-b2bc-ac1f6b6435d0,4,4 25
6f58b1aa-bba4-11e8-b2b9-ac1f6b6435d0,25,0 25
6f5b3ed6-bba7-11e8-b2ba-ac1f6b6435d0,7,7
6f5b9e2c-bbbf-11e8-b2bb-ac1f6b6435d0,19 11 4,11
6f5df95e-bbc6-11e8-b2bc-ac1f6b6435d0,4,4
6f5ea284-bba1-11e8-b2b9-ac1f6b6435d0,2 0,0 2
6f6071ca-bbb2-11e8-b2ba-ac1f6b6435d0,7 2,2 7
6f61e9f2-bbb1-11e8-b2ba-ac1f6b6435d0,11 2,0 2 11
6f638196-bba1-11e8-b2b9-ac1f6b6435d0,25 0,0 25
6f69ec1e-bbc1-11e8-b2bb-ac1f6b6435d0,1,0 1 2
6f6dcac8-bba8-11e8-b2ba-ac1f6b6435d0,2 0,0 2
6f6de690-bba6-11e8-b2ba-ac1f6b6435d0,16,25
6f6eea48-bb9e-11e8-b2b9-ac1f6b6435d0,13 21,13
6f71418a-bbb2-11e8-b2ba-ac1f6b6435d0,16 0,0 16
6f73043e-bbb2-11e8-b2ba-ac1f6b6435d0,6,6
6f80dd4c-bb9a-11e8-b2b9-ac1f6b6435d0,5,5
6f826ee4-bbbf-11e8-b2bb-ac1f6b6435d0,22 0,0 22
6f835642-bba6-11e8-b2ba-ac1f6b6435d0,25 3 0,0 25
6f896e06-bb9c-11e8-b2b9-ac1f6b6435d0,5,5
6f8e9de2-bba9-11e8-b2ba-ac1f6b6435d0,7,7
6f902d3a-bbac-11e8-b2ba-ac1f6b6435d0,25,1 25
6f92e930-bba7-11e8-b2ba-ac1f6b6435d0,7,7
6f983548-bbc5-11e8-b2bc-ac1f6b6435d0,7,25
6f984c3c-bbab-11e8-b2ba-ac1f6b6435d0,25 18 21,23 25
6f990946-bbbb-11e8-b2ba-ac1f6b6435d0,25 13,13 25
6f9aedd6-bbc7-11e8-b2bc-ac1f6b6435d0,3,3 25
6f9b4e10-bbaf-11e8-b2ba-ac1f6b6435d0,5 0,0 5
6f9cfc08-bb99-11e8-b2b9-ac1f6b6435d0,25 21,21 25
6fa201dc-bbb0-11e8-b2ba-ac1f6b6435d0,7,7
6fa27682-bbc7-11e8-b2bc-ac1f6b6435d0,0,0
6fa407b2-bbaf-11e8-b2ba-ac1f6b6435d0,21,21
6fa56e34-bb9d-11e8-b2b9-ac1f6b6435d0,7,7 25
6fa5b51c-bba0-11e8-b2b9-ac1f6b6435d0,7,7
6fa7b67a-bb99-11e8-b2b9-ac1f6b6435d0,25,25
6fa7c9c8-bbb5-11e8-b2ba-ac1f6b6435d0,6,25
6fa7f7b0-bbb8-11e8-b2ba-ac1f6b6435d0,18 0,4
6fa9bed8-bbc2-11e8-b2bb-ac1f6b6435d0,24,24
6fb02a5e-bbca-11e8-b2bc-ac1f6b6435d0,12 14,12 14
6fb27002-bbb6-11e8-b2ba-ac1f6b6435d0,12,12
6fb2c0a2-bba2-11e8-b2b9-ac1f6b6435d0,0,0 18
6fb2f154-bbc4-11e8-b2bc-ac1f6b6435d0,0,0
6fb703a2-bba1-11e8-b2b9-ac1f6b6435d0,25 23 0,11
6fb8a41a-bbaf-11e8-b2ba-ac1f6b6435d0,5 0,0
6fb8f4d2-bbab-11e8-b2ba-ac1f6b6435d0,11 0,11
6fb9c722-bb9c-11e8-b2b9-ac1f6b6435d0,5,21
6fbbc936-bba7-11e8-b2ba-ac1f6b6435d0,25 2 0,21 25
6fbfa320-bbb7-11e8-b2ba-ac1f6b6435d0,7 4,4 7
6fc6fe44-bbc2-11e8-b2bb-ac1f6b6435d0,0,0 25
6fc70480-bb9e-11e8-b2b9-ac1f6b6435d0,0,0
6fc89c70-bba6-11e8-b2ba-ac1f6b6435d0,5 0,5
6fcba922-bb9e-11e8-b2b9-ac1f6b6435d0,0,0
6fcbc606-bb9d-11e8-b2b9-ac1f6b6435d0,7 0,0 7 25
6fcc1ae0-bbbe-11e8-b2ba-ac1f6b6435d0,21,21
6fcc8af6-bbc9-11e8-b2bc-ac1f6b6435d0,25 17 0,0 25
6fd02fa8-bba1-11e8-b2b9-ac1f6b6435d0,0,0
6fd05584-bbae-11e8-b2ba-ac1f6b6435d0,2 0,2
6fd80848-bbbc-11e8-b2ba-ac1f6b6435d0,1 0,0 1
6fda7938-bbc7-11e8-b2bc-ac1f6b6435d0,4,4
6fdb076c-bb9b-11e8-b2b9-ac1f6b6435d0,7,7
6fdb6b0e-bbae-11e8-b2ba-ac1f6b6435d0,24 7,7 25
6fdc3086-bbca-11e8-b2bc-ac1f6b6435d0,2 21,2 21
6fdc8806-bba2-11e8-b2b9-ac1f6b6435d0,0 21,11 21
6fe42b64-bbbc-11e8-b2ba-ac1f6b6435d0,25 0,0 25
6fe540fc-bba9-11e8-b2ba-ac1f6b6435d0,0 21,7 21
6fe9e940-bbb3-11e8-b2ba-ac1f6b6435d0,2 0,0 2
6fea11d6-bba4-11e8-b2b9-ac1f6b6435d0,6,6
6fea8738-bbae-11e8-b2ba-ac1f6b6435d0,25 6 3 0,0 2 25
6ff18af8-bbb6-11e8-b2ba-ac1f6b6435d0,21,21
6ff2e258-bba8-11e8-b2ba-ac1f6b6435d0,5,5
6ff5b088-bbbb-11e8-b2ba-ac1f6b6435d0,2 0,0 2
6ff91a1c-bb9c-11e8-b2b9-ac1f6b6435d0,16 0,0 16
6ffdc984-bba3-11e8-b2b9-ac1f6b6435d0,12 26 5 0,0 5
7000eac2-bbbe-11e8-b2ba-ac1f6b6435d0,5 1 0,0 1
70019842-bb9a-11e8-b2b9-ac1f6b6435d0,14,14
7001fc02-bbb2-11e8-b2ba-ac1f6b6435d0,3 21,3
7005df6a-bbc2-11e8-b2bb-ac1f6b6435d0,7,7
7006750c-bb9e-11e8-b2b9-ac1f6b6435d0,25 3,2 25
70072d56-bbc8-11e8-b2bc-ac1f6b6435d0,25 2 21,0 2 21
7009531e-bbc4-11e8-b2bc-ac1f6b6435d0,25 5,5 25
700b5fc6-bbb3-11e8-b2ba-ac1f6b6435d0,23,23
700d365e-bbb1-11e8-b2ba-ac1f6b6435d0,21,21
7011c85a-bbbf-11e8-b2bb-ac1f6b6435d0,0 21,0 21
70126206-bbc4-11e8-b2bc-ac1f6b6435d0,5,0
7012d0a4-bb99-11e8-b2b9-ac1f6b6435d0,25 0,0 21 25
7016084e-bbb9-11e8-b2ba-ac1f6b6435d0,23 1,6 23
701791ac-bba3-11e8-b2b9-ac1f6b6435d0,2 0,0 2
701c68f8-bbb2-11e8-b2ba-ac1f6b6435d0,12 14,14
701f0316-bbac-11e8-b2ba-ac1f6b6435d0,25 0,0 25
7020c4b2-bb9d-11e8-b2b9-ac1f6b6435d0,23 0,0 23
7020cab8-bba0-11e8-b2b9-ac1f6b6435d0,25 6,0 25 26
702143de-bbab-11e8-b2ba-ac1f6b6435d0,14 0 21,14 21
7023dcd8-bbc5-11e8-b2bc-ac1f6b6435d0,22 25,21 22
7025150e-bbb0-11e8-b2ba-ac1f6b6435d0,16 7 0,0 25
70263584-bbbe-11e8-b2ba-ac1f6b6435d0,0,0
7026552e-bbc2-11e8-b2bb-ac1f6b6435d0,25 7 0,0 7
70281ab4-bbac-11e8-b2ba-ac1f6b6435d0,4 0,4
70304006-bbb9-11e8-b2ba-ac1f6b6435d0,14,14
7030d472-bb9a-11e8-b2b9-ac1f6b6435d0,5 0,5
703256be-bbb1-11e8-b2ba-ac1f6b6435d0,0,0 2
7032aee2-bbc1-11e8-b2bb-ac1f6b6435d0,26 0,0
703c37de-bb9c-11e8-b2b9-ac1f6b6435d0,6,25
703c8082-bba0-11e8-b2b9-ac1f6b6435d0,22 1,1 22
703e4bde-bba9-11e8-b2ba-ac1f6b6435d0,0,0
7041c022-bbbb-11e8-b2ba-ac1f6b6435d0,21,21
704523ba-bbbc-11e8-b2ba-ac1f6b6435d0,11,11
7046790a-bbb1-11e8-b2ba-ac1f6b6435d0,25 18,25
70485554-bba2-11e8-b2b9-ac1f6b6435d0,1 0,0 1 25
70485e4a-bba3-11e8-b2b9-ac1f6b6435d0,0 21,0 25
7049eeb4-bba7-11e8-b2ba-ac1f6b6435d0,23,23
704affe2-bbb2-11e8-b2ba-ac1f6b6435d0,19,19
704e8da8-bbc9-11e8-b2bc-ac1f6b6435d0,21,6
704e9be4-bbc0-11e8-b2bb-ac1f6b6435d0,25,6 23
705103f2-bbbb-11e8-b2ba-ac1f6b6435d0,23,23
7052cd16-bb9a-11e8-b2b9-ac1f6b6435d0,23 0,0 23
7053c03e-bbc4-11e8-b2bc-ac1f6b6435d0,7,7
7054cc08-bba2-11e8-b2b9-ac1f6b6435d0,1 0,0 3
705b14a2-bbaa-11e8-b2ba-ac1f6b6435d0,0,0
705d4fd2-bbc9-11e8-b2bc-ac1f6b6435d0,25 18 0,0 23
70606234-bb9d-11e8-b2b9-ac1f6b6435d0,0 21,0 25
7062bea0-bbb4-11e8-b2ba-ac1f6b6435d0,19,19
7065f210-bbb8-11e8-b2ba-ac1f6b6435d0,2 0,0 2
7067f24a-bbbd-11e8-b2ba-ac1f6b6435d0,6 21,21 25
70682e9c-bbb1-11e8-b2ba-ac1f6b6435d0,4,0 23
70689e3c-bbb5-11e8-b2ba-ac1f6b6435d0,25 0,0 25
706b6efc-bb9a-11e8-b2b9-ac1f6b6435d0,3,3
706cbdec-bba0-11e8-b2b9-ac1f6b6435d0,6,0
7072246e-bb99-11e8-b2b9-ac1f6b6435d0,25 21,14
7079c208-bba5-11e8-b2ba-ac1f6b6435d0,23,23
707bfaa2-bb99-11e8-b2b9-ac1f6b6435d0,12 21,21
707e32ac-bbb4-11e8-b2ba-ac1f6b6435d0,12 25 0,0 12 21
708097e0-bbc8-11e8-b2bc-ac1f6b6435d0,25 3 0,0 25
7083f596-bbb1-11e8-b2ba-ac1f6b6435d0,0,0
7089aea2-bbaf-11e8-b2ba-ac1f6b6435d0,23,23
70906ce0-bba7-11e8-b2ba-ac1f6b6435d0,6 1,1 6
7091c854-bb9f-11e8-b2b9-ac1f6b6435d0,25 0,0 25
709202fe-bbab-11e8-b2ba-ac1f6b6435d0,25,25
709a4e3e-bb9a-11e8-b2b9-ac1f6b6435d0,3,3
709f2cce-bbbd-11e8-b2ba-ac1f6b6435d0,14,14
70a09fb4-bbae-11e8-b2ba-ac1f6b6435d0,16 14,14
70a0b82e-bbc6-11e8-b2bc-ac1f6b6435d0,22 21,22
70a6ab44-bb9e-11e8-b2b9-ac1f6b6435d0,21,21
70a7a0ba-bbc3-11e8-b2bc-ac1f6b6435d0,24,24
70a7b12a-bbc5-11e8-b2bc-ac1f6b6435d0,18,18 19
70ac2b38-bbc5-11e8-b2bc-ac1f6b6435d0,21,21
70afb5e2-bbab-11e8-b2ba-ac1f6b6435d0,5 2 0,0
70b037a4-bb9e-11e8-b2b9-ac1f6b6435d0,1,1
70b08c4a-bbc1-11e8-b2bb-ac1f6b6435d0,0,0
70b109ce-bbba-11e8-b2ba-ac1f6b6435d0,3,3
70b2397a-bbc9-11e8-b2bc-ac1f6b6435d0,0,0
70b29da0-bbc1-11e8-b2bb-ac1f6b6435d0,7 0 21,0 7 21
70b3ae3e-bba3-11e8-b2b9-ac1f6b6435d0,18,18
70b42e6e-bbac-11e8-b2ba-ac1f6b6435d0,23 0,0
70b70a3c-bbaa-11e8-b2ba-ac1f6b6435d0,12 25,12
70b97ed2-bbac-11e8-b2ba-ac1f6b6435d0,0 27,0 7 20
70b9f1b4-bb9d-11e8-b2b9-ac1f6b6435d0,16,16
70bad976-bba7-11e8-b2ba-ac1f6b6435d0,5 0,0 3
70baf39c-bbc1-11e8-b2bb-ac1f6b6435d0,4,2 4
70bbf91a-bb9c-11e8-b2b9-ac1f6b6435d0,2,3 25
70bc1874-bbaa-11e8-b2ba-ac1f6b6435d0,3,3
70c00eb4-bbb6-11e8-b2ba-ac1f6b6435d0,4,4
70c1446c-bba4-11e8-b2b9-ac1f6b6435d0,24 5,24
70c48e46-bbc3-11e8-b2bc-ac1f6b6435d0,3 0,0
70c91522-bb9d-11e8-b2b9-ac1f6b6435d0,3 0,0 3
70cb2f68-bbae-11e8-b2ba-ac1f6b6435d0,23,23
70cb3080-bbc2-11e8-b2bb-ac1f6b6435d0,6 0,2 25
70cd1996-bba8-11e8-b2ba-ac1f6b6435d0,2 0,0 2
70cea214-bbc8-11e8-b2bc-ac1f6b6435d0,25,0 1 25
70d0fe84-bbb8-11e8-b2ba-ac1f6b6435d0,21,21 22
70d2aec2-bbb4-11e8-b2ba-ac1f6b6435d0,19 0,0 19
70d7d34a-bba3-11e8-b2b9-ac1f6b6435d0,12 0 21,12
70d85cce-bb9f-11e8-b2b9-ac1f6b6435d0,18 4 21,4 21 25
70d8abc0-bbb8-11e8-b2ba-ac1f6b6435d0,5,5
70dbaaf4-bbc3-11e8-b2bc-ac1f6b6435d0,7 2 0,0 2
70dc6fb2-bba4-11e8-b2b9-ac1f6b6435d0,25,25
70e26f82-bbb5-11e8-b2ba-ac1f6b6435d0,22 11,11 22
70e42ff6-bbbb-11e8-b2ba-ac1f6b6435d0,0,0
70e4b31a-bbb9-11e8-b2ba-ac1f6b6435d0,25 4,4 25
70e53606-bbc7-11e8-b2bc-ac1f6b6435d0,21,21
70e58320-bbbf-11e8-b2bb-ac1f6b6435d0,23,23
70e6df9e-bbca-11e8-b2bc-ac1f6b6435d0,0,0 26
70e6e630-bba5-11e8-b2ba-ac1f6b6435d0,19 0,19
70e8114c-bbc1-11e8-b2bb-ac1f6b6435d0,0 21,0 21 25
70e9a70e-bbb3-11e8-b2ba-ac1f6b6435d0,25 11,11
70ea6be0-bbb7-11e8-b2ba-ac1f6b6435d0,7 0,0 7
70ed39c8-bbb3-11e8-b2ba-ac1f6b6435d0,22 0,0 21 22
70ee836e-bbc7-11e8-b2bc-ac1f6b6435d0,19 0,0 19
70f090c4-bbbc-11e8-b2ba-ac1f6b6435d0,7 5 1,1 5 7
70f2abbc-bba7-11e8-b2ba-ac1f6b6435d0,2 0,0 2
70f397aa-bbb8-11e8-b2ba-ac1f6b6435d0,5 2 0,0 2
70f46d52-bb99-11e8-b2b9-ac1f6b6435d0,19 0,0
70f5e3c4-bba5-11e8-b2ba-ac1f6b6435d0,26,0 25
70f7899e-bba1-11e8-b2b9-ac1f6b6435d0,0,0 2
70fba04c-bbb0-11e8-b2ba-ac1f6b6435d0,19 2 21,0 19 21
7101be1e-bba1-11e8-b2b9-ac1f6b6435d0,12,12
710577b4-bbb7-11e8-b2ba-ac1f6b6435d0,25 0,0 25
71059bd0-bbbd-11e8-b2ba-ac1f6b6435d0,4,0
7106c16c-bbaf-11e8-b2ba-ac1f6b6435d0,0,0
7107b960-bba9-11e8-b2ba-ac1f6b6435d0,16 0,0 16
71091238-bbae-11e8-b2ba-ac1f6b6435d0,4,4
710a7e72-bbca-11e8-b2bc-ac1f6b6435d0,1 0,0 1
710b933e-bbb1-11e8-b2ba-ac1f6b6435d0,25 0,0 25
71106c52-bbab-11e8-b2ba-ac1f6b6435d0,26 2 0,0
7110a9ba-bbab-11e8-b2ba-ac1f6b6435d0,20,9 20
71131c90-bb9c-11e8-b2b9-ac1f6b6435d0,25 3 0,0 3 25
7113294e-bbc2-11e8-b2bb-ac1f6b6435d0,13,13 21
71138a9e-bbc5-11e8-b2bc-ac1f6b6435d0,23,25
7116d6f4-bba7-11e8-b2ba-ac1f6b6435d0,21,21 25
7117d9c2-bba3-11e8-b2b9-ac1f6b6435d0,13 1 0,0 1 19
711f1d5e-bbb2-11e8-b2ba-ac1f6b6435d0,0 21,0 21
712186c4-bbb3-11e8-b2ba-ac1f6b6435d0,1 0,0 1
7122dae8-bbad-11e8-b2ba-ac1f6b6435d0,0,0
712427cc-bba3-11e8-b2b9-ac1f6b6435d0,7,7
7129498a-bbaa-11e8-b2ba-ac1f6b6435d0,25 2,2 25
712adf16-bbc3-11e8-b2bc-ac1f6b6435d0,20,20
712dcfc2-bbc9-11e8-b2bc-ac1f6b6435d0,13,0 13
71308ebe-bbbb-11e8-b2ba-ac1f6b6435d0,3,3
713229aa-bbba-11e8-b2ba-ac1f6b6435d0,5,5 25
7133454c-bba1-11e8-b2b9-ac1f6b6435d0,0,0
7136c362-bbaa-11e8-b2ba-ac1f6b6435d0,7 0,0 7
7138c4aa-bb9b-11e8-b2b9-ac1f6b6435d0,25 2 0,0 2 25
71395aae-bbbf-11e8-b2bb-ac1f6b6435d0,0,0
713bff84-bba1-11e8-b2b9-ac1f6b6435d0,19 23,19
713dd614-bbc5-11e8-b2bc-ac1f6b6435d0,23,23
7140883a-bbb8-11e8-b2ba-ac1f6b6435d0,20,20
7144387a-bba1-11e8-b2b9-ac1f6b6435d0,11,11
71461bac-bba8-11e8-b2ba-ac1f6b6435d0,14 0,0 14
7147fb7c-bbba-11e8-b2ba-ac1f6b6435d0,26,12
71489efa-bba7-11e8-b2ba-ac1f6b6435d0,25,25
7148a818-bbc6-11e8-b2bc-ac1f6b6435d0,7 0,0 2 7
714bb0f0-bba6-11e8-b2ba-ac1f6b6435d0,0,0
714c2838-bbbe-11e8-b2ba-ac1f6b6435d0,21,21
7150ccb6-bbb0-11e8-b2ba-ac1f6b6435d0,23,23
71528116-bbae-11e8-b2ba-ac1f6b6435d0,25 5,0
71528824-bb99-11e8-b2b9-ac1f6b6435d0,0,0
7155c88e-bbc8-11e8-b2bc-ac1f6b6435d0,7 2 0,0 2
7156afde-bbb3-11e8-b2ba-ac1f6b6435d0,26 0,0 26
715b92c0-bba8-11e8-b2ba-ac1f6b6435d0,14 0,14
715f27d8-bbc5-11e8-b2bc-ac1f6b6435d0,22 25,25
715f3b10-bbb1-11e8-b2ba-ac1f6b6435d0,5 0,5
715f85ca-bbca-11e8-b2bc-ac1f6b6435d0,19 23,25
716567d8-bbc0-11e8-b2bb-ac1f6b6435d0,21,21
7166cacc-bbb3-11e8-b2ba-ac1f6b6435d0,25 21,25
7167744c-bbb6-11e8-b2ba-ac1f6b6435d0,23,23
716b4812-bbb9-11e8-b2ba-ac1f6b6435d0,19 25,18 19 25
716e3916-bbad-11e8-b2ba-ac1f6b6435d0,4,4
716fb678-bb9f-11e8-b2b9-ac1f6b6435d0,2,2
71713716-bbc0-11e8-b2bb-ac1f6b6435d0,0,0 25
71779d10-bb9b-11e8-b2b9-ac1f6b6435d0,0,0
71794844-bbba-11e8-b2ba-ac1f6b6435d0,0 21,0 21
717afc30-bb9b-11e8-b2b9-ac1f6b6435d0,0,0 17
717c0546-bbc6-11e8-b2bc-ac1f6b6435d0,25 13,21
7180f0c2-bbb4-11e8-b2ba-ac1f6b6435d0,5,25
7181d550-bbc8-11e8-b2bc-ac1f6b6435d0,0,0
718788b2-bbc6-11e8-b2bc-ac1f6b6435d0,2,2
7188126c-bbc8-11e8-b2bc-ac1f6b6435d0,4,4 25
7188ecda-bb9d-11e8-b2b9-ac1f6b6435d0,18 2,18
718a753a-bba4-11e8-b2b9-ac1f6b6435d0,25 0,0 25
718e2c54-bbb1-11e8-b2ba-ac1f6b6435d0,25 0,25
718f8592-bb9b-11e8-b2b9-ac1f6b6435d0,23,23
7190fa06-bbca-11e8-b2bc-ac1f6b6435d0,0,0
71919028-bb9e-11e8-b2b9-ac1f6b6435d0,0,0
71954f90-bbb4-11e8-b2ba-ac1f6b6435d0,5 2 0,0 1 2
71978a70-bbba-11e8-b2ba-ac1f6b6435d0,2 0,0 2
71988e60-bba2-11e8-b2b9-ac1f6b6435d0,23,7
719af2ba-bb9b-11e8-b2b9-ac1f6b6435d0,11,6 11
719af620-bbb4-11e8-b2ba-ac1f6b6435d0,25 11,0
719d5226-bbb9-11e8-b2ba-ac1f6b6435d0,2 0,0 2
719e3bce-bb9a-11e8-b2b9-ac1f6b6435d0,2,2
71a01b2a-bbad-11e8-b2ba-ac1f6b6435d0,5 0,0 5
71a05796-bbc3-11e8-b2bc-ac1f6b6435d0,24 7,7 24
71a5a344-bbb0-11e8-b2ba-ac1f6b6435d0,7,7
71a5f52c-bbb2-11e8-b2ba-ac1f6b6435d0,25 2 0,0 5 25
71a994c6-bb9d-11e8-b2b9-ac1f6b6435d0,5,5
71ae04a8-bbba-11e8-b2ba-ac1f6b6435d0,23 0,0 7 23
71af6282-bbb3-11e8-b2ba-ac1f6b6435d0,25,25
71b20c6c-bba4-11e8-b2b9-ac1f6b6435d0,25 21,21 25
71b2edb4-bba7-11e8-b2ba-ac1f6b6435d0,19,18
71b399ea-bbb0-11e8-b2ba-ac1f6b6435d0,25 0 21,21 25
71b5038c-bbc6-11e8-b2bc-ac1f6b6435d0,0,0
71b50472-bb9e-11e8-b2b9-ac1f6b6435d0,25 0,0
71b52994-bbc5-11e8-b2bc-ac1f6b6435d0,25 5,25
71b8e708-bbb8-11e8-b2ba-ac1f6b6435d0,0,0 2
71bbdf20-bbbe-11e8-b2ba-ac1f6b6435d0,7 21,7 23
71c114ec-bbc6-11e8-b2bc-ac1f6b6435d0,6,6
71c2db02-bbac-11e8-b2ba-ac1f6b6435d0,23 4,4 23
71c41546-bbaf-11e8-b2ba-ac1f6b6435d0,25 18,18 25
71c6077c-bb99-11e8-b2b9-ac1f6b6435d0,7,7 25
71c63fcc-bbc0-11e8-b2bb-ac1f6b6435d0,0,0 5
71c8eb6e-bbac-11e8-b2ba-ac1f6b6435d0,23,23
71c9e23a-bbbb-11e8-b2ba-ac1f6b6435d0,19 25 0,0 19
71cacc48-bba9-11e8-b2ba-ac1f6b6435d0,25 23,23
71d3fcba-bbad-11e8-b2ba-ac1f6b6435d0,23 0,0 7
71d571ee-bbc6-11e8-b2bc-ac1f6b6435d0,19 0,0
71db5988-bb9e-11e8-b2b9-ac1f6b6435d0,13 0,0 12 25
71db7a98-bbb3-11e8-b2ba-ac1f6b6435d0,22 0,0 22
71dc7126-bbab-11e8-b2ba-ac1f6b6435d0,25 21,21
71e0b85a-bb9f-11e8-b2b9-ac1f6b6435d0,18 0,0
71e64e40-bbaa-11e8-b2ba-ac1f6b6435d0,1 0,0 1
71e68ac6-bb9c-11e8-b2b9-ac1f6b6435d0,11 5,5 11
71e68d2c-bbc5-11e8-b2bc-ac1f6b6435d0,2 0,0 2
71ec1d28-bba2-11e8-b2b9-ac1f6b6435d0,0,0 25
71ec90e4-bbbd-11e8-b2ba-ac1f6b6435d0,25 5 0,0 25
71ece592-bbbf-11e8-b2bb-ac1f6b6435d0,11,11 24
71eedb22-bbba-11e8-b2ba-ac1f6b6435d0,26,26
71f0055a-bbb1-11e8-b2ba-ac1f6b6435d0,7 0,0 23
71fa6488-bbab-11e8-b2ba-ac1f6b6435d0,25 3 0,0 3 25
71fb96f0-bba6-11e8-b2ba-ac1f6b6435d0,14,21 25
7200f9fe-bb9e-11e8-b2b9-ac1f6b6435d0,0,0
72024670-bba7-11e8-b2ba-ac1f6b6435d0,0,0
72033abe-bbaf-11e8-b2ba-ac1f6b6435d0,26 4,4 26
7204ac9c-bbc7-11e8-b2bc-ac1f6b6435d0,6 0,0 6
72064458-bbbd-11e8-b2ba-ac1f6b6435d0,2,2
720976c2-bba5-11e8-b2ba-ac1f6b6435d0,24,24
720a15f8-bbb1-11e8-b2ba-ac1f6b6435d0,25,25
720ed588-bbb7-11e8-b2ba-ac1f6b6435d0,3,3
720f3b3a-bba4-11e8-b2b9-ac1f6b6435d0,19,19
72104504-bbca-11e8-b2bc-ac1f6b6435d0,0,0
721b3ca8-bbc9-11e8-b2bc-ac1f6b6435d0,0,0 11
721c6e1a-bbca-11e8-b2bc-ac1f6b6435d0,25,6
7220286c-bbb5-11e8-b2ba-ac1f6b6435d0,19,0
72206e28-bbc7-11e8-b2bc-ac1f6b6435d0,25 2 0,0 25
7220a996-bbb4-11e8-b2ba-ac1f6b6435d0,7,7
7221edce-bba5-11e8-b2ba-ac1f6b6435d0,4,4
7225e9ea-bbb6-11e8-b2ba-ac1f6b6435d0,6 2,0
72262aca-bbae-11e8-b2ba-ac1f6b6435d0,25 5 0,25
722d277e-bbab-11e8-b2ba-ac1f6b6435d0,13 0,0
722ef102-bba7-11e8-b2ba-ac1f6b6435d0,25 11 0,0 7
722f8536-bba7-11e8-b2ba-ac1f6b6435d0,25 5,5 25
722f87f2-bbbb-11e8-b2ba-ac1f6b6435d0,25 18,18 25
72321c16-bb9c-11e8-b2b9-ac1f6b6435d0,2 0,0 2
723312a2-bbb9-11e8-b2ba-ac1f6b6435d0,21,21
723393c2-bbc2-11e8-b2bb-ac1f6b6435d0,11,11
72374cf4-bba6-11e8-b2ba-ac1f6b6435d0,20,0
7239a074-bbb2-11e8-b2ba-ac1f6b6435d0,5,0 5
723ea336-bbbb-11e8-b2ba-ac1f6b6435d0,23,23
723ea5c6-bbab-11e8-b2ba-ac1f6b6435d0,7,7
723f20f6-bb9b-11e8-b2b9-ac1f6b6435d0,2 0,0 2
723f62a6-bbb8-11e8-b2ba-ac1f6b6435d0,23,0
724000be-bbac-11e8-b2ba-ac1f6b6435d0,25 0,0 25
724028c8-bba2-11e8-b2b9-ac1f6b6435d0,2 21,2 21
72410b08-bbc5-11e8-b2bc-ac1f6b6435d0,21,18 21
7244d522-bbb5-11e8-b2ba-ac1f6b6435d0,7,7
7245919e-bb9f-11e8-b2b9-ac1f6b6435d0,7 0,0 7
72463902-bba7-11e8-b2ba-ac1f6b6435d0,25 4,5 25
7247d00e-bbc1-11e8-b2bb-ac1f6b6435d0,0,0
724a0c9a-bba6-11e8-b2ba-ac1f6b6435d0,6,6
724ba66c-bbb6-11e8-b2ba-ac1f6b6435d0,0 21,0 21
72510336-bb9e-11e8-b2b9-ac1f6b6435d0,5,5
7252faa4-bbb4-11e8-b2ba-ac1f6b6435d0,25 1 0,1 2 25
7254025c-bbb7-11e8-b2ba-ac1f6b6435d0,7 0 21,0 7 21
72550f74-bbbe-11e8-b2ba-ac1f6b6435d0,25 11,11 24
72559078-bbc5-11e8-b2bc-ac1f6b6435d0,21,21
7256a376-bbbd-11e8-b2ba-ac1f6b6435d0,21,21
72586b18-bba2-11e8-b2b9-ac1f6b6435d0,25 0,0
7259b5e2-bbaa-11e8-b2ba-ac1f6b6435d0,25 14 0,14 16 17
725d1e28-bbbc-11e8-b2ba-ac1f6b6435d0,25 21,0 21
725def08-bbab-11e8-b2ba-ac1f6b6435d0,0 21,0 12
725f6184-bbb6-11e8-b2ba-ac1f6b6435d0,25 2 0,0 2 25
7262ece0-bbbc-11e8-b2ba-ac1f6b6435d0,0 21,0 21
72643208-bbc1-11e8-b2bb-ac1f6b6435d0,11,11
726abf36-bba5-11e8-b2ba-ac1f6b6435d0,0,0 19
726afeb6-bb9f-11e8-b2b9-ac1f6b6435d0,0,0
726d3a38-bbbc-11e8-b2ba-ac1f6b6435d0,25,25
726ec292-bbb0-11e8-b2ba-ac1f6b6435d0,24 5 0,0 5
7272af8a-bba9-11e8-b2ba-ac1f6b6435d0,4,4
7272fd44-bbab-11e8-b2ba-ac1f6b6435d0,22 0,0 22
72730cea-bbb9-11e8-b2ba-ac1f6b6435d0,11 0,0 11
72771760-bba3-11e8-b2b9-ac1f6b6435d0,25 7 0,0 7 25
72780d0a-bba8-11e8-b2ba-ac1f6b6435d0,2,2
72790a22-bbbf-11e8-b2bb-ac1f6b6435d0,0 21,21 25
7279f6dc-bbb3-11e8-b2ba-ac1f6b6435d0,0,0
727e4a86-bbac-11e8-b2ba-ac1f6b6435d0,0,0
727e68e6-bbb5-11e8-b2ba-ac1f6b6435d0,16 25 0,0 16
727f0d4c-bbc8-11e8-b2bc-ac1f6b6435d0,2 0,2
72807f42-bb9b-11e8-b2b9-ac1f6b6435d0,19 0,0 18 19
7281527e-bb9f-11e8-b2b9-ac1f6b6435d0,21,21
72829aa4-bba8-11e8-b2ba-ac1f6b6435d0,2,0 25
7282edd0-bbbf-11e8-b2bb-ac1f6b6435d0,2,2
7285391c-bba8-11e8-b2ba-ac1f6b6435d0,23,6
7287a8fe-bbc2-11e8-b2bb-ac1f6b6435d0,6 0,0 25
729064b4-bba7-11e8-b2ba-ac1f6b6435d0,25 0 21,0 21 25
72941338-bba8-11e8-b2ba-ac1f6b6435d0,22,22
72946fa2-bbbe-11e8-b2ba-ac1f6b6435d0,0,0
72963388-bbb8-11e8-b2ba-ac1f6b6435d0,2,2
7297414e-bbc0-11e8-b2bb-ac1f6b6435d0,25 0,0 25
729858cc-bbc5-11e8-b2bc-ac1f6b6435d0,23,23
72985a0a-bb9f-11e8-b2b9-ac1f6b6435d0,3 0,0
729c33ec-bbc1-11e8-b2bb-ac1f6b6435d0,6,6 23
729ea1ba-bba6-11e8-b2ba-ac1f6b6435d0,19 23 0,0 23
729ec602-bbc1-11e8-b2bb-ac1f6b6435d0,21,21
729f1afe-bbbb-11e8-b2ba-ac1f6b6435d0,25 0,0 25
729f3fc8-bbbd-11e8-b2ba-ac1f6b6435d0,7,7
72a0309e-bb9b-11e8-b2b9-ac1f6b6435d0,0 21,0 2 21
72a0425a-bbaf-11e8-b2ba-ac1f6b6435d0,1 2,1 2
72a2fb9e-bba5-11e8-b2ba-ac1f6b6435d0,4,4
72a39620-bbb5-11e8-b2ba-ac1f6b6435d0,0,0 7
72a4ee62-bba1-11e8-b2b9-ac1f6b6435d0,25 0,0
72a62fc0-bb9c-11e8-b2b9-ac1f6b6435d0,3,3
72ad5d08-bbca-11e8-b2bc-ac1f6b6435d0,0,0
72ae6c8c-bbb3-11e8-b2ba-ac1f6b6435d0,6,6
72af0d8e-bba1-11e8-b2b9-ac1f6b6435d0,23 4,23
72af10e6-bbb9-11e8-b2ba-ac1f6b6435d0,7 5,5 7
72b351e4-bb9e-11e8-b2b9-ac1f6b6435d0,14,14
72b45fda-bbc6-11e8-b2bc-ac1f6b6435d0,25,25
72b4d576-bbc3-11e8-b2bc-ac1f6b6435d0,23,23
72b700b6-bbba-11e8-b2ba-ac1f6b6435d0,25 0,25
72b8eb0e-bbc1-11e8-b2bb-ac1f6b6435d0,5 0,0
72bbea3c-bbaa-11e8-b2ba-ac1f6b6435d0,7 0,0 7
72be4802-bbc5-11e8-b2bc-ac1f6b6435d0,3,3
72c3bda2-bbb4-11e8-b2ba-ac1f6b6435d0,2 0,0 2
72c4bf36-bbb9-11e8-b2ba-ac1f6b6435d0,0,0 26
72c4c1bc-bb9f-11e8-b2b9-ac1f6b6435d0,5 0,0 5 21
72c52d32-bbbd-11e8-b2ba-ac1f6b6435d0,25 11,11
72c7276a-bbc5-11e8-b2bc-ac1f6b6435d0,25 0,21 25
72c77202-bba1-11e8-b2b9-ac1f6b6435d0,23 2,2 23
72c8e19a-bbc0-11e8-b2bb-ac1f6b6435d0,23 0,0 23
72c961c6-bbc3-11e8-b2bc-ac1f6b6435d0,1 0,0 1
72ce4686-bba6-11e8-b2ba-ac1f6b6435d0,14,14
72d003e4-bb9d-11e8-b2b9-ac1f6b6435d0,25 7,25
72de3dec-bba7-11e8-b2ba-ac1f6b6435d0,13 11,21
72e03240-bbad-11e8-b2ba-ac1f6b6435d0,25 1 21,25
72e45ae0-bba4-11e8-b2b9-ac1f6b6435d0,25 0 21,0 25
72e483d4-bbbe-11e8-b2ba-ac1f6b6435d0,0,0
72e4fffc-bbc9-11e8-b2bc-ac1f6b6435d0,4,4
72e949f0-bbc8-11e8-b2bc-ac1f6b6435d0,1,1 25
72edfbce-bbc5-11e8-b2bc-ac1f6b6435d0,12,12
72f00724-bbb7-11e8-b2ba-ac1f6b6435d0,0 21,0 21
72f0ce90-bbc4-11e8-b2bc-ac1f6b6435d0,22 0 21,0 21
72f3f6aa-bb9d-11e8-b2b9-ac1f6b6435d0,7,0
72f71638-bba6-11e8-b2ba-ac1f6b6435d0,11,2 11
72f97c84-bbb0-11e8-b2ba-ac1f6b6435d0,25,25
72fa3abc-bbaa-11e8-b2ba-ac1f6b6435d0,20 2 0,0
72faaa22-bbb6-11e8-b2ba-ac1f6b6435d0,25 3 0,3 25
72ff982c-bbbe-11e8-b2ba-ac1f6b6435d0,25 18,0 18 25
72ffa6aa-bb9b-11e8-b2b9-ac1f6b6435d0,19,19
7300f852-bba5-11e8-b2ba-ac1f6b6435d0,22 25 21,21
730301da-bb99-11e8-b2b9-ac1f6b6435d0,19 11 4,11
73037222-bb9a-11e8-b2b9-ac1f6b6435d0,3 0,3
73055b6e-bb9a-11e8-b2b9-ac1f6b6435d0,5 0 21,0 5 25
73066c06-bbaa-11e8-b2ba-ac1f6b6435d0,6 7,7
7309fd30-bbc8-11e8-b2bc-ac1f6b6435d0,25 18,7
730cea5c-bbb6-11e8-b2ba-ac1f6b6435d0,18 23,23
730d86b0-bbc5-11e8-b2bc-ac1f6b6435d0,1 0,0 1
730ff91c-bba8-11e8-b2ba-ac1f6b6435d0,0,0 25
73144594-bbc1-11e8-b2bb-ac1f6b6435d0,23,18
73174478-bba4-11e8-b2b9-ac1f6b6435d0,12 25,0 12 21
7318293e-bb99-11e8-b2b9-ac1f6b6435d0,18,18
731aa248-bbc3-11e8-b2bc-ac1f6b6435d0,25 7 0,0 25
731e9804-bbc2-11e8-b2bb-ac1f6b6435d0,0 21,0 21 25
731f0c26-bbb3-11e8-b2ba-ac1f6b6435d0,13 21,13
7324f694-bbb9-11e8-b2ba-ac1f6b6435d0,6,6
73267ca8-bbaf-11e8-b2ba-ac1f6b6435d0,12,12
7329f282-bba7-11e8-b2ba-ac1f6b6435d0,6,25
732b40d2-bbc1-11e8-b2bb-ac1f6b6435d0,3,0 1
732c344a-bbb4-11e8-b2ba-ac1f6b6435d0,23 0,0 7
732edda6-bbc5-11e8-b2bc-ac1f6b6435d0,0,0 25
732f4cd2-bba7-11e8-b2ba-ac1f6b6435d0,18,0 18
7332cc24-bbb4-11e8-b2ba-ac1f6b6435d0,25 0 21,4 21 25
7332f5c4-bbae-11e8-b2ba-ac1f6b6435d0,19 0,0 5 25
73357eca-bba9-11e8-b2ba-ac1f6b6435d0,5,5
733b5bde-bbb7-11e8-b2ba-ac1f6b6435d0,25 23 0,0 25
733c5c4e-bbb4-11e8-b2ba-ac1f6b6435d0,25 0,0 25
733ff4ee-bbb9-11e8-b2ba-ac1f6b6435d0,25 0,25
7343cfc8-bbc4-11e8-b2bc-ac1f6b6435d0,25 23,23
734568d4-bb9b-11e8-b2b9-ac1f6b6435d0,18,18
734720ec-bbc9-11e8-b2bc-ac1f6b6435d0,19 1,0 1 25
734e642e-bbc9-11e8-b2bc-ac1f6b6435d0,0 21,0 25
734f7c88-bb9c-11e8-b2b9-ac1f6b6435d0,21,21
734f962c-bbbb-11e8-b2ba-ac1f6b6435d0,2,0 2
73578188-bbb7-11e8-b2ba-ac1f6b6435d0,12 0,0 12
73618af2-bbb7-11e8-b2ba-ac1f6b6435d0,25 1,1 25
73665824-bba4-11e8-b2b9-ac1f6b6435d0,3,3
7367c4e2-bbc8-11e8-b2bc-ac1f6b6435d0,0,0
736a8a3a-bba3-11e8-b2b9-ac1f6b6435d0,2,2 21
736bae2e-bba3-11e8-b2b9-ac1f6b6435d0,23,23
736bc290-bbc8-11e8-b2bc-ac1f6b6435d0,4 2,2 26
736d5ad6-bbac-11e8-b2ba-ac1f6b6435d0,22 0,0
73730a40-bbba-11e8-b2ba-ac1f6b6435d0,21,21
73780a34-bb99-11e8-b2b9-ac1f6b6435d0,5,5
737c660e-bbb4-11e8-b2ba-ac1f6b6435d0,0,0
737d18f0-bbb0-11e8-b2ba-ac1f6b6435d0,3,3
738284e2-bbb6-11e8-b2ba-ac1f6b6435d0,0,0 24
73869b50-bbba-11e8-b2ba-ac1f6b6435d0,5,5
738cf44c-bbbe-11e8-b2ba-ac1f6b6435d0,1 2,1 2
73905d7e-bbac-11e8-b2ba-ac1f6b6435d0,0 21,0 14 21
7390ac18-bbaf-11e8-b2ba-ac1f6b6435d0,3,2
739120b8-bbb3-11e8-b2ba-ac1f6b6435d0,13,13
7391c0fc-bbc4-11e8-b2bc-ac1f6b6435d0,23 0,0
7392909a-bba1-11e8-b2b9-ac1f6b6435d0,5,5
739453ba-bb99-11e8-b2b9-ac1f6b6435d0,6,6
7396499c-bba6-11e8-b2ba-ac1f6b6435d0,7 21,7 21
73966c8e-bba5-11e8-b2ba-ac1f6b6435d0,1,0 1
73981be4-bbc6-11e8-b2bc-ac1f6b6435d0,25 7 0,7
7399c894-bbae-11e8-b2ba-ac1f6b6435d0,0,0
739a56a0-bbb9-11e8-b2ba-ac1f6b6435d0,25,25
739a7238-bbbf-11e8-b2bb-ac1f6b6435d0,5,5
739a816e-bbbb-11e8-b2ba-ac1f6b6435d0,1,1
739b0880-bbae-11e8-b2ba-ac1f6b6435d0,6,6
739be34a-bbb3-11e8-b2ba-ac1f6b6435d0,14 3 0,0 3 14
739f0598-bbc7-11e8-b2bc-ac1f6b6435d0,13 0 21,0 13 21
739f5062-bba3-11e8-b2b9-ac1f6b6435d0,22 0,0 22
73a1716a-bb9b-11e8-b2b9-ac1f6b6435d0,11,0
73a95ca2-bba7-11e8-b2ba-ac1f6b6435d0,7 0,0 7
73a9e260-bb9a-11e8-b2b9-ac1f6b6435d0,25 2,2 25
73b5e286-bbb3-11e8-b2ba-ac1f6b6435d0,23 0,0 23
73b7351c-bbbf-11e8-b2bb-ac1f6b6435d0,25 14,14 21 25
73b84122-bb9d-11e8-b2b9-ac1f6b6435d0,19 25,25
73b8ecc6-bba2-11e8-b2b9-ac1f6b6435d0,25 3 0,0 25
73bcfc4a-bbbf-11e8-b2bb-ac1f6b6435d0,0 21,0 21 25
73bedd44-bbc4-11e8-b2bc-ac1f6b6435d0,2 21,2 21
73bf0c64-bbb6-11e8-b2ba-ac1f6b6435d0,25 18,18 25
73c0fb62-bbb8-11e8-b2ba-ac1f6b6435d0,3,3
73c93cb6-bbb6-11e8-b2ba-ac1f6b6435d0,4,4
73cb4208-bb99-11e8-b2b9-ac1f6b6435d0,25 23 0,0 25
73cbbe52-bbb4-11e8-b2ba-ac1f6b6435d0,6,25
73cfd8a0-bbb1-11e8-b2ba-ac1f6b6435d0,23 5,23
73d0e08e-bbab-11e8-b2ba-ac1f6b6435d0,25 0,0
73d23dc6-bbc4-11e8-b2bc-ac1f6b6435d0,0 21,21
73d46a32-bbc0-11e8-b2bb-ac1f6b6435d0,25,25
73d5b70e-bbb9-11e8-b2ba-ac1f6b6435d0,7,7
73d74d2a-bbb5-11e8-b2ba-ac1f6b6435d0,21,0 21 25
73d7919a-bba6-11e8-b2ba-ac1f6b6435d0,25 0,0 21
73d8b330-bb9d-11e8-b2b9-ac1f6b6435d0,21,21
73d9bbc0-bb9a-11e8-b2b9-ac1f6b6435d0,19 0,0 7
73daab44-bbc1-11e8-b2bb-ac1f6b6435d0,25 2,2 25
73db8ec4-bbad-11e8-b2ba-ac1f6b6435d0,6,6
73dcec4e-bba6-11e8-b2ba-ac1f6b6435d0,22 0,0 22
73dd8960-bba6-11e8-b2ba-ac1f6b6435d0,23,23
73e78512-bba8-11e8-b2ba-ac1f6b6435d0,13 21,13
73e896a2-bbbf-11e8-b2bb-ac1f6b6435d0,19 25 0,0 25
73e95bd4-bba4-11e8-b2b9-ac1f6b6435d0,0,0
73ef1c9c-bbb6-11e8-b2ba-ac1f6b6435d0,25,25
73ef667e-bbb7-11e8-b2ba-ac1f6b6435d0,21,21
73f49160-bbc8-11e8-b2bc-ac1f6b6435d0,20,20
73f8f75a-bbb9-11e8-b2ba-ac1f6b6435d0,25 0,0 25
73f8fed6-bbb3-11e8-b2ba-ac1f6b6435d0,3 0,3
73f96b1e-bb9a-11e8-b2b9-ac1f6b6435d0,25 18,21
73f9ff84-bbae-11e8-b2ba-ac1f6b6435d0,0 21,0
73fe077c-bbaf-11e8-b2ba-ac1f6b6435d0,0,0 2
73ffbb90-bbae-11e8-b2ba-ac1f6b6435d0,2 0,0 2
740212c8-bb9f-11e8-b2b9-ac1f6b6435d0,19 25,21
7402f420-bbb5-11e8-b2ba-ac1f6b6435d0,3 0,0 3
74033510-bbc5-11e8-b2bc-ac1f6b6435d0,2,2
74045f68-bba6-11e8-b2ba-ac1f6b6435d0,3,3
7404c184-bbbe-11e8-b2ba-ac1f6b6435d0,25 4,4 25
740844de-bbc9-11e8-b2bc-ac1f6b6435d0,20,20
740c1a72-bbc0-11e8-b2bb-ac1f6b6435d0,23 0 21,0 23 25
740d8bb8-bba8-11e8-b2ba-ac1f6b6435d0,23,23
740f40c0-bbad-11e8-b2ba-ac1f6b6435d0,24,24
7411f4b0-bbca-11e8-b2bc-ac1f6b6435d0,4,4
74139cb4-bbbd-11e8-b2ba-ac1f6b6435d0,25 0,0 25
74148a20-bbbd-11e8-b2ba-ac1f6b6435d0,23,23
7419270c-bb99-11e8-b2b9-ac1f6b6435d0,7 21,7 21
741ad500-bba0-11e8-b2b9-ac1f6b6435d0,5,5
741ae068-bb9b-11e8-b2b9-ac1f6b6435d0,25 21,21 25
741b24b8-bbca-11e8-b2bc-ac1f6b6435d0,19 0 21,0 19 21
741ecaba-bbab-11e8-b2ba-ac1f6b6435d0,25 0,0 5 25
7420c8e8-bb9b-11e8-b2b9-ac1f6b6435d0,25 14,25
742299ba-bbc4-11e8-b2bc-ac1f6b6435d0,7 2,2 7
74239b82-bb9f-11e8-b2b9-ac1f6b6435d0,0 21,0 22
742445c0-bba2-11e8-b2b9-ac1f6b6435d0,25 7 0 21,0 7 21
7424ce66-bbbe-11e8-b2ba-ac1f6b6435d0,25 6,6 25
742628fc-bbbd-11e8-b2ba-ac1f6b6435d0,19,19 26
7429adac-bbad-11e8-b2ba-ac1f6b6435d0,0,0
742c0ac8-bbc3-11e8-b2bc-ac1f6b6435d0,0 21,21
742f739e-bbb8-11e8-b2ba-ac1f6b6435d0,18,19
7430c4da-bbca-11e8-b2bc-ac1f6b6435d0,13 21,21 25
743127ce-bbaf-11e8-b2ba-ac1f6b6435d0,25 21,0
74327186-bbc5-11e8-b2bc-ac1f6b6435d0,25 0,0 25
743383e2-bbba-11e8-b2ba-ac1f6b6435d0,25 5,0 5 25
74339a56-bbb2-11e8-b2ba-ac1f6b6435d0,25 4,21 25
743509e2-bba1-11e8-b2b9-ac1f6b6435d0,0,0
7438c756-bbbc-11e8-b2ba-ac1f6b6435d0,23,23
743ac4fe-bbab-11e8-b2ba-ac1f6b6435d0,25 7,7 25
743dfad0-bbc3-11e8-b2bc-ac1f6b6435d0,19,0 19
743f28ea-bbc0-11e8-b2bb-ac1f6b6435d0,25,25
74400de8-bbb9-11e8-b2ba-ac1f6b6435d0,24,24
7443a632-bbb5-11e8-b2ba-ac1f6b6435d0,0,0
7445b928-bb9b-11e8-b2b9-ac1f6b6435d0,7 0,0 7
7446adfe-bbc5-11e8-b2bc-ac1f6b6435d0,25 14,14
74492e5e-bbab-11e8-b2ba-ac1f6b6435d0,25 0,0 25
744bbe24-bb9e-11e8-b2b9-ac1f6b6435d0,0,0
744cf4a4-bbaf-11e8-b2ba-ac1f6b6435d0,16 14 4,4 14 16
744fabec-bb99-11e8-b2b9-ac1f6b6435d0,22 21,25
7450f188-bbb1-11e8-b2ba-ac1f6b6435d0,0,0
7452981a-bba4-11e8-b2b9-ac1f6b6435d0,0,0 25
7452a448-bba6-11e8-b2ba-ac1f6b6435d0,19,18 19
7452dd5c-bbc2-11e8-b2bb-ac1f6b6435d0,22 4 21,4
74530a78-bba6-11e8-b2ba-ac1f6b6435d0,23,7
7455e254-bb9a-11e8-b2b9-ac1f6b6435d0,0 21,0 21 22
74581c74-bba2-11e8-b2b9-ac1f6b6435d0,2 0,0 2 25
7458724e-bba9-11e8-b2ba-ac1f6b6435d0,3,3
7459bdcc-bbca-11e8-b2bc-ac1f6b6435d0,0,0
745db09a-bbba-11e8-b2ba-ac1f6b6435d0,7 0,0 7
74610822-bbaf-11e8-b2ba-ac1f6b6435d0,12 13 0 21,13 21
74620e6c-bbbd-11e8-b2ba-ac1f6b6435d0,0,0
7465a65e-bb99-11e8-b2b9-ac1f6b6435d0,18 0,0 18 25
746631fe-bb9a-11e8-b2b9-ac1f6b6435d0,19 0,0 19
746963ee-bba7-11e8-b2ba-ac1f6b6435d0,19,0 19
746acc86-bba0-11e8-b2b9-ac1f6b6435d0,7 0,0 7
746ba9e0-bba9-11e8-b2ba-ac1f6b6435d0,23 0,0 23
746e9574-bb9f-11e8-b2b9-ac1f6b6435d0,22 23,23
746f689e-bbab-11e8-b2ba-ac1f6b6435d0,19 0,0 19
7470f644-bbad-11e8-b2ba-ac1f6b6435d0,19 25 0,0 18 19 25
747118ac-bbc8-11e8-b2bc-ac1f6b6435d0,19 25,19 25
74741d3a-bbb5-11e8-b2ba-ac1f6b6435d0,25 21,21
747633e6-bba0-11e8-b2b9-ac1f6b6435d0,0,0
747913b6-bbac-11e8-b2ba-ac1f6b6435d0,4,0
7479e738-bbc4-11e8-b2bc-ac1f6b6435d0,14,14
747af6ae-bb9d-11e8-b2b9-ac1f6b6435d0,23 4,4 23
7480ca16-bbc0-11e8-b2bb-ac1f6b6435d0,5,5
748699d8-bbb0-11e8-b2ba-ac1f6b6435d0,4,4
74886650-bbc9-11e8-b2bc-ac1f6b6435d0,1 0,0 1
74887cc0-bbc5-11e8-b2bc-ac1f6b6435d0,6,25
748a6294-bbc8-11e8-b2bc-ac1f6b6435d0,0,0 2
748b0a5c-bbad-11e8-b2ba-ac1f6b6435d0,25 0,0 25
748de1fe-bbbd-11e8-b2ba-ac1f6b6435d0,23 2 0,0 2
7490c8d2-bbaa-11e8-b2ba-ac1f6b6435d0,23,25
7492bf68-bbad-11e8-b2ba-ac1f6b6435d0,25,0
74946aa4-bbba-11e8-b2ba-ac1f6b6435d0,1 0,0 1
7497556c-bbaa-11e8-b2ba-ac1f6b6435d0,6,6
74994528-bbb1-11e8-b2ba-ac1f6b6435d0,19,19
749a4a08-bbbc-11e8-b2ba-ac1f6b6435d0,19,19
749bc05e-bbb2-11e8-b2ba-ac1f6b6435d0,16 25 0,0 25
749cc126-bbb6-11e8-b2ba-ac1f6b6435d0,11 0,0 11
749f3c28-bba5-11e8-b2ba-ac1f6b6435d0,25 0,0 25
74a3bd16-bbaf-11e8-b2ba-ac1f6b6435d0,25 5,5 25
74a4f24e-bbaf-11e8-b2ba-ac1f6b6435d0,23,23
74a78590-bbbe-11e8-b2ba-ac1f6b6435d0,7,23
74a831e0-bbc6-11e8-b2bc-ac1f6b6435d0,25 3,19
74a9c7aa-bbc4-11e8-b2bc-ac1f6b6435d0,3 0,0 3
74aba31e-bbc8-11e8-b2bc-ac1f6b6435d0,25 7 0,0 7 25
74ac3346-bbb5-11e8-b2ba-ac1f6b6435d0,1 0,0 1
74ad36ca-bbbe-11e8-b2ba-ac1f6b6435d0,4,4
74b52b52-bbbc-11e8-b2ba-ac1f6b6435d0,25 2 0,0 2 25
74b81b44-bbc8-11e8-b2bc-ac1f6b6435d0,22 23 0,0 22
74b977c0-bbc6-11e8-b2bc-ac1f6b6435d0,25 2 0,0 2 25
74bfc2d6-bbbe-11e8-b2ba-ac1f6b6435d0,25 11 2 0,0 2 11 25
74c18866-bb9e-11e8-b2b9-ac1f6b6435d0,25,6
74c24db4-bbb2-11e8-b2ba-ac1f6b6435d0,14 0,0 3 14 25
74c60a7a-bbae-11e8-b2ba-ac1f6b6435d0,25 0 21,21 25
74c88ace-bba5-11e8-b2ba-ac1f6b6435d0,19,19
74cbc9c4-bbbd-11e8-b2ba-ac1f6b6435d0,25,19 21
74cd2170-bbae-11e8-b2ba-ac1f6b6435d0,14 0,0 14
74ce6b66-bbb8-11e8-b2ba-ac1f6b6435d0,22 21,21 22
74d2a638-bba2-11e8-b2b9-ac1f6b6435d0,25 0,0 21
74d43bba-bbc0-11e8-b2bb-ac1f6b6435d0,24,24
74d5d3c6-bbbb-11e8-b2ba-ac1f6b6435d0,5 0,0 5
74d61768-bbc1-11e8-b2bb-ac1f6b6435d0,18,18
74d68d14-bbb8-11e8-b2ba-ac1f6b6435d0,23 21,0 25
74da8684-bb9b-11e8-b2b9-ac1f6b6435d0,19 0,0 19
74dd735c-bbba-11e8-b2ba-ac1f6b6435d0,6,0 6
74de1588-bba5-11e8-b2ba-ac1f6b6435d0,19 2,2 19
74dedd3c-bbb5-11e8-b2ba-ac1f6b6435d0,25,21 25
74e4713c-bbbc-11e8-b2ba-ac1f6b6435d0,12 5 0,5 12 25
74e7f148-bbaa-11e8-b2ba-ac1f6b6435d0,14 2,4 14
74e905ae-bbc0-11e8-b2bb-ac1f6b6435d0,0,0
74ecf336-bbba-11e8-b2ba-ac1f6b6435d0,25 5 0,5
74ed353c-bb9a-11e8-b2b9-ac1f6b6435d0,4,4
74f318f4-bb99-11e8-b2b9-ac1f6b6435d0,0,0
74f9aa14-bbb9-11e8-b2ba-ac1f6b6435d0,2,2
74fa344c-bbc4-11e8-b2bc-ac1f6b6435d0,25 7,0 7 21 25
74fbf8f6-bbc7-11e8-b2bc-ac1f6b6435d0,25 0,25
74fd57da-bba6-11e8-b2ba-ac1f6b6435d0,0,0
74fde0d8-bbab-11e8-b2ba-ac1f6b6435d0,23 4,4 23
74fe2612-bb9f-11e8-b2b9-ac1f6b6435d0,22 7 0,7 22
74fe45b6-bbb3-11e8-b2ba-ac1f6b6435d0,23,0 23
75038fde-bbb9-11e8-b2ba-ac1f6b6435d0,25 0,0 25
75040008-bbbf-11e8-b2bb-ac1f6b6435d0,22 21,4 21 22
75053bf2-bbac-11e8-b2ba-ac1f6b6435d0,25 5 0,5 25
750a1d30-bb9c-11e8-b2b9-ac1f6b6435d0,0,0
750b8636-bb9a-11e8-b2b9-ac1f6b6435d0,0 21,0
750cf1ea-bbba-11e8-b2ba-ac1f6b6435d0,21,0 12 21
750d7306-bba9-11e8-b2ba-ac1f6b6435d0,19,18 19
750f443e-bbc6-11e8-b2bc-ac1f6b6435d0,7,25
75135c36-bbbc-11e8-b2ba-ac1f6b6435d0,25 7,25
7513a0be-bbae-11e8-b2ba-ac1f6b6435d0,25,25
7515f3d6-bbaf-11e8-b2ba-ac1f6b6435d0,25 14,14 19
75189be2-bb9e-11e8-b2b9-ac1f6b6435d0,0,0
751a0038-bbb5-11e8-b2ba-ac1f6b6435d0,0,0
751e6dfa-bbc7-11e8-b2bc-ac1f6b6435d0,25 21,21 25
751fbc0c-bbb6-11e8-b2ba-ac1f6b6435d0,2,0 2 25
75250fbe-bb9c-11e8-b2b9-ac1f6b6435d0,21,21
7527adac-bb9a-11e8-b2b9-ac1f6b6435d0,25 0,0 5 25
752926b4-bbb8-11e8-b2ba-ac1f6b6435d0,25 0,0 25
752950d0-bbc7-11e8-b2bc-ac1f6b6435d0,0 21,21
752a3a44-bba5-11e8-b2ba-ac1f6b6435d0,25 2,21
752a42da-bbc5-11e8-b2bc-ac1f6b6435d0,24,24
752b00c6-bbbb-11e8-b2ba-ac1f6b6435d0,25,21 25
752df0bc-bba5-11e8-b2ba-ac1f6b6435d0,6 3,3 25
75318382-bb99-11e8-b2b9-ac1f6b6435d0,5 0,0
753814c8-bb9d-11e8-b2b9-ac1f6b6435d0,0 21,0 21 25
753b319e-bb9d-11e8-b2b9-ac1f6b6435d0,25 0,0
753d0df2-bbbb-11e8-b2ba-ac1f6b6435d0,0,0
753ddf44-bbb5-11e8-b2ba-ac1f6b6435d0,4,4
753ea04e-bb99-11e8-b2b9-ac1f6b6435d0,19,11 25
7543163e-bbb1-11e8-b2ba-ac1f6b6435d0,16 0,0 25
7543b4e6-bb9c-11e8-b2b9-ac1f6b6435d0,25 3,3 25
754648d8-bba0-11e8-b2b9-ac1f6b6435d0,19 0,0 18
7549e83e-bbc9-11e8-b2bc-ac1f6b6435d0,2,2
754bf77a-bba9-11e8-b2ba-ac1f6b6435d0,25 18,18
754f30b6-bb9f-11e8-b2b9-ac1f6b6435d0,9 10,8 9 10
75522d6e-bbb0-11e8-b2ba-ac1f6b6435d0,25 4,18
7554198a-bb9c-11e8-b2b9-ac1f6b6435d0,18,18
7555d260-bbac-11e8-b2ba-ac1f6b6435d0,25,25
7557c7f6-bba1-11e8-b2b9-ac1f6b6435d0,25 0 21,0 21
7559f4a2-bba8-11e8-b2ba-ac1f6b6435d0,0 21,0 21
755c6708-bba5-11e8-b2ba-ac1f6b6435d0,7,7
755cfd16-bba6-11e8-b2ba-ac1f6b6435d0,0,0
755e2e5e-bba9-11e8-b2ba-ac1f6b6435d0,25 11 2 0,0 2 11 25
755f1d4a-bbc8-11e8-b2bc-ac1f6b6435d0,16 0,0 16
755f406a-bbb2-11e8-b2ba-ac1f6b6435d0,19,19
75633fd2-bbab-11e8-b2ba-ac1f6b6435d0,23 4,4
75651fae-bb9d-11e8-b2b9-ac1f6b6435d0,5,5
756c7896-bbbe-11e8-b2ba-ac1f6b6435d0,1,1
756c88de-bbbb-11e8-b2ba-ac1f6b6435d0,3,3
756dc062-bb9a-11e8-b2b9-ac1f6b6435d0,16 0 21,0 14
756dfec6-bbc5-11e8-b2bc-ac1f6b6435d0,4,4
75711176-bbc3-11e8-b2bc-ac1f6b6435d0,21,21
757243d2-bbbb-11e8-b2ba-ac1f6b6435d0,0,0
7572d8ea-bbbd-11e8-b2ba-ac1f6b6435d0,19 0,5
757b5e46-bbba-11e8-b2ba-ac1f6b6435d0,25 0,0 5 25
757f2e9a-bb9c-11e8-b2b9-ac1f6b6435d0,4,4
7580e0fa-bbb0-11e8-b2ba-ac1f6b6435d0,3,3
7585e172-bb9c-11e8-b2b9-ac1f6b6435d0,25 3 0,0 3 25
75878064-bba0-11e8-b2b9-ac1f6b6435d0,25 0,0 25
7588af80-bbb8-11e8-b2ba-ac1f6b6435d0,3,0 3
7589e938-bbb6-11e8-b2ba-ac1f6b6435d0,4,0
758a2678-bbac-11e8-b2ba-ac1f6b6435d0,2 0,0 2
758c6aae-bbc6-11e8-b2bc-ac1f6b6435d0,19,18
758d496a-bbbc-11e8-b2ba-ac1f6b6435d0,18,19
758de616-bba0-11e8-b2b9-ac1f6b6435d0,3 0,0 3 25
75920d3a-bbb5-11e8-b2ba-ac1f6b6435d0,25 4 2,3 4 25
75926b0e-bb9c-11e8-b2b9-ac1f6b6435d0,4,4
7593bf8e-bba8-11e8-b2ba-ac1f6b6435d0,7,7
759739b8-bbbf-11e8-b2bb-ac1f6b6435d0,7 0,0 7
7599175a-bbca-11e8-b2bc-ac1f6b6435d0,25 0,0 25
759da91e-bbac-11e8-b2ba-ac1f6b6435d0,25,21
759e44a2-bbb9-11e8-b2ba-ac1f6b6435d0,4,4
75a389de-bbb0-11e8-b2ba-ac1f6b6435d0,2,3
75a3ab86-bba0-11e8-b2b9-ac1f6b6435d0,0 21,0 25
75a491ee-bbc4-11e8-b2bc-ac1f6b6435d0,1 0,0
75a8144c-bbc7-11e8-b2bc-ac1f6b6435d0,23,23
75a84372-bb9f-11e8-b2b9-ac1f6b6435d0,25 21,0 21 25
75a8c100-bbc5-11e8-b2bc-ac1f6b6435d0,25 0,0 25
75a98340-bba4-11e8-b2b9-ac1f6b6435d0,2 0,0 2
75ae34da-bbbd-11e8-b2ba-ac1f6b6435d0,17 0,0 25
75b0459a-bbae-11e8-b2ba-ac1f6b6435d0,7,7
75b34720-bbc9-11e8-b2bc-ac1f6b6435d0,5,0 5
75b35ea4-bbc9-11e8-b2bc-ac1f6b6435d0,0,7
75b361da-bbbd-11e8-b2ba-ac1f6b6435d0,25 18,25
75b5c4e4-bbc6-11e8-b2bc-ac1f6b6435d0,25,25
75b8a772-bbad-11e8-b2ba-ac1f6b6435d0,7,7
75b8f232-bbb6-11e8-b2ba-ac1f6b6435d0,23,0 23
75b92892-bbb1-11e8-b2ba-ac1f6b6435d0,1 3,0 1
75b9a060-bb9d-11e8-b2b9-ac1f6b6435d0,23,23
75bbce68-bb9c-11e8-b2b9-ac1f6b6435d0,26 25,25 26
75be45d6-bbc3-11e8-b2bc-ac1f6b6435d0,25 18,7 18
75bebd0a-bbb3-11e8-b2ba-ac1f6b6435d0,19,18
75bfb99e-bba4-11e8-b2b9-ac1f6b6435d0,6,25
75ca4156-bbbe-11e8-b2ba-ac1f6b6435d0,0,25
75caf054-bbb6-11e8-b2ba-ac1f6b6435d0,19 0,0
75cb690c-bbb2-11e8-b2ba-ac1f6b6435d0,25 21,25
75cc797e-bbb1-11e8-b2ba-ac1f6b6435d0,25 0,0 25
75cd0aae-bbae-11e8-b2ba-ac1f6b6435d0,25 11 0,0 11 25
75d33706-bbc9-11e8-b2bc-ac1f6b6435d0,25 7 0,0 7
75d384e2-bbc2-11e8-b2bb-ac1f6b6435d0,23 5,11
75d49428-bbc1-11e8-b2bb-ac1f6b6435d0,2,2 3
75d82158-bbc4-11e8-b2bc-ac1f6b6435d0,0,0
75d9db26-bbc2-11e8-b2bb-ac1f6b6435d0,25 0,25
75db633c-bb9b-11e8-b2b9-ac1f6b6435d0,2,2
75dbdb90-bbba-11e8-b2ba-ac1f6b6435d0,25 0,0
75dd487a-bb99-11e8-b2b9-ac1f6b6435d0,11 0,0
75dfd886-bbaa-11e8-b2ba-ac1f6b6435d0,22,22
75e09b06-bbbc-11e8-b2ba-ac1f6b6435d0,1 0,0 1
75e703a4-bba5-11e8-b2ba-ac1f6b6435d0,4,4
75f38c82-bbc8-11e8-b2bc-ac1f6b6435d0,25,25
75f53b88-bb99-11e8-b2b9-ac1f6b6435d0,25 0 21,0 25
75f738c4-bbc7-11e8-b2bc-ac1f6b6435d0,22 7 0,5
75fc4020-bba5-11e8-b2ba-ac1f6b6435d0,2,2
76006840-bbc2-11e8-b2bb-ac1f6b6435d0,12 25,21 25
76009c26-bb9e-11e8-b2b9-ac1f6b6435d0,7 0,0
76020ac8-bba5-11e8-b2ba-ac1f6b6435d0,23,23
7603cc54-bbba-11e8-b2ba-ac1f6b6435d0,13,13
76079cca-bbc0-11e8-b2bb-ac1f6b6435d0,18,18
7607c51e-bbb2-11e8-b2ba-ac1f6b6435d0,7,7 20
760e36a8-bba6-11e8-b2ba-ac1f6b6435d0,21,0 21 22
76108a9a-bbbd-11e8-b2ba-ac1f6b6435d0,25,21 25
76178482-bba7-11e8-b2ba-ac1f6b6435d0,23,23
761933c4-bbbe-11e8-b2ba-ac1f6b6435d0,13 1 0,0 1
761dfb28-bbca-11e8-b2bc-ac1f6b6435d0,23,23
7620e30a-bbb7-11e8-b2ba-ac1f6b6435d0,7 0,0 7
76247436-bbc9-11e8-b2bc-ac1f6b6435d0,25,25
762582b8-bba6-11e8-b2ba-ac1f6b6435d0,7 0,7
7625dd98-bba2-11e8-b2b9-ac1f6b6435d0,25 0,25
762681e6-bbbe-11e8-b2ba-ac1f6b6435d0,23,23
7626d306-bba2-11e8-b2b9-ac1f6b6435d0,23,23
76274884-bbc7-11e8-b2bc-ac1f6b6435d0,3,3
76279516-bbca-11e8-b2bc-ac1f6b6435d0,21,21
762b02c6-bbb3-11e8-b2ba-ac1f6b6435d0,7,7
762ed75e-bbac-11e8-b2ba-ac1f6b6435d0,23,23
762fac94-bbaf-11e8-b2ba-ac1f6b6435d0,0,0 17 25
762fd0d6-bbc6-11e8-b2bc-ac1f6b6435d0,0,0
76312ba8-bba7-11e8-b2ba-ac1f6b6435d0,25 18 0,0 25
7633a416-bbaa-11e8-b2ba-ac1f6b6435d0,21,2 21
76370f66-bbc8-11e8-b2bc-ac1f6b6435d0,4 3,0 5
763c4638-bbbf-11e8-b2bb-ac1f6b6435d0,25 0,0 25
76411ff8-bbc6-11e8-b2bc-ac1f6b6435d0,22,22
764134a4-bba6-11e8-b2ba-ac1f6b6435d0,16 25 0,0 16 17 25
76494604-bbaf-11e8-b2ba-ac1f6b6435d0,25 2 0 21,0 2 21 25
7649c95e-bba9-11e8-b2ba-ac1f6b6435d0,6,6
764bd4d8-bba9-11e8-b2ba-ac1f6b6435d0,12 21,21
764d416a-bbc7-11e8-b2bc-ac1f6b6435d0,20,6 20
76527ba6-bbc4-11e8-b2bc-ac1f6b6435d0,7,7
76535d38-bbb9-11e8-b2ba-ac1f6b6435d0,0 21,0 21
76538c70-bbb6-11e8-b2ba-ac1f6b6435d0,6,6
76570b92-bba8-11e8-b2ba-ac1f6b6435d0,1,1
7657aec8-bbab-11e8-b2ba-ac1f6b6435d0,21,12 21
7657b14c-bba2-11e8-b2b9-ac1f6b6435d0,14 0,0 14
765b1ea8-bba3-11e8-b2b9-ac1f6b6435d0,26 0,0
76633bc4-bbb2-11e8-b2ba-ac1f6b6435d0,26,26
76639aea-bbaa-11e8-b2ba-ac1f6b6435d0,1,0 1
766591e0-bbb1-11e8-b2ba-ac1f6b6435d0,7 3 0,0 3 7
7666cca6-bbaa-11e8-b2ba-ac1f6b6435d0,16 15 2,2 15 16 17
76687410-bbbf-11e8-b2bb-ac1f6b6435d0,21,21
7668f228-bba1-11e8-b2b9-ac1f6b6435d0,2 0 21,0 2 21
76699240-bba2-11e8-b2b9-ac1f6b6435d0,5,5
7669ff54-bbb7-11e8-b2ba-ac1f6b6435d0,2 0,0 2
766b872a-bbc6-11e8-b2bc-ac1f6b6435d0,25 0,0 23
766b8f22-bbb7-11e8-b2ba-ac1f6b6435d0,11 4,4
766d850a-bbc8-11e8-b2bc-ac1f6b6435d0,25 1 0,0 1 25
766ef0d8-bbb0-11e8-b2ba-ac1f6b6435d0,22,22
7673d9fa-bb9b-11e8-b2b9-ac1f6b6435d0,0,0
7679c960-bbc2-11e8-b2bb-ac1f6b6435d0,25,25
767a3a7c-bbc1-11e8-b2bb-ac1f6b6435d0,11,11
767aa3e2-bbb5-11e8-b2ba-ac1f6b6435d0,3 0,0 3 25
767d139e-bbb9-11e8-b2ba-ac1f6b6435d0,25,6
767d86d0-bbb4-11e8-b2ba-ac1f6b6435d0,8,8 20
767f1332-bb9c-11e8-b2b9-ac1f6b6435d0,25 0,0
7680dcb2-bbb5-11e8-b2ba-ac1f6b6435d0,25,2 25
768333b8-bbb5-11e8-b2ba-ac1f6b6435d0,25 7 4,2 23
76866eba-bbb6-11e8-b2ba-ac1f6b6435d0,6 18,18 19 25
768a8f48-bbbd-11e8-b2ba-ac1f6b6435d0,5,5
768c0760-bbae-11e8-b2ba-ac1f6b6435d0,7,7
768d8dd2-bb9b-11e8-b2b9-ac1f6b6435d0,7 3,6 7
768fb20c-bb9f-11e8-b2b9-ac1f6b6435d0,23 2,2 23
76916b8e-bbb2-11e8-b2ba-ac1f6b6435d0,11,11
76925aba-bbb4-11e8-b2ba-ac1f6b6435d0,23,23
76929486-bbc2-11e8-b2bb-ac1f6b6435d0,0 21,0 22
7695598e-bbac-11e8-b2ba-ac1f6b6435d0,7 3,3 7
76955eb0-bba8-11e8-b2ba-ac1f6b6435d0,6,25 26
7699dd5a-bbb2-11e8-b2ba-ac1f6b6435d0,25 7,7 25
76a0cbe2-bbb2-11e8-b2ba-ac1f6b6435d0,4 2,0 2
76a14da0-bbae-11e8-b2ba-ac1f6b6435d0,25 2 0,0 2 25
76a424ec-bbbf-11e8-b2bb-ac1f6b6435d0,25 0,0 25
76a43194-bb9c-11e8-b2b9-ac1f6b6435d0,2,2
76a595c8-bbb2-11e8-b2ba-ac1f6b6435d0,6,25
76a66f5c-bba3-11e8-b2b9-ac1f6b6435d0,26,0 25 26
76a79f0a-bba1-11e8-b2b9-ac1f6b6435d0,7 0,0 25
76aab9a2-bba0-11e8-b2b9-ac1f6b6435d0,4,0
76ab238c-bbb5-11e8-b2ba-ac1f6b6435d0,7,7 20
76ab45ac-bbc3-11e8-b2bc-ac1f6b6435d0,25 3 0,0 3 5 25
76abe3be-bb9a-11e8-b2b9-ac1f6b6435d0,19,19
76b054c8-bbca-11e8-b2bc-ac1f6b6435d0,25 23 0,0 23
76b1feda-bbc6-11e8-b2bc-ac1f6b6435d0,25 0,0 25
76b48fec-bbad-11e8-b2ba-ac1f6b6435d0,11 2 0,0 2 21
76b53ee4-bbc4-11e8-b2bc-ac1f6b6435d0,25 0,0 25
76b7e4a4-bbc0-11e8-b2bb-ac1f6b6435d0,5,0
76b99dce-bbc7-11e8-b2bc-ac1f6b6435d0,21,21
76bdbad0-bbc7-11e8-b2bc-ac1f6b6435d0,11,19
76bed770-bbb9-11e8-b2ba-ac1f6b6435d0,0 21,0 21
76bf029c-bbad-11e8-b2ba-ac1f6b6435d0,18,18
76bf7cc8-bbbb-11e8-b2ba-ac1f6b6435d0,4,4
76c18d82-bbbc-11e8-b2ba-ac1f6b6435d0,25 0,0 25
76c28da2-bbb4-11e8-b2ba-ac1f6b6435d0,21,21
76c5c636-bba3-11e8-b2b9-ac1f6b6435d0,12 0,4 12
76c5ddde-bbb1-11e8-b2ba-ac1f6b6435d0,7,7
76c78792-bba7-11e8-b2ba-ac1f6b6435d0,16 0,0
76c9f3f2-bbb5-11e8-b2ba-ac1f6b6435d0,3 0,0
76cb50ec-bba8-11e8-b2ba-ac1f6b6435d0,4,5
76cf3584-bbb9-11e8-b2ba-ac1f6b6435d0,25 0,0 11
76d12db2-bbc3-11e8-b2bc-ac1f6b6435d0,25 0,0
76d39e2c-bbbd-11e8-b2ba-ac1f6b6435d0,3,0 3
76d4aa10-bba4-11e8-b2b9-ac1f6b6435d0,25 4,4
76d4d8b8-bbb9-11e8-b2ba-ac1f6b6435d0,24,24
76d52ed0-bba0-11e8-b2b9-ac1f6b6435d0,0,0 5
76d59e9e-bbb7-11e8-b2ba-ac1f6b6435d0,23,20 23
76d7e8b8-bba6-11e8-b2ba-ac1f6b6435d0,25 0,0 25
76d842c0-bbb7-11e8-b2ba-ac1f6b6435d0,24 11,11
76dc61ac-bbb7-11e8-b2ba-ac1f6b6435d0,19 1,25
76de0a8a-bbc0-11e8-b2bb-ac1f6b6435d0,5,19 25
76de53c4-bba6-11e8-b2ba-ac1f6b6435d0,25 11,25
76df6794-bbb2-11e8-b2ba-ac1f6b6435d0,11 0,0 11
76e15620-bb9f-11e8-b2b9-ac1f6b6435d0,2 0,0 2
76e227b4-bbc5-11e8-b2bc-ac1f6b6435d0,5,5
76e42770-bba8-11e8-b2ba-ac1f6b6435d0,19 21,21
76e5b8be-bbc7-11e8-b2bc-ac1f6b6435d0,25 13,13
76e924de-bbc4-11e8-b2bc-ac1f6b6435d0,16 17 0 21,0 25
76e9c66c-bbb7-11e8-b2ba-ac1f6b6435d0,11 0,0
76ead47e-bba0-11e8-b2b9-ac1f6b6435d0,25 0,0 16 17 25
76ee4110-bb9e-11e8-b2b9-ac1f6b6435d0,4,4
76f032b8-bba3-11e8-b2b9-ac1f6b6435d0,23,23
76f3be68-bbbe-11e8-b2ba-ac1f6b6435d0,5,5
76f4599a-bbaf-11e8-b2ba-ac1f6b6435d0,0 21,0
76f5e26c-bbbc-11e8-b2ba-ac1f6b6435d0,25 14,14 25
76f693e6-bbb3-11e8-b2ba-ac1f6b6435d0,23 2 0,0 23
76f8a344-bba8-11e8-b2ba-ac1f6b6435d0,25,25
76fb863a-bbae-11e8-b2ba-ac1f6b6435d0,5 0,0 5
76fcad62-bba9-11e8-b2ba-ac1f6b6435d0,4,4
76fe45a8-bbba-11e8-b2ba-ac1f6b6435d0,26,26
76fe71dc-bbbe-11e8-b2ba-ac1f6b6435d0,1,1
770126a4-bbc6-11e8-b2bc-ac1f6b6435d0,0,0 22
7703b9a0-bbad-11e8-b2ba-ac1f6b6435d0,0,0
77046aa6-bbc8-11e8-b2bc-ac1f6b6435d0,25 0,5 7
7704c3aa-bbc5-11e8-b2bc-ac1f6b6435d0,7 3 0,0 7
7705530c-bbb0-11e8-b2ba-ac1f6b6435d0,5 2,2
770693cc-bb9a-11e8-b2b9-ac1f6b6435d0,3,25
77078130-bba2-11e8-b2b9-ac1f6b6435d0,25 21,21
770c5246-bbc5-11e8-b2bc-ac1f6b6435d0,25 23,25
770ce84e-bba9-11e8-b2ba-ac1f6b6435d0,25 0,0 25
770f2f78-bbb3-11e8-b2ba-ac1f6b6435d0,5,5
77125154-bbc6-11e8-b2bc-ac1f6b6435d0,8,0 2 23
77132d7e-bbc4-11e8-b2bc-ac1f6b6435d0,7,7
77133b3c-bbc1-11e8-b2bb-ac1f6b6435d0,19 23,19
77157d3c-bbbe-11e8-b2ba-ac1f6b6435d0,25 5,0 25
7715d8dc-bbb8-11e8-b2ba-ac1f6b6435d0,2 0 21,2 21
7716ac6a-bbc4-11e8-b2bc-ac1f6b6435d0,4,4
771a7f22-bb9f-11e8-b2b9-ac1f6b6435d0,25 5,5 25
771c686e-bb9a-11e8-b2b9-ac1f6b6435d0,2 0,0
771e3638-bba6-11e8-b2ba-ac1f6b6435d0,25 3,3 25
7721d9f0-bbbf-11e8-b2bb-ac1f6b6435d0,25 0,0 25
7724f4f2-bba9-11e8-b2ba-ac1f6b6435d0,21,21 25
77250684-bbbf-11e8-b2bb-ac1f6b6435d0,0,0
7726a2f8-bba3-11e8-b2b9-ac1f6b6435d0,20 0,0 16
772ad8a8-bbc8-11e8-b2bc-ac1f6b6435d0,0,0 25
772ae61a-bbbc-11e8-b2ba-ac1f6b6435d0,22 0,13
77394a78-bbaa-11e8-b2ba-ac1f6b6435d0,0,0
773af380-bbac-11e8-b2ba-ac1f6b6435d0,13,25
773c92c6-bbb6-11e8-b2ba-ac1f6b6435d0,14,14
773d08c4-bba1-11e8-b2b9-ac1f6b6435d0,0,0
77400cf6-bbc7-11e8-b2bc-ac1f6b6435d0,25 5,0 5 25
7740d502-bbc0-11e8-b2bb-ac1f6b6435d0,23,23
77418284-bbb3-11e8-b2ba-ac1f6b6435d0,1 0,0 1
7744ddc6-bbc7-11e8-b2bc-ac1f6b6435d0,25 11 14,14
774a5836-bbb4-11e8-b2ba-ac1f6b6435d0,0 21,0 21
774adde4-bba8-11e8-b2ba-ac1f6b6435d0,23 0,0 23
774c9f78-bb9c-11e8-b2b9-ac1f6b6435d0,19 25,25
774e0cf2-bbb8-11e8-b2ba-ac1f6b6435d0,3,3
77506d12-bb9f-11e8-b2b9-ac1f6b6435d0,25,25
7751a548-bbbc-11e8-b2ba-ac1f6b6435d0,7,7
775226cc-bbca-11e8-b2bc-ac1f6b6435d0,23 0,0 23
7754cf7a-bba3-11e8-b2b9-ac1f6b6435d0,6 9 10,9 20
77567d56-bbb8-11e8-b2ba-ac1f6b6435d0,2 0,0 2
775a5662-bba7-11e8-b2ba-ac1f6b6435d0,25 1,0 1
775aa1a6-bb9a-11e8-b2b9-ac1f6b6435d0,20,7 25
775c0446-bbb4-11e8-b2ba-ac1f6b6435d0,25 0 21,0 7 25
775c4d7e-bbc9-11e8-b2bc-ac1f6b6435d0,4,4
775e4df0-bbc8-11e8-b2bc-ac1f6b6435d0,7,7
775f0d14-bba3-11e8-b2b9-ac1f6b6435d0,1,1
7760bad6-bbb9-11e8-b2ba-ac1f6b6435d0,0,0
7761930e-bb9e-11e8-b2b9-ac1f6b6435d0,3 0,0
77622b4c-bba9-11e8-b2ba-ac1f6b6435d0,25 0,25
77623d4a-bbbc-11e8-b2ba-ac1f6b6435d0,23,23
7762dc44-bb9b-11e8-b2b9-ac1f6b6435d0,23,23
77680d04-bbb9-11e8-b2ba-ac1f6b6435d0,25 21,21 25
7769f57c-bbac-11e8-b2ba-ac1f6b6435d0,7 0,0 7
776c4990-bbc9-11e8-b2bc-ac1f6b6435d0,23,23
776cc3f8-bba0-11e8-b2b9-ac1f6b6435d0,3,3 25
776fe4c0-bba0-11e8-b2b9-ac1f6b6435d0,25 5,0 25
776ff8fc-bbaf-11e8-b2ba-ac1f6b6435d0,6 2 0,0 2 25
7771774c-bb9e-11e8-b2b9-ac1f6b6435d0,16 25,25
77729ab2-bbaf-11e8-b2ba-ac1f6b6435d0,9 10,9 10 20
77734f2e-bbc9-11e8-b2bc-ac1f6b6435d0,7,7
77773c30-bba9-11e8-b2ba-ac1f6b6435d0,5 0,0 25
77776ae8-bb9a-11e8-b2b9-ac1f6b6435d0,14 0,0 14 16
7777a96e-bba3-11e8-b2b9-ac1f6b6435d0,19 0,0 19
777976ac-bba0-11e8-b2b9-ac1f6b6435d0,0,0 25
777ae856-bbc4-11e8-b2bc-ac1f6b6435d0,25,25
777f0670-bbc9-11e8-b2bc-ac1f6b6435d0,25 0,0 25
77809b8c-bbbc-11e8-b2ba-ac1f6b6435d0,20,23
778156f2-bbb8-11e8-b2ba-ac1f6b6435d0,0 21,0 3
77818f80-bbb5-11e8-b2ba-ac1f6b6435d0,3 0,3
778248a8-bbc9-11e8-b2bc-ac1f6b6435d0,5 0,0
778366ea-bba4-11e8-b2b9-ac1f6b6435d0,0,0
77868626-bb9b-11e8-b2b9-ac1f6b6435d0,25 21,0 21
77871f6e-bbbe-11e8-b2ba-ac1f6b6435d0,1,1
7788e8a0-bb99-11e8-b2b9-ac1f6b6435d0,7,7 25
77896eba-bba8-11e8-b2ba-ac1f6b6435d0,25 21,21 25
779060d2-bbb0-11e8-b2ba-ac1f6b6435d0,1 0,0 1
7790cb00-bbbd-11e8-b2ba-ac1f6b6435d0,25 5,25
77920bb0-bbbc-11e8-b2ba-ac1f6b6435d0,19,5
7792b982-bbc3-11e8-b2bc-ac1f6b6435d0,7,7
7793ad42-bb9b-11e8-b2b9-ac1f6b6435d0,5,5
7794a9aa-bbb3-11e8-b2ba-ac1f6b6435d0,7,0
77961990-bbb1-11e8-b2ba-ac1f6b6435d0,25,25
77975a80-bbca-11e8-b2bc-ac1f6b6435d0,23,23
7797b860-bbaa-11e8-b2ba-ac1f6b6435d0,25,19 25
7798aff8-bbba-11e8-b2ba-ac1f6b6435d0,25,25
779fa76c-bbc5-11e8-b2bc-ac1f6b6435d0,23,23
77a0734a-bba2-11e8-b2b9-ac1f6b6435d0,0,0 25
77a08452-bba7-11e8-b2ba-ac1f6b6435d0,22 0,0 21
77a2b728-bbc9-11e8-b2bc-ac1f6b6435d0,0,0
77a2f158-bbb9-11e8-b2ba-ac1f6b6435d0,5,5
77a355a2-bbc9-11e8-b2bc-ac1f6b6435d0,22 3,0 22
77a82cf8-bbc9-11e8-b2bc-ac1f6b6435d0,16 7,16
77aa841a-bb99-11e8-b2b9-ac1f6b6435d0,25 0,0 21
77ae678a-bba1-11e8-b2b9-ac1f6b6435d0,23,23
77b175ae-bba8-11e8-b2ba-ac1f6b6435d0,0,0
77b2e04e-bbc4-11e8-b2bc-ac1f6b6435d0,23,23
77b5ae30-bbbc-11e8-b2ba-ac1f6b6435d0,19 25 0,19 25
77b6917a-bbac-11e8-b2ba-ac1f6b6435d0,23,23
77bddc74-bbb5-11e8-b2ba-ac1f6b6435d0,7,2
77be59ce-bba6-11e8-b2ba-ac1f6b6435d0,25 3,3
77bf620e-bbc6-11e8-b2bc-ac1f6b6435d0,18,25
77bfe15a-bb9b-11e8-b2b9-ac1f6b6435d0,7,7
77c0d52c-bbbb-11e8-b2ba-ac1f6b6435d0,4,4
77c0fbbe-bbb2-11e8-b2ba-ac1f6b6435d0,6,6 23
77c82edc-bba0-11e8-b2b9-ac1f6b6435d0,11,11
77cba51a-bbb6-11e8-b2ba-ac1f6b6435d0,7 5 1,1 5 7
77cd86ce-bbb0-11e8-b2ba-ac1f6b6435d0,21,21
77cda7ca-bbb6-11e8-b2ba-ac1f6b6435d0,25 0,0 25
77cec8a8-bba7-11e8-b2ba-ac1f6b6435d0,0 21,0 21
77cf37d6-bba0-11e8-b2b9-ac1f6b6435d0,2,0
77cf510c-bbc9-11e8-b2bc-ac1f6b6435d0,0,0
77d25e24-bbba-11e8-b2ba-ac1f6b6435d0,25 11,25
77d2b0e0-bbab-11e8-b2ba-ac1f6b6435d0,2 0,0
77d32280-bbbc-11e8-b2ba-ac1f6b6435d0,22 0,25
77d39986-bba8-11e8-b2ba-ac1f6b6435d0,0,0 4
77d512f2-bb99-11e8-b2b9-ac1f6b6435d0,25 2 0 21,0 21 25
77d91c9c-bbc3-11e8-b2bc-ac1f6b6435d0,21,21
77db1d22-bbb8-11e8-b2ba-ac1f6b6435d0,25 23 0,4 25
77dbcac0-bbb2-11e8-b2ba-ac1f6b6435d0,5,5 25
77dfeb66-bba1-11e8-b2b9-ac1f6b6435d0,25,25
77e329fe-bbbd-11e8-b2ba-ac1f6b6435d0,19 2,2
77e63118-bbad-11e8-b2ba-ac1f6b6435d0,1 0,0 2 21
77e6551c-bbad-11e8-b2ba-ac1f6b6435d0,23 0,0 23
77e76cba-bbb0-11e8-b2ba-ac1f6b6435d0,4,4
77ee56b4-bbca-11e8-b2bc-ac1f6b6435d0,0,0
77f0dac8-bb9e-11e8-b2b9-ac1f6b6435d0,23 2,23
77f3ba26-bb9f-11e8-b2b9-ac1f6b6435d0,21,21
77f62b3e-bba5-11e8-b2ba-ac1f6b6435d0,2 0,0 2
77f6df88-bbc9-11e8-b2bc-ac1f6b6435d0,23 2,0 2 23
77f73606-bba9-11e8-b2ba-ac1f6b6435d0,7 0,0 7
77f73fa0-bbba-11e8-b2ba-ac1f6b6435d0,5 4,4
77f7857a-bbb3-11e8-b2ba-ac1f6b6435d0,7 0,0 25
77f8616c-bba3-11e8-b2b9-ac1f6b6435d0,1,1
77fa1c2a-bba6-11e8-b2ba-ac1f6b6435d0,21,21
77fb5102-bbb6-11e8-b2ba-ac1f6b6435d0,14,0 14
77fd3fde-bbc6-11e8-b2bc-ac1f6b6435d0,0 21,0 21
77fe33b8-bbc0-11e8-b2bb-ac1f6b6435d0,25,6 25
77fe3f7a-bbb6-11e8-b2ba-ac1f6b6435d0,23,23
78005be6-bbb8-11e8-b2ba-ac1f6b6435d0,3,25
7802cd0c-bba6-11e8-b2ba-ac1f6b6435d0,2 0,0
78049894-bbbf-11e8-b2bb-ac1f6b6435d0,14 2,14
78068fb0-bba0-11e8-b2b9-ac1f6b6435d0,11,11
7806ed76-bbc2-11e8-b2bb-ac1f6b6435d0,14,14
780d0290-bbb5-11e8-b2ba-ac1f6b6435d0,19 5 0,0 19
780ec510-bba3-11e8-b2b9-ac1f6b6435d0,7 0,0
7810a126-bbbe-11e8-b2ba-ac1f6b6435d0,3 0,0 2 22
781212e4-bbbf-11e8-b2bb-ac1f6b6435d0,4,4
7813248c-bbc8-11e8-b2bc-ac1f6b6435d0,25 11,11 25
7814a664-bbbd-11e8-b2ba-ac1f6b6435d0,0,0 7
781a9322-bb99-11e8-b2b9-ac1f6b6435d0,13,0 13 21
782dd1de-bbc7-11e8-b2bc-ac1f6b6435d0,4,4 25
783139e8-bbc0-11e8-b2bb-ac1f6b6435d0,22 0,0 22
78343a06-bbae-11e8-b2ba-ac1f6b6435d0,25 4,4 25
783722d4-bba4-11e8-b2b9-ac1f6b6435d0,19 25 0,19
783963fa-bbb3-11e8-b2ba-ac1f6b6435d0,5,5
783c204a-bba9-11e8-b2ba-ac1f6b6435d0,25,6
78411ae2-bbc6-11e8-b2bc-ac1f6b6435d0,16 25 17 0,0 16 17 25
7841a0c8-bbaa-11e8-b2ba-ac1f6b6435d0,25 21,25
78441924-bbba-11e8-b2ba-ac1f6b6435d0,4,4 5
78485092-bbac-11e8-b2ba-ac1f6b6435d0,4,4
7855a500-bbbe-11e8-b2ba-ac1f6b6435d0,12 25,12 21 25
7857e4a6-bbbd-11e8-b2ba-ac1f6b6435d0,25 0,0
785b3c08-bbab-11e8-b2ba-ac1f6b6435d0,12,12
785eb434-bbbd-11e8-b2ba-ac1f6b6435d0,23,23
78614bc4-bbca-11e8-b2bc-ac1f6b6435d0,3,3
78629768-bbca-11e8-b2bc-ac1f6b6435d0,6,26
78631776-bbc3-11e8-b2bc-ac1f6b6435d0,23,0 23
7865dab6-bbbd-11e8-b2ba-ac1f6b6435d0,25 1 0,0 1 25
7867ab60-bbc3-11e8-b2bc-ac1f6b6435d0,25,21 25
786b1924-bbbb-11e8-b2ba-ac1f6b6435d0,24 25 0,0 25
7874e260-bbb6-11e8-b2ba-ac1f6b6435d0,22 0,0 21
787d85fc-bba0-11e8-b2b9-ac1f6b6435d0,3 0,0 5
787e41de-bbc0-11e8-b2bb-ac1f6b6435d0,4,0
7881f732-bbae-11e8-b2ba-ac1f6b6435d0,2 0,0 2
78830506-bbb7-11e8-b2ba-ac1f6b6435d0,0,0
7884e86e-bb9c-11e8-b2b9-ac1f6b6435d0,3,3
78878336-bbaa-11e8-b2ba-ac1f6b6435d0,25 23,0 25
78881e44-bbbf-11e8-b2bb-ac1f6b6435d0,1 0,0 1
78884a34-bba3-11e8-b2b9-ac1f6b6435d0,5,5
788991d4-bbc9-11e8-b2bc-ac1f6b6435d0,21,21
7889a74c-bba0-11e8-b2b9-ac1f6b6435d0,2,0 3 22
788b974e-bbca-11e8-b2bc-ac1f6b6435d0,5,5
788cae2a-bbc2-11e8-b2bb-ac1f6b6435d0,4,4 25
788cbcd2-bbca-11e8-b2bc-ac1f6b6435d0,25 0,0
788e0772-bb9d-11e8-b2b9-ac1f6b6435d0,25 11,11 25
788e2dae-bb9a-11e8-b2b9-ac1f6b6435d0,0 21,0 25
788ec7e2-bbc6-11e8-b2bc-ac1f6b6435d0,5 0,5
789008c2-bbb8-11e8-b2ba-ac1f6b6435d0,0,0
78903cdc-bbc4-11e8-b2bc-ac1f6b6435d0,4,0 25
7890579c-bbc6-11e8-b2bc-ac1f6b6435d0,26 0,0 26
7893027a-bb9f-11e8-b2b9-ac1f6b6435d0,25 18 0,0 18 25
7893c7c4-bbb2-11e8-b2ba-ac1f6b6435d0,25 1,1 25
7894bdb0-bbbb-11e8-b2ba-ac1f6b6435d0,2 0,0 2
78970f5a-bb9f-11e8-b2b9-ac1f6b6435d0,25 0,25
7897f1c4-bbca-11e8-b2bc-ac1f6b6435d0,26 0,0 25 26
78984c9a-bbad-11e8-b2ba-ac1f6b6435d0,0,0
7898a0f4-bbb8-11e8-b2ba-ac1f6b6435d0,3,3
789ebd3c-bbc6-11e8-b2bc-ac1f6b6435d0,2,2
78a1b88e-bba8-11e8-b2ba-ac1f6b6435d0,23,23
78a552f6-bbac-11e8-b2ba-ac1f6b6435d0,25 4,4 25
78a6db26-bb9d-11e8-b2b9-ac1f6b6435d0,5,5
78a83536-bba5-11e8-b2ba-ac1f6b6435d0,5 0,0 5
78ab0a70-bbb6-11e8-b2ba-ac1f6b6435d0,22,12 21
78b00d72-bbc5-11e8-b2bc-ac1f6b6435d0,18,18
78b16b20-bbbd-11e8-b2ba-ac1f6b6435d0,0,0
78b56698-bbc3-11e8-b2bc-ac1f6b6435d0,2 0,1 4
78b6837e-bbb0-11e8-b2ba-ac1f6b6435d0,0,0
78b6c24e-bbab-11e8-b2ba-ac1f6b6435d0,5,0 5
78bba8d2-bbaa-11e8-b2ba-ac1f6b6435d0,18,18
78bf7012-bbc2-11e8-b2bb-ac1f6b6435d0,3,3
78c19be8-bbbe-11e8-b2ba-ac1f6b6435d0,5,5
78c67d24-bbb5-11e8-b2ba-ac1f6b6435d0,12,25
78c7f378-bbbc-11e8-b2ba-ac1f6b6435d0,13 0,0
78c80334-bbbe-11e8-b2ba-ac1f6b6435d0,14,14
78caac2a-bba9-11e8-b2ba-ac1f6b6435d0,3,2 25
78cc4b76-bbbc-11e8-b2ba-ac1f6b6435d0,0,0
78ce0028-bbbd-11e8-b2ba-ac1f6b6435d0,25,26
78cfadfa-bba5-11e8-b2ba-ac1f6b6435d0,25 0,0 25
78d14b8c-bbbf-11e8-b2bb-ac1f6b6435d0,25,25
78d309be-bba0-11e8-b2b9-ac1f6b6435d0,3,3
78d3ae16-bbb7-11e8-b2ba-ac1f6b6435d0,25 0,0 25
78d45030-bbaf-11e8-b2ba-ac1f6b6435d0,6,23
78d7af4c-bbc7-11e8-b2bc-ac1f6b6435d0,22 18,21 22
78d80c1c-bb9a-11e8-b2b9-ac1f6b6435d0,22 0,0 21
78d98d8a-bba4-11e8-b2b9-ac1f6b6435d0,13 0,0
78dd6a58-bbaf-11e8-b2ba-ac1f6b6435d0,3 0,0 2
78dd913c-bbbd-11e8-b2ba-ac1f6b6435d0,4 21,4 21
78deac3a-bbb2-11e8-b2ba-ac1f6b6435d0,25,25
78e051d0-bbc0-11e8-b2bb-ac1f6b6435d0,25 0,0 25
78e0d4a2-bbbb-11e8-b2ba-ac1f6b6435d0,25 0,0 25
78e2baae-bb9a-11e8-b2b9-ac1f6b6435d0,25 0,0 25
78e6cc8c-bbbf-11e8-b2bb-ac1f6b6435d0,23,23
78e71d76-bba7-11e8-b2ba-ac1f6b6435d0,0,4
78eb2224-bba5-11e8-b2ba-ac1f6b6435d0,25 0,0
78eba55c-bb9e-11e8-b2b9-ac1f6b6435d0,5,5
78ebed8a-bbb9-11e8-b2ba-ac1f6b6435d0,23 0,0 23
78ed8788-bbca-11e8-b2bc-ac1f6b6435d0,23,23
78ef5360-bbc0-11e8-b2bb-ac1f6b6435d0,6,6
78f41a22-bbb0-11e8-b2ba-ac1f6b6435d0,12,13
78f59f88-bbb4-11e8-b2ba-ac1f6b6435d0,24,24
78f6e878-bb9d-11e8-b2b9-ac1f6b6435d0,1,1 25
78f7361e-bbc7-11e8-b2bc-ac1f6b6435d0,25 7,18
78fa03dc-bba7-11e8-b2ba-ac1f6b6435d0,25 7 0,7 25
78fab294-bba9-11e8-b2ba-ac1f6b6435d0,23 0,0 23
78fb242a-bbba-11e8-b2ba-ac1f6b6435d0,22 19 25,22 25
78fb5408-bba7-11e8-b2ba-ac1f6b6435d0,7 0,7
78fc0adc-bbad-11e8-b2ba-ac1f6b6435d0,7 0,0 7
78fc7a22-bba7-11e8-b2ba-ac1f6b6435d0,16 5 0,0 16
78fcf694-bbb3-11e8-b2ba-ac1f6b6435d0,21,21
78fe0d16-bbc4-11e8-b2bc-ac1f6b6435d0,0,0
7901c3e8-bbc9-11e8-b2bc-ac1f6b6435d0,5 0,5
79020c2a-bbb2-11e8-b2ba-ac1f6b6435d0,3 0,0 3
7906b2ee-bba7-11e8-b2ba-ac1f6b6435d0,25 0,25
7906c436-bbc6-11e8-b2bc-ac1f6b6435d0,25 0 21,0 21
79086a70-bbad-11e8-b2ba-ac1f6b6435d0,7 0,0 7
79090048-bbad-11e8-b2ba-ac1f6b6435d0,3,0 3
79092052-bbc4-11e8-b2bc-ac1f6b6435d0,25 0,0 25
7909971e-bbbd-11e8-b2ba-ac1f6b6435d0,19,19
790a16ca-bbb9-11e8-b2ba-ac1f6b6435d0,0,0 25
790b3148-bbb1-11e8-b2ba-ac1f6b6435d0,2 8,2 25
790b81be-bbae-11e8-b2ba-ac1f6b6435d0,12,12 21
790ca868-bbb9-11e8-b2ba-ac1f6b6435d0,3,3
79106e86-bbc7-11e8-b2bc-ac1f6b6435d0,23 5,25
79161d98-bb9c-11e8-b2b9-ac1f6b6435d0,7 0,0 1 7
79174864-bba9-11e8-b2ba-ac1f6b6435d0,25 0,0 25
7919f3c8-bbc9-11e8-b2bc-ac1f6b6435d0,4,0
791a4962-bba7-11e8-b2ba-ac1f6b6435d0,12,12
791c49f8-bba5-11e8-b2ba-ac1f6b6435d0,2 0,0 2
791cef44-bba4-11e8-b2b9-ac1f6b6435d0,0,0
791eeede-bba4-11e8-b2b9-ac1f6b6435d0,0,0
79228eb6-bbb5-11e8-b2ba-ac1f6b6435d0,25,7
7923ba6c-bbaa-11e8-b2ba-ac1f6b6435d0,23,0
7924c910-bbc4-11e8-b2bc-ac1f6b6435d0,25 21,17 21 25
792544d8-bbb7-11e8-b2ba-ac1f6b6435d0,2,2 25
7927817e-bbb4-11e8-b2ba-ac1f6b6435d0,23,6 23
7927dc50-bba5-11e8-b2ba-ac1f6b6435d0,19 25,19 25
792cae1e-bb9c-11e8-b2b9-ac1f6b6435d0,25,25
792f3666-bbb0-11e8-b2ba-ac1f6b6435d0,22 25 0,0 22
7930bdfe-bba3-11e8-b2b9-ac1f6b6435d0,11 0,0 11
7930e80e-bbc8-11e8-b2bc-ac1f6b6435d0,14,21 25
7938a0f8-bbc8-11e8-b2bc-ac1f6b6435d0,3,3
793a0304-bbc7-11e8-b2bc-ac1f6b6435d0,25 21,21 25
793b6700-bba2-11e8-b2b9-ac1f6b6435d0,0,0 25
79415be6-bbad-11e8-b2ba-ac1f6b6435d0,4,4
7942b48c-bbc1-11e8-b2bb-ac1f6b6435d0,23,23
7943c64a-bbb4-11e8-b2ba-ac1f6b6435d0,25 0,0 25
7945e594-bb99-11e8-b2b9-ac1f6b6435d0,25,25
7946380c-bba6-11e8-b2ba-ac1f6b6435d0,23,23 25
7948219e-bbb0-11e8-b2ba-ac1f6b6435d0,25 13 0,0 13
79490208-bbba-11e8-b2ba-ac1f6b6435d0,0,0
794aa8e8-bbb4-11e8-b2ba-ac1f6b6435d0,11,0 11
794ac0bc-bba5-11e8-b2ba-ac1f6b6435d0,25 0,0 25
794ae8f4-bba4-11e8-b2b9-ac1f6b6435d0,21,21 25
794af1ae-bba5-11e8-b2ba-ac1f6b6435d0,4 21,4 25
794b3f2c-bbc0-11e8-b2bb-ac1f6b6435d0,25 7 0 21,0 22
794cbfb8-bbc1-11e8-b2bb-ac1f6b6435d0,2,0 2
794dd78e-bbc8-11e8-b2bc-ac1f6b6435d0,0,0
795b164e-bba3-11e8-b2b9-ac1f6b6435d0,1,1
795cee40-bbc8-11e8-b2bc-ac1f6b6435d0,25 0,0 25
795d161e-bbc7-11e8-b2bc-ac1f6b6435d0,5 2,0 5
795f8ec4-bba1-11e8-b2b9-ac1f6b6435d0,0,0
7962522a-bb9d-11e8-b2b9-ac1f6b6435d0,11,11
796432c6-bbba-11e8-b2ba-ac1f6b6435d0,25 0,0 25
79693068-bbac-11e8-b2ba-ac1f6b6435d0,7 0,0 1 7
7969500c-bba2-11e8-b2b9-ac1f6b6435d0,23,23
79698610-bba4-11e8-b2b9-ac1f6b6435d0,7,7
796a2ffa-bba6-11e8-b2ba-ac1f6b6435d0,25,25
796b033e-bbbb-11e8-b2ba-ac1f6b6435d0,21,21
7977dfd6-bba8-11e8-b2ba-ac1f6b6435d0,25,25
7977f678-bb9a-11e8-b2b9-ac1f6b6435d0,25,25
7978284e-bbc9-11e8-b2bc-ac1f6b6435d0,0,0
7978e778-bbb2-11e8-b2ba-ac1f6b6435d0,2 0,0 2
797a0614-bb9c-11e8-b2b9-ac1f6b6435d0,1,1
797a75d2-bb9b-11e8-b2b9-ac1f6b6435d0,2 0,0 2
797b7936-bbab-11e8-b2ba-ac1f6b6435d0,11,11
797c354c-bba6-11e8-b2ba-ac1f6b6435d0,11 0,0 11
797f951e-bb99-11e8-b2b9-ac1f6b6435d0,14,14 25
797fa0c2-bbb7-11e8-b2ba-ac1f6b6435d0,23,23
79811962-bba2-11e8-b2b9-ac1f6b6435d0,5,5
798372e2-bbb7-11e8-b2ba-ac1f6b6435d0,6,6
7984412e-bbc4-11e8-b2bc-ac1f6b6435d0,7,7
7985320c-bba4-11e8-b2b9-ac1f6b6435d0,25 4,19
7988612a-bbb3-11e8-b2ba-ac1f6b6435d0,25 0,0 5 25
798a2868-bbb6-11e8-b2ba-ac1f6b6435d0,1,1
798ae8ea-bbc3-11e8-b2bc-ac1f6b6435d0,25 3,3 5 25
798cfb68-bbae-11e8-b2ba-ac1f6b6435d0,25 0,0 25
798d3b36-bbb4-11e8-b2ba-ac1f6b6435d0,2 0,0 2
798d9b8c-bb9e-11e8-b2b9-ac1f6b6435d0,25 11,11
798dedac-bbae-11e8-b2ba-ac1f6b6435d0,23,23
798dfab4-bbbc-11e8-b2ba-ac1f6b6435d0,19 0,4
7996d8f2-bba1-11e8-b2b9-ac1f6b6435d0,23,23
79977082-bbbf-11e8-b2bb-ac1f6b6435d0,5,0 21
799cd6c2-bbc3-11e8-b2bc-ac1f6b6435d0,3 0,0 3
799dd458-bb9d-11e8-b2b9-ac1f6b6435d0,23,2
79a48dd4-bbca-11e8-b2bc-ac1f6b6435d0,5,5
79a51bba-bbb0-11e8-b2ba-ac1f6b6435d0,25 0,0 25
79a6b502-bbb4-11e8-b2ba-ac1f6b6435d0,0,0
79a8eda4-bbc3-11e8-b2bc-ac1f6b6435d0,7,7
79a9c5d4-bba1-11e8-b2b9-ac1f6b6435d0,7,7
79ab56b2-bb9f-11e8-b2b9-ac1f6b6435d0,25 23,25
79ac8cbc-bbb8-11e8-b2ba-ac1f6b6435d0,4,4
79ae9c70-bba7-11e8-b2ba-ac1f6b6435d0,19,18 19
79b242f4-bbba-11e8-b2ba-ac1f6b6435d0,5,5
79ba776e-bbae-11e8-b2ba-ac1f6b6435d0,25 0,0 25
79babd56-bbc6-11e8-b2bc-ac1f6b6435d0,16 25 2,2 14 17 25
79bbbc52-bb9d-11e8-b2b9-ac1f6b6435d0,0,0 19
79be9dde-bbc3-11e8-b2bc-ac1f6b6435d0,7,7
79bede34-bb9b-11e8-b2b9-ac1f6b6435d0,18,19
79bf4dc0-bbae-11e8-b2ba-ac1f6b6435d0,23,6 23
79c52ab0-bbae-11e8-b2ba-ac1f6b6435d0,25 0,0 25
79c644e2-bbb1-11e8-b2ba-ac1f6b6435d0,25 2 21,2 14 25
79ceb9bc-bba0-11e8-b2b9-ac1f6b6435d0,25,25
79d40778-bb9b-11e8-b2b9-ac1f6b6435d0,25 1 0,0 25
79d4a2e4-bbb1-11e8-b2ba-ac1f6b6435d0,0 21,0 1 21
79da885a-bb9b-11e8-b2b9-ac1f6b6435d0,19 0,0
79db71ea-bba3-11e8-b2b9-ac1f6b6435d0,23 2,2 23
79db7bc2-bba8-11e8-b2ba-ac1f6b6435d0,14,14
79e04d50-bba8-11e8-b2ba-ac1f6b6435d0,0,0
79e203e6-bbbe-11e8-b2ba-ac1f6b6435d0,7 0,0 7
79e393f0-bbb4-11e8-b2ba-ac1f6b6435d0,4,4
79e58f36-bbb2-11e8-b2ba-ac1f6b6435d0,0,0 25
79e74f26-bbc9-11e8-b2bc-ac1f6b6435d0,2 21,21
79efd404-bbc7-11e8-b2bc-ac1f6b6435d0,18,18 19
79f09a86-bbb0-11e8-b2ba-ac1f6b6435d0,3,3
79fae8b8-bbbc-11e8-b2ba-ac1f6b6435d0,7 21,19 25
79fbbd42-bb99-11e8-b2b9-ac1f6b6435d0,23,23
7a0046c2-bb9a-11e8-b2b9-ac1f6b6435d0,23 0,0 25
7a014106-bbc4-11e8-b2bc-ac1f6b6435d0,2,2
7a018416-bb9e-11e8-b2b9-ac1f6b6435d0,4,4
7a092afe-bba3-11e8-b2b9-ac1f6b6435d0,25 7 0,0 7 25
7a09b6a0-bba2-11e8-b2b9-ac1f6b6435d0,19 0,0 19
7a0d47fe-bbaf-11e8-b2ba-ac1f6b6435d0,25 2,2 25
7a148628-bbc2-11e8-b2bb-ac1f6b6435d0,1 2,0 1 2
7a149dec-bba5-11e8-b2ba-ac1f6b6435d0,25 5,0 25
7a163582-bba8-11e8-b2ba-ac1f6b6435d0,7,7
7a199b36-bbc7-11e8-b2bc-ac1f6b6435d0,0,0
7a1c65be-bb9a-11e8-b2b9-ac1f6b6435d0,25 0 21,0 25
7a1da58a-bbba-11e8-b2ba-ac1f6b6435d0,0,0 2 25
7a1da614-bba3-11e8-b2b9-ac1f6b6435d0,25 7 14 5,14 21 25
7a1e0534-bbc4-11e8-b2bc-ac1f6b6435d0,11 0,0
7a1e87fa-bbb2-11e8-b2ba-ac1f6b6435d0,25 11,11 25
7a240a22-bba8-11e8-b2ba-ac1f6b6435d0,0,0
7a250208-bbb0-11e8-b2ba-ac1f6b6435d0,20 0,20
7a294434-bbb1-11e8-b2ba-ac1f6b6435d0,25 1 0,21
7a296e20-bbb4-11e8-b2ba-ac1f6b6435d0,13 0,0 13
7a2a5c16-bb9d-11e8-b2b9-ac1f6b6435d0,14,14
7a2b0206-bb9d-11e8-b2b9-ac1f6b6435d0,26 3,4
7a2c43aa-bba2-11e8-b2b9-ac1f6b6435d0,2 0,2
7a2cc0e6-bbb1-11e8-b2ba-ac1f6b6435d0,22 4,4
7a2da3b2-bbc5-11e8-b2bc-ac1f6b6435d0,23,4
7a30e744-bbb0-11e8-b2ba-ac1f6b6435d0,12,12
7a3443c6-bbc9-11e8-b2bc-ac1f6b6435d0,22,21 22
7a387b4e-bbb0-11e8-b2ba-ac1f6b6435d0,7,7
7a397022-bbaa-11e8-b2ba-ac1f6b6435d0,14,14
7a398d68-bb9c-11e8-b2b9-ac1f6b6435d0,22,25
7a3998f6-bbb2-11e8-b2ba-ac1f6b6435d0,7,7
7a3d4b46-bbb1-11e8-b2ba-ac1f6b6435d0,11,6 25
7a4abd7e-bbc2-11e8-b2bb-ac1f6b6435d0,25 0,25
7a4b7644-bbc0-11e8-b2bb-ac1f6b6435d0,0 21,0 21
7a4f1442-bbb7-11e8-b2ba-ac1f6b6435d0,25 21,21 22
7a4f4a46-bbb4-11e8-b2ba-ac1f6b6435d0,4,0 4
7a4f83d2-bbb2-11e8-b2ba-ac1f6b6435d0,25 0,0 25
7a51ea54-bbc7-11e8-b2bc-ac1f6b6435d0,25 18,18
7a52277e-bbba-11e8-b2ba-ac1f6b6435d0,25 0,0 25
7a5392fe-bba0-11e8-b2b9-ac1f6b6435d0,25,6
7a57e1fa-bba1-11e8-b2b9-ac1f6b6435d0,4 21,0 4 21
7a58926a-bbad-11e8-b2ba-ac1f6b6435d0,11,11
7a60a20c-bbad-11e8-b2ba-ac1f6b6435d0,22,22
7a61ce18-bbb5-11e8-b2ba-ac1f6b6435d0,0,0
7a637018-bba3-11e8-b2b9-ac1f6b6435d0,22 0,0 22
7a63f42a-bbbc-11e8-b2ba-ac1f6b6435d0,13 0 21,13
7a65e8da-bbc5-11e8-b2bc-ac1f6b6435d0,6,6
7a6654aa-bba7-11e8-b2ba-ac1f6b6435d0,5 0 21,0 25
7a68014e-bbbe-11e8-b2ba-ac1f6b6435d0,0 21,0 21
7a6a2fca-bbb7-11e8-b2ba-ac1f6b6435d0,4,4
7a6b7ce4-bb9f-11e8-b2b9-ac1f6b6435d0,12 21,0 21
7a6d33de-bb9c-11e8-b2b9-ac1f6b6435d0,6,6
7a706558-bbbb-11e8-b2ba-ac1f6b6435d0,0,0
7a717fec-bba7-11e8-b2ba-ac1f6b6435d0,11 0,11 25
7a7687e0-bbab-11e8-b2ba-ac1f6b6435d0,25 0,0
7a796dfa-bba8-11e8-b2ba-ac1f6b6435d0,19 6,25
7a7b6b68-bbc2-11e8-b2bb-ac1f6b6435d0,25,25
7a7ce3b8-bb9e-11e8-b2b9-ac1f6b6435d0,25 0,5 25
7a7fed98-bba2-11e8-b2b9-ac1f6b6435d0,3 0,0 3
7a819fd0-bbc0-11e8-b2bb-ac1f6b6435d0,25 5 0 21,0 21
7a88577e-bba9-11e8-b2ba-ac1f6b6435d0,0,0
7a88f200-bbc3-11e8-b2bc-ac1f6b6435d0,5 0,5
7a8a19ce-bba4-11e8-b2b9-ac1f6b6435d0,2 0,0 2
7a8a4908-bba9-11e8-b2ba-ac1f6b6435d0,14,21
7a8b4f48-bbb7-11e8-b2ba-ac1f6b6435d0,7 0,0 7 25
7a91bcac-bba8-11e8-b2ba-ac1f6b6435d0,25 0,0 21 25
7a921214-bbb8-11e8-b2ba-ac1f6b6435d0,19,18 19 25
7a9531b4-bbc8-11e8-b2bc-ac1f6b6435d0,23 0,0 23
7a96eee8-bbad-11e8-b2ba-ac1f6b6435d0,25,0 25
7a976658-bba2-11e8-b2b9-ac1f6b6435d0,25 0,0 25
7a98475c-bba3-11e8-b2b9-ac1f6b6435d0,25 4,4 25
7a987a38-bb9e-11e8-b2b9-ac1f6b6435d0,0,0
7a9b7a6c-bbb2-11e8-b2ba-ac1f6b6435d0,25 3 0,0 3 25
7a9e19ec-bb9f-11e8-b2b9-ac1f6b6435d0,25 0,0 25
7a9ebe10-bbbd-11e8-b2ba-ac1f6b6435d0,7 0,0 23
7a9f3a46-bbbf-11e8-b2bb-ac1f6b6435d0,25 4,4 25
7aa20c94-bbc4-11e8-b2bc-ac1f6b6435d0,19,19
7aa73eac-bba2-11e8-b2b9-ac1f6b6435d0,25 0,0 25
7aa82c74-bbaa-11e8-b2ba-ac1f6b6435d0,13 1 2 0,0 13
7aa9d142-bb9f-11e8-b2b9-ac1f6b6435d0,18 0,0 18
7aa9e9ea-bbb6-11e8-b2ba-ac1f6b6435d0,19 0,0 19 21
7aae7d9c-bbb7-11e8-b2ba-ac1f6b6435d0,25,25
7ab02e42-bbc3-11e8-b2bc-ac1f6b6435d0,0 21,0
7ab0f30c-bbb1-11e8-b2ba-ac1f6b6435d0,2,2
7ab240d4-bb9a-11e8-b2b9-ac1f6b6435d0,3 0,3
7ab2bbb4-bba3-11e8-b2b9-ac1f6b6435d0,2 0,0 2
7ab2cece-bba8-11e8-b2ba-ac1f6b6435d0,25 23 0,0 25
7ab30570-bbc5-11e8-b2bc-ac1f6b6435d0,26,24 26
7ab379e0-bbc7-11e8-b2bc-ac1f6b6435d0,25,23
7ab3d466-bbb4-11e8-b2ba-ac1f6b6435d0,0,0 25
7ab4a468-bba0-11e8-b2b9-ac1f6b6435d0,23,23
7ab4b6a6-bbc3-11e8-b2bc-ac1f6b6435d0,2,2
7ab5321c-bbc7-11e8-b2bc-ac1f6b6435d0,3 0,3
7ab60874-bbb6-11e8-b2ba-ac1f6b6435d0,5,5
7ab8d330-bbc3-11e8-b2bc-ac1f6b6435d0,20 2 0,0 2 7
7aba7fb6-bbb7-11e8-b2ba-ac1f6b6435d0,25 0,0 25
7abaca88-bba9-11e8-b2ba-ac1f6b6435d0,25 6 2,2 25
7abb59c6-bbb3-11e8-b2ba-ac1f6b6435d0,5,5
7abdf9de-bbb2-11e8-b2ba-ac1f6b6435d0,25 18,25
7abec21c-bb9c-11e8-b2b9-ac1f6b6435d0,25 0,0 25
7abf93ac-bba3-11e8-b2b9-ac1f6b6435d0,2,2
7ac2e9ee-bb99-11e8-b2b9-ac1f6b6435d0,3,3
7ac4f306-bb99-11e8-b2b9-ac1f6b6435d0,0,5
7ac52fe0-bbb9-11e8-b2ba-ac1f6b6435d0,23 0,0
7ac62da4-bbc9-11e8-b2bc-ac1f6b6435d0,23 0,23
7ac64934-bbbe-11e8-b2ba-ac1f6b6435d0,25 23 0,0 23
7ac70c2c-bbc6-11e8-b2bc-ac1f6b6435d0,18,18
7ac9060a-bbab-11e8-b2ba-ac1f6b6435d0,0,0
7ac9d5ca-bbac-11e8-b2ba-ac1f6b6435d0,12 25,12
7acd2b76-bbb6-11e8-b2ba-ac1f6b6435d0,7 0,0 7
7ad2758a-bbb2-11e8-b2ba-ac1f6b6435d0,6,6 25
7ad37512-bbc5-11e8-b2bc-ac1f6b6435d0,6 4,4 25
7ad91a88-bb9a-11e8-b2b9-ac1f6b6435d0,5,5
7adc4d34-bbc2-11e8-b2bb-ac1f6b6435d0,2,2
7adc5832-bbaf-11e8-b2ba-ac1f6b6435d0,5 0,0
7ade4200-bba5-11e8-b2ba-ac1f6b6435d0,21,21
7adf2db4-bb9b-11e8-b2b9-ac1f6b6435d0,21,21
7ae1a48e-bbbb-11e8-b2ba-ac1f6b6435d0,25,0 25
7ae35d3a-bbb4-11e8-b2ba-ac1f6b6435d0,23 2,2 23
7ae57566-bbb9-11e8-b2ba-ac1f6b6435d0,7,7
7ae5ba64-bb9e-11e8-b2b9-ac1f6b6435d0,16 14 0,0 14 16
7ae62eea-bb9e-11e8-b2b9-ac1f6b6435d0,25,25
7ae88dee-bb9d-11e8-b2b9-ac1f6b6435d0,4,4
7aecb3ea-bba4-11e8-b2b9-ac1f6b6435d0,7,7
7aee339a-bbc3-11e8-b2bc-ac1f6b6435d0,2 0,0 2
7aeed586-bbb2-11e8-b2ba-ac1f6b6435d0,3 0,0
7af0be3c-bbad-11e8-b2ba-ac1f6b6435d0,18,18
7af3f2f8-bbaa-11e8-b2ba-ac1f6b6435d0,25 21,21
7af4ea10-bba4-11e8-b2b9-ac1f6b6435d0,0,0
7af9f69a-bbb8-11e8-b2ba-ac1f6b6435d0,25,25
7afb490e-bbc3-11e8-b2bc-ac1f6b6435d0,2 0,0 2
7afd5b0a-bbbd-11e8-b2ba-ac1f6b6435d0,2 0,0 2
7afd7c8c-bbc9-11e8-b2bc-ac1f6b6435d0,5 0,0 5
7afe21e8-bbb8-11e8-b2ba-ac1f6b6435d0,5 0 21,21
7b005aa8-bbb3-11e8-b2ba-ac1f6b6435d0,3 0,0 19
7b067882-bba1-11e8-b2b9-ac1f6b6435d0,11,7 21
7b076f20-bbca-11e8-b2bc-ac1f6b6435d0,25 2,2
7b085234-bbb4-11e8-b2ba-ac1f6b6435d0,16 25 5 0,0 16
7b092362-bbc8-11e8-b2bc-ac1f6b6435d0,23,23
7b09785e-bbae-11e8-b2ba-ac1f6b6435d0,25 13 0,4
7b0b5346-bbbc-11e8-b2ba-ac1f6b6435d0,20 4,4
7b0ed4dc-bba1-11e8-b2b9-ac1f6b6435d0,25 0,0 25
7b179eb4-bbbf-11e8-b2bb-ac1f6b6435d0,19,19
7b17fda2-bbb8-11e8-b2ba-ac1f6b6435d0,12 7 0,0 7
7b192186-bbc3-11e8-b2bc-ac1f6b6435d0,25 0,0 21 25
7b198074-bbc1-11e8-b2bb-ac1f6b6435d0,23,0 23
7b1afd72-bbbd-11e8-b2ba-ac1f6b6435d0,24 25,24 25
7b1bd2b8-bbba-11e8-b2ba-ac1f6b6435d0,25,6 25
7b1d4974-bbb3-11e8-b2ba-ac1f6b6435d0,0,0
7b1f580a-bbbc-11e8-b2ba-ac1f6b6435d0,25 7,7 25
7b2176aa-bba6-11e8-b2ba-ac1f6b6435d0,25 1,1 25
7b276cde-bb9e-11e8-b2b9-ac1f6b6435d0,0 21,0 21
7b287362-bba4-11e8-b2b9-ac1f6b6435d0,4 21,4 21
7b296bfc-bba7-11e8-b2ba-ac1f6b6435d0,3,3
7b2af646-bbb8-11e8-b2ba-ac1f6b6435d0,23,23
7b2eb862-bbae-11e8-b2ba-ac1f6b6435d0,19 0,19
7b30ac92-bb9c-11e8-b2b9-ac1f6b6435d0,3,3
7b31ad96-bbbe-11e8-b2ba-ac1f6b6435d0,19 0,0 19
7b33503a-bbc1-11e8-b2bb-ac1f6b6435d0,11 0,11
7b3ab036-bbbd-11e8-b2ba-ac1f6b6435d0,25 11 2 0,0 2 11 25
7b3d8f48-bbab-11e8-b2ba-ac1f6b6435d0,25 2 0,2 25
7b3e8550-bb9d-11e8-b2b9-ac1f6b6435d0,3 8,3
7b418afa-bbc2-11e8-b2bb-ac1f6b6435d0,0,0
7b429002-bbaf-11e8-b2ba-ac1f6b6435d0,25 0,0
7b462920-bba4-11e8-b2b9-ac1f6b6435d0,25 1 21,1 21 25
7b4a61e4-bb9e-11e8-b2b9-ac1f6b6435d0,21,25 26
7b4c30fe-bbae-11e8-b2ba-ac1f6b6435d0,0,0
7b4c9a1e-bbc0-11e8-b2bb-ac1f6b6435d0,19 5,25
7b4d2008-bbc8-11e8-b2bc-ac1f6b6435d0,16 5,14 16
7b4f65b8-bbc6-11e8-b2bc-ac1f6b6435d0,1,1
7b538dd8-bb9d-11e8-b2b9-ac1f6b6435d0,24,11 24
7b54aa10-bbac-11e8-b2ba-ac1f6b6435d0,2 0,0 2
7b564d44-bbbf-11e8-b2bb-ac1f6b6435d0,21,21
7b5a442c-bbbe-11e8-b2ba-ac1f6b6435d0,2 0,0 2
7b60b9f6-bbaa-11e8-b2ba-ac1f6b6435d0,18 0,0 18
7b6148a2-bbb5-11e8-b2ba-ac1f6b6435d0,3,3
7b64b94e-bbb3-11e8-b2ba-ac1f6b6435d0,25 5,5 25
7b67dd24-bbbb-11e8-b2ba-ac1f6b6435d0,25 0 21,0 25
7b68ae80-bbb0-11e8-b2ba-ac1f6b6435d0,23,7
7b6b6e86-bba1-11e8-b2b9-ac1f6b6435d0,25 0,0 25
7b713070-bba9-11e8-b2ba-ac1f6b6435d0,23 0,0 23
7b72433a-bba3-11e8-b2b9-ac1f6b6435d0,25 21,21 25
7b747b1e-bbb7-11e8-b2ba-ac1f6b6435d0,16 0,0 5
7b799f20-bb9b-11e8-b2b9-ac1f6b6435d0,7,7
7b7d54de-bba6-11e8-b2ba-ac1f6b6435d0,11,11
7b7e3eb4-bbc2-11e8-b2bb-ac1f6b6435d0,0,0
7b7e5662-bbbb-11e8-b2ba-ac1f6b6435d0,14,14
7b805df0-bba6-11e8-b2ba-ac1f6b6435d0,0,0
7b810040-bb9a-11e8-b2b9-ac1f6b6435d0,22 25 2,3 25
7b814fd6-bba0-11e8-b2b9-ac1f6b6435d0,5 0,0 5
7b81ef9e-bb9c-11e8-b2b9-ac1f6b6435d0,2 0,0 2
7b839ed4-bbb0-11e8-b2ba-ac1f6b6435d0,25 0,0 12 25
7b84c036-bbbd-11e8-b2ba-ac1f6b6435d0,0 21,0 21 25
7b86e680-bbb9-11e8-b2ba-ac1f6b6435d0,23,23
7b8b190c-bbab-11e8-b2ba-ac1f6b6435d0,26 4,4 26
7b8bcb3c-bba5-11e8-b2ba-ac1f6b6435d0,14,14
7b8d6b42-bbbc-11e8-b2ba-ac1f6b6435d0,25 1 0,0
7b91df9a-bbaa-11e8-b2ba-ac1f6b6435d0,5 0 21,0 5 21
7b9219d2-bbb5-11e8-b2ba-ac1f6b6435d0,2 0,0 2
7b928c26-bb99-11e8-b2b9-ac1f6b6435d0,25 0,0 25
7b92b818-bbb7-11e8-b2ba-ac1f6b6435d0,23,23
7b94aa00-bbb3-11e8-b2ba-ac1f6b6435d0,19 0,0
7b962f80-bba7-11e8-b2ba-ac1f6b6435d0,1 0,0 1
7b97cb6a-bba2-11e8-b2b9-ac1f6b6435d0,13 23 2,0
7b98413e-bbb7-11e8-b2ba-ac1f6b6435d0,7 0,0 7
7b9f3e9c-bba5-11e8-b2ba-ac1f6b6435d0,19,13 19
7ba25e50-bbab-11e8-b2ba-ac1f6b6435d0,4,4
7ba2c870-bbc6-11e8-b2bc-ac1f6b6435d0,23,23 25
7ba32dda-bbb0-11e8-b2ba-ac1f6b6435d0,23 1,23
7ba52bfc-bbc0-11e8-b2bb-ac1f6b6435d0,7 21,7 21
7ba5c7ee-bbaa-11e8-b2ba-ac1f6b6435d0,25,25
7ba5e000-bbad-11e8-b2ba-ac1f6b6435d0,23,23
7ba860f2-bbab-11e8-b2ba-ac1f6b6435d0,0,0
7ba8cbe8-bbb8-11e8-b2ba-ac1f6b6435d0,21,21 22
7ba90aa6-bb9d-11e8-b2b9-ac1f6b6435d0,23,23
7ba994c2-bbab-11e8-b2ba-ac1f6b6435d0,4,4
7babb562-bbb1-11e8-b2ba-ac1f6b6435d0,25,21 25
7bb1152a-bbc0-11e8-b2bb-ac1f6b6435d0,5,5
7bb1ce0e-bbb4-11e8-b2ba-ac1f6b6435d0,25 18 0,0 18 19 25
7bb29910-bba5-11e8-b2ba-ac1f6b6435d0,23 0,23
7bb2ab72-bb9f-11e8-b2b9-ac1f6b6435d0,23 1 0,1 3 23
7bb3b0e6-bba2-11e8-b2b9-ac1f6b6435d0,24 0,0 24
7bb54204-bbb0-11e8-b2ba-ac1f6b6435d0,25 0,0 21 25
7bb64a2a-bbc2-11e8-b2bb-ac1f6b6435d0,23,23
7bb97206-bbbb-11e8-b2ba-ac1f6b6435d0,0,0
7bbd3b12-bbab-11e8-b2ba-ac1f6b6435d0,7 0,0 7
7bc271c0-bbc1-11e8-b2bb-ac1f6b6435d0,23,23
7bc351a0-bba6-11e8-b2ba-ac1f6b6435d0,23,23
7bc7a32a-bbb2-11e8-b2ba-ac1f6b6435d0,0,0
7bc8125c-bbb6-11e8-b2ba-ac1f6b6435d0,3,3
7bca5202-bbb0-11e8-b2ba-ac1f6b6435d0,13 0,0
7bd10470-bbc0-11e8-b2bb-ac1f6b6435d0,5 2,2
7bd1d7fa-bb9e-11e8-b2b9-ac1f6b6435d0,25,25
7bd4f3b8-bbad-11e8-b2ba-ac1f6b6435d0,25,25
7be1b322-bba4-11e8-b2b9-ac1f6b6435d0,23 0,0
7be60118-bba2-11e8-b2b9-ac1f6b6435d0,0,0
7be97a6e-bbac-11e8-b2ba-ac1f6b6435d0,16 0,0 16
7bf3396a-bbab-11e8-b2ba-ac1f6b6435d0,25 5 0,0
7bf6be00-bbab-11e8-b2ba-ac1f6b6435d0,25 0,0 25
7bf7a9f2-bbae-11e8-b2ba-ac1f6b6435d0,13,23
7bf941c0-bbc4-11e8-b2bc-ac1f6b6435d0,3,3
7bfb6572-bbc9-11e8-b2bc-ac1f6b6435d0,2,2 23
7bfcc554-bbae-11e8-b2ba-ac1f6b6435d0,0,0
7bfee190-bba9-11e8-b2ba-ac1f6b6435d0,7,7
7bfee5b6-bbb1-11e8-b2ba-ac1f6b6435d0,25 0,0 25
7bfff5d2-bbca-11e8-b2bc-ac1f6b6435d0,0,0
7c03039c-bbb3-11e8-b2ba-ac1f6b6435d0,26,25 26
7c063b58-bba8-11e8-b2ba-ac1f6b6435d0,2 0,0 2
7c07988a-bb9a-11e8-b2b9-ac1f6b6435d0,25 0,0 5 25
7c08aa92-bbc5-11e8-b2bc-ac1f6b6435d0,2,2
7c0a248e-bbad-11e8-b2ba-ac1f6b6435d0,16 14,14
7c0bc71c-bbb2-11e8-b2ba-ac1f6b6435d0,4,4
7c0d643a-bba5-11e8-b2ba-ac1f6b6435d0,5,5
7c10b224-bbb0-11e8-b2ba-ac1f6b6435d0,25 0,0 25
7c11a232-bbc0-11e8-b2bb-ac1f6b6435d0,20,20
7c1257a8-bba8-11e8-b2ba-ac1f6b6435d0,25 1,1 21 25
7c152958-bb9c-11e8-b2b9-ac1f6b6435d0,7,7
7c17ce50-bba7-11e8-b2ba-ac1f6b6435d0,0 21,0 21
7c1ab1f6-bba2-11e8-b2b9-ac1f6b6435d0,25,25
7c1bdb62-bbac-11e8-b2ba-ac1f6b6435d0,25 21,21 25
7c1c6498-bbbf-11e8-b2bb-ac1f6b6435d0,5 2,1 5
7c1d390e-bba6-11e8-b2ba-ac1f6b6435d0,19,19
7c204924-bbb4-11e8-b2ba-ac1f6b6435d0,4,4
7c2109cc-bbc8-11e8-b2bc-ac1f6b6435d0,2 0 21,0 2 21
7c21f8b4-bbaa-11e8-b2ba-ac1f6b6435d0,4,0
7c23864e-bb9a-11e8-b2b9-ac1f6b6435d0,25 0,0 25
7c242e12-bbbf-11e8-b2bb-ac1f6b6435d0,1,1
7c261068-bb99-11e8-b2b9-ac1f6b6435d0,14,14
7c268118-bbb9-11e8-b2ba-ac1f6b6435d0,23,23
7c2a1dda-bbc5-11e8-b2bc-ac1f6b6435d0,7 0,0 7
7c2a759a-bbc6-11e8-b2bc-ac1f6b6435d0,7,7
7c2cab94-bbb2-11e8-b2ba-ac1f6b6435d0,23,23
7c2fcd2e-bba3-11e8-b2b9-ac1f6b6435d0,26 0,0 21
7c316242-bbc1-11e8-b2bb-ac1f6b6435d0,7,7 20
7c3205c4-bbaa-11e8-b2ba-ac1f6b6435d0,3 0,0 3
7c366792-bbb7-11e8-b2ba-ac1f6b6435d0,12,18
7c37650a-bbc8-11e8-b2bc-ac1f6b6435d0,2,2 23
7c3888c0-bbc0-11e8-b2bb-ac1f6b6435d0,24 11,11 24
7c39785c-bbb6-11e8-b2ba-ac1f6b6435d0,5,0 5 25
7c3c3852-bbbc-11e8-b2ba-ac1f6b6435d0,0,0
7c3cdb26-bbae-11e8-b2ba-ac1f6b6435d0,25 18 0,0 18 25
7c3e4696-bba4-11e8-b2b9-ac1f6b6435d0,3,3
7c3fb18a-bbc6-11e8-b2bc-ac1f6b6435d0,25 1,1 25
7c4205b6-bb9e-11e8-b2b9-ac1f6b6435d0,4,2 4
7c4266c2-bbb3-11e8-b2ba-ac1f6b6435d0,19,18
7c428460-bbc5-11e8-b2bc-ac1f6b6435d0,25 0,0 25
7c43d98a-bbb3-11e8-b2ba-ac1f6b6435d0,3,3
7c460ee2-bbc4-11e8-b2bc-ac1f6b6435d0,25 0,21 25
7c47dfe4-bbae-11e8-b2ba-ac1f6b6435d0,21,21
7c483afc-bba9-11e8-b2ba-ac1f6b6435d0,1 0,0 1 2
7c48aba4-bbb3-11e8-b2ba-ac1f6b6435d0,7 0,0 7
7c4ccf9e-bbb9-11e8-b2ba-ac1f6b6435d0,25 18,18 25
7c4dc740-bbb5-11e8-b2ba-ac1f6b6435d0,25,25
7c50e742-bb9f-11e8-b2b9-ac1f6b6435d0,6,6
7c51db4e-bb9e-11e8-b2b9-ac1f6b6435d0,21,21
7c551b02-bba2-11e8-b2b9-ac1f6b6435d0,2 0,0 2
7c55e43a-bbc8-11e8-b2bc-ac1f6b6435d0,21,21
7c58c19e-bbca-11e8-b2bc-ac1f6b6435d0,23 0,0 23
7c5a7872-bbac-11e8-b2ba-ac1f6b6435d0,23,23
7c5ca976-bbac-11e8-b2ba-ac1f6b6435d0,19 0,0 19
7c601f3c-bbc2-11e8-b2bb-ac1f6b6435d0,2,2
7c639fa4-bbc7-11e8-b2bc-ac1f6b6435d0,23,23
7c63dda8-bbb2-11e8-b2ba-ac1f6b6435d0,0,0
7c645868-bb9a-11e8-b2b9-ac1f6b6435d0,23,21
7c64ecf0-bbaf-11e8-b2ba-ac1f6b6435d0,21,21
7c65f454-bbac-11e8-b2ba-ac1f6b6435d0,25 23 2,2 5 23
7c686cac-bba7-11e8-b2ba-ac1f6b6435d0,4,4
7c6a274c-bbc3-11e8-b2bc-ac1f6b6435d0,3 0,0 3
7c6c543a-bba1-11e8-b2b9-ac1f6b6435d0,2 0,0
7c6e008a-bba3-11e8-b2b9-ac1f6b6435d0,19 25,18 19 25
7c6e6392-bbab-11e8-b2ba-ac1f6b6435d0,19 11,19
7c719816-bba4-11e8-b2b9-ac1f6b6435d0,0,0
7c72801c-bbab-11e8-b2ba-ac1f6b6435d0,0,0
7c72fd5a-bbae-11e8-b2ba-ac1f6b6435d0,25,0 25
7c752416-bbb0-11e8-b2ba-ac1f6b6435d0,23 2 0,0 2 23
7c75536e-bbbf-11e8-b2bb-ac1f6b6435d0,2 0,0 2
7c7abc7c-bbbb-11e8-b2ba-ac1f6b6435d0,22 25,22
7c7ac24e-bbc0-11e8-b2bb-ac1f6b6435d0,3,3
7c7dd68e-bbaf-11e8-b2ba-ac1f6b6435d0,25 2 0,0 2 25
7c805e84-bbca-11e8-b2bc-ac1f6b6435d0,7 0,0 7
7c81f9a2-bbba-11e8-b2ba-ac1f6b6435d0,24,5 24
7c8224a0-bba5-11e8-b2ba-ac1f6b6435d0,14,14 19
7c84e976-bba3-11e8-b2b9-ac1f6b6435d0,25 0,0 25
7c852990-bbc1-11e8-b2bb-ac1f6b6435d0,5,5
7c86368e-bba6-11e8-b2ba-ac1f6b6435d0,25 21,21 25
7c8b6848-bba6-11e8-b2ba-ac1f6b6435d0,4,4
7c8d3432-bb99-11e8-b2b9-ac1f6b6435d0,25 0,25
7c8dba36-bbc8-11e8-b2bc-ac1f6b6435d0,14,0 14
7c933478-bb9d-11e8-b2b9-ac1f6b6435d0,1 0,0 1
7c9351c4-bba7-11e8-b2ba-ac1f6b6435d0,4,4
7c97a63c-bbb3-11e8-b2ba-ac1f6b6435d0,2 0,1 26
7c9f9788-bba5-11e8-b2ba-ac1f6b6435d0,13,13
7ca3650e-bbc6-11e8-b2bc-ac1f6b6435d0,3,0
7ca6a652-bb9d-11e8-b2b9-ac1f6b6435d0,25,0 25
7ca92aaa-bbb4-11e8-b2ba-ac1f6b6435d0,0,25
7cac3310-bbb1-11e8-b2ba-ac1f6b6435d0,19 21,19 21
7cad5f5c-bbba-11e8-b2ba-ac1f6b6435d0,12 21,0 21 25
7cad6c86-bba6-11e8-b2ba-ac1f6b6435d0,18,19
7cb0006e-bbaf-11e8-b2ba-ac1f6b6435d0,25 5,0 25
7cb3fc42-bbc7-11e8-b2bc-ac1f6b6435d0,21,0 2 5
7cb5a7e4-bbb4-11e8-b2ba-ac1f6b6435d0,25 0,0 25
7cb7642a-bbba-11e8-b2ba-ac1f6b6435d0,6,25
7cba1088-bb9e-11e8-b2b9-ac1f6b6435d0,2 0,0
7cbb51da-bbb9-11e8-b2ba-ac1f6b6435d0,5 21,5 21
7cbc1250-bbbe-11e8-b2ba-ac1f6b6435d0,23,23
7cbfa5e8-bbad-11e8-b2ba-ac1f6b6435d0,7 0,0 7
7cbfb80e-bbb6-11e8-b2ba-ac1f6b6435d0,23 2,2 23
7cc54f12-bbc0-11e8-b2bb-ac1f6b6435d0,12 0,0 21
7cc773a8-bba9-11e8-b2ba-ac1f6b6435d0,25,25
7cc7ce68-bbbb-11e8-b2ba-ac1f6b6435d0,7 0,0 23
7ccb050a-bbad-11e8-b2ba-ac1f6b6435d0,2,2
7ccb60c0-bbc8-11e8-b2bc-ac1f6b6435d0,3 0,3
7ccd6cf0-bbb2-11e8-b2ba-ac1f6b6435d0,23,23
7ccdd0a4-bba4-11e8-b2b9-ac1f6b6435d0,25,25
7cd0c13c-bbb4-11e8-b2ba-ac1f6b6435d0,25 5 0,0
7cd22cb6-bbaa-11e8-b2ba-ac1f6b6435d0,14,14 16
7cd2c4be-bbb9-11e8-b2ba-ac1f6b6435d0,7,26
7cd31446-bbc3-11e8-b2bc-ac1f6b6435d0,5,0 5
7cd34e50-bb9d-11e8-b2b9-ac1f6b6435d0,23,23
7cd49878-bbc5-11e8-b2bc-ac1f6b6435d0,21,21
7ce363c4-bb9f-11e8-b2b9-ac1f6b6435d0,7 4,4 7
7ce47308-bba0-11e8-b2b9-ac1f6b6435d0,21,0 21
7ce55a6e-bbbb-11e8-b2ba-ac1f6b6435d0,3 0,0 3
7ce85c0e-bbc1-11e8-b2bb-ac1f6b6435d0,25,25
7ce94a0e-bba0-11e8-b2b9-ac1f6b6435d0,23,25
7cecb1f2-bbb5-11e8-b2ba-ac1f6b6435d0,5,5
7ced2312-bba1-11e8-b2b9-ac1f6b6435d0,25 2 0,2 25
7ceea522-bbb8-11e8-b2ba-ac1f6b6435d0,23 0,0 23
7cef5f82-bba2-11e8-b2b9-ac1f6b6435d0,19 0,0
7cf1e484-bbb4-11e8-b2ba-ac1f6b6435d0,23,19
7cf547b2-bba2-11e8-b2b9-ac1f6b6435d0,2 0,0 2
7cf9a39a-bba5-11e8-b2ba-ac1f6b6435d0,1 0,0 1 25
7cfa7324-bbbe-11e8-b2ba-ac1f6b6435d0,26 16 2,2 7 16
7cfc1854-bbab-11e8-b2ba-ac1f6b6435d0,5,5
7cfc2d66-bbc5-11e8-b2bc-ac1f6b6435d0,6 9 10,9 10
7d01337a-bbab-11e8-b2ba-ac1f6b6435d0,5 1,1
7d015b36-bba4-11e8-b2b9-ac1f6b6435d0,23,23
7d0b9a18-bbbf-11e8-b2bb-ac1f6b6435d0,23 0,25
7d116ffa-bbbb-11e8-b2ba-ac1f6b6435d0,18 0,0 18
7d134b46-bbab-11e8-b2ba-ac1f6b6435d0,4,4
7d136edc-bbb5-11e8-b2ba-ac1f6b6435d0,25,6
7d13e556-bbc9-11e8-b2bc-ac1f6b6435d0,25 18 0,0 18 25
7d14dbf6-bbbe-11e8-b2ba-ac1f6b6435d0,25 5 0 21,5 21
7d166458-bbc8-11e8-b2bc-ac1f6b6435d0,3,5
7d17801a-bba3-11e8-b2b9-ac1f6b6435d0,25,25
7d17b69e-bbb1-11e8-b2ba-ac1f6b6435d0,4,4
7d1db618-bba0-11e8-b2b9-ac1f6b6435d0,25 2 0,0 25
7d201924-bbbb-11e8-b2ba-ac1f6b6435d0,21,21
7d20871a-bb9d-11e8-b2b9-ac1f6b6435d0,7,7
7d24862a-bb99-11e8-b2b9-ac1f6b6435d0,11,11 24
7d26ed62-bb9d-11e8-b2b9-ac1f6b6435d0,7 0,7
7d282f58-bbb4-11e8-b2ba-ac1f6b6435d0,23 0,23
7d2a77ea-bbbe-11e8-b2ba-ac1f6b6435d0,14 0,0 14
7d2b9a68-bb9a-11e8-b2b9-ac1f6b6435d0,25 0,0
7d2ea9c6-bbc0-11e8-b2bb-ac1f6b6435d0,3 21,3 25
7d30428c-bbb0-11e8-b2ba-ac1f6b6435d0,5 0,0
7d308fca-bbb1-11e8-b2ba-ac1f6b6435d0,14 0,0 14
7d30d426-bbbb-11e8-b2ba-ac1f6b6435d0,18,18
7d310e74-bbba-11e8-b2ba-ac1f6b6435d0,7 0,0 7
7d31e4ba-bbb1-11e8-b2ba-ac1f6b6435d0,25 21,2
7d37f5a2-bb99-11e8-b2b9-ac1f6b6435d0,3,3
7d3c4498-bb9b-11e8-b2b9-ac1f6b6435d0,5,5
7d3d4462-bba3-11e8-b2b9-ac1f6b6435d0,25,25
7d3e8698-bb9d-11e8-b2b9-ac1f6b6435d0,25 0,0 25
7d3efe18-bbc3-11e8-b2bc-ac1f6b6435d0,25,25
7d43abd4-bbbe-11e8-b2ba-ac1f6b6435d0,18,7 25
7d4483ea-bbca-11e8-b2bc-ac1f6b6435d0,25 18 0,0 18
7d4526f8-bbbe-11e8-b2ba-ac1f6b6435d0,13 21,13 25
7d461f74-bb9e-11e8-b2b9-ac1f6b6435d0,24,24
7d4c260c-bbb3-11e8-b2ba-ac1f6b6435d0,7,7
7d4d9c70-bbbe-11e8-b2ba-ac1f6b6435d0,25 5 0,0 18
7d4de166-bba1-11e8-b2b9-ac1f6b6435d0,12 0 21,12 21
7d4fa76e-bbbd-11e8-b2ba-ac1f6b6435d0,3,3
7d52f73c-bbb5-11e8-b2ba-ac1f6b6435d0,21,21
7d53254c-bbbd-11e8-b2ba-ac1f6b6435d0,22 5,21
7d538d4c-bbbe-11e8-b2ba-ac1f6b6435d0,25 7,7 25
7d53efb6-bbb0-11e8-b2ba-ac1f6b6435d0,2,2
7d543c74-bb9b-11e8-b2b9-ac1f6b6435d0,19,18
7d57d116-bbac-11e8-b2ba-ac1f6b6435d0,7 5 0,0 5 7
7d5918c6-bbc2-11e8-b2bb-ac1f6b6435d0,25 17,17 25
7d596418-bbbb-11e8-b2ba-ac1f6b6435d0,13 7 0,0 13
7d59f92c-bb99-11e8-b2b9-ac1f6b6435d0,19 0,0 19
7d5a1a36-bbb4-11e8-b2ba-ac1f6b6435d0,14,14
7d5a2e16-bba2-11e8-b2b9-ac1f6b6435d0,25 0,0 21 25
7d5db89c-bbc5-11e8-b2bc-ac1f6b6435d0,25 1,26
7d5f6328-bbab-11e8-b2ba-ac1f6b6435d0,12 0,0 12
7d608e92-bbbf-11e8-b2bb-ac1f6b6435d0,21,21
7d60ff4e-bb9c-11e8-b2b9-ac1f6b6435d0,0 21,0 21 25
7d61c5e2-bba5-11e8-b2ba-ac1f6b6435d0,0,0
7d6379cc-bba1-11e8-b2b9-ac1f6b6435d0,25,25
7d649cba-bbc6-11e8-b2bc-ac1f6b6435d0,23 0,0 23
7d65f6a4-bbbd-11e8-b2ba-ac1f6b6435d0,22 18 0,0 22
7d6664d4-bbc4-11e8-b2bc-ac1f6b6435d0,25 20,25 26
7d686230-bb9b-11e8-b2b9-ac1f6b6435d0,3,3
7d6fa6d0-bbb4-11e8-b2ba-ac1f6b6435d0,22,25
7d73a98c-bbc4-11e8-b2bc-ac1f6b6435d0,2,18
7d73de94-bb9b-11e8-b2b9-ac1f6b6435d0,22 3,13
7d7566b6-bbb8-11e8-b2ba-ac1f6b6435d0,25 2 0 21,0 2 21 25
7d77db8e-bbbe-11e8-b2ba-ac1f6b6435d0,14,14
7d79ea24-bbb8-11e8-b2ba-ac1f6b6435d0,25 0,0
7d79f65a-bba3-11e8-b2b9-ac1f6b6435d0,0,0 19
7d7c07a2-bba7-11e8-b2ba-ac1f6b6435d0,4,5
7d7d06e8-bba7-11e8-b2ba-ac1f6b6435d0,19 25 0,0 19 25
7d7d4476-bba4-11e8-b2b9-ac1f6b6435d0,21,21
7d81a97e-bbc4-11e8-b2bc-ac1f6b6435d0,21,21
7d81fd46-bba8-11e8-b2ba-ac1f6b6435d0,1 0,1
7d879a12-bbad-11e8-b2ba-ac1f6b6435d0,14 17,14
7d8c10e6-bb9f-11e8-b2b9-ac1f6b6435d0,5 0 21,0 5 25
7d8eadf6-bba4-11e8-b2b9-ac1f6b6435d0,5,5
7d8f1676-bbac-11e8-b2ba-ac1f6b6435d0,25 1 0,0 1
7d90ac8a-bbc9-11e8-b2bc-ac1f6b6435d0,4,4
7d929c5a-bbb7-11e8-b2ba-ac1f6b6435d0,25 0,0 25
7d94ed04-bbc4-11e8-b2bc-ac1f6b6435d0,2 0,0
7d95711a-bbbb-11e8-b2ba-ac1f6b6435d0,25 0,0 25
7d9e33f6-bbc3-11e8-b2bc-ac1f6b6435d0,4 0,0 4
7da41ac6-bbac-11e8-b2ba-ac1f6b6435d0,6,6
7da4243e-bbb7-11e8-b2ba-ac1f6b6435d0,0,0
7da463a0-bbb6-11e8-b2ba-ac1f6b6435d0,21,21
7da651fc-bbbf-11e8-b2bb-ac1f6b6435d0,18,18
7da79152-bba6-11e8-b2ba-ac1f6b6435d0,24 0,24
7dac03a0-bbb9-11e8-b2ba-ac1f6b6435d0,0 21,0 21
7db163e8-bbb6-11e8-b2ba-ac1f6b6435d0,2 0,0 2
7db30708-bb9c-11e8-b2b9-ac1f6b6435d0,25 4,0 25
7db4418c-bba0-11e8-b2b9-ac1f6b6435d0,16 25 2 0,0 2 25 26
7db50484-bb99-11e8-b2b9-ac1f6b6435d0,25 4,14 25
7db59fb8-bbab-11e8-b2ba-ac1f6b6435d0,2 0,2
7db7f55c-bbaa-11e8-b2ba-ac1f6b6435d0,0 21,0 21
7db96a62-bbb5-11e8-b2ba-ac1f6b6435d0,2,2
7dbd7ffc-bbc5-11e8-b2bc-ac1f6b6435d0,5 0,0 25
7dc40ba4-bba9-11e8-b2ba-ac1f6b6435d0,3,0 3
7dc4e6dc-bb9a-11e8-b2b9-ac1f6b6435d0,23,23
7dc6dc76-bbb8-11e8-b2ba-ac1f6b6435d0,23 2 21,2 21
7dc853ee-bbc2-11e8-b2bb-ac1f6b6435d0,1 4,1 4
7dc87520-bbb5-11e8-b2ba-ac1f6b6435d0,5,0 5
7dc99474-bbc8-11e8-b2bc-ac1f6b6435d0,25 7 0,0 25
7dcae682-bbb7-11e8-b2ba-ac1f6b6435d0,19 0,0 19
7dcbc8de-bbc3-11e8-b2bc-ac1f6b6435d0,23 0,7 25
7dcbcdf6-bb9c-11e8-b2b9-ac1f6b6435d0,25,1 25
7dce1710-bbc8-11e8-b2bc-ac1f6b6435d0,21,0 21
7dd28ac2-bbad-11e8-b2ba-ac1f6b6435d0,25,17 25
7dd4b146-bba6-11e8-b2ba-ac1f6b6435d0,5,5
7dd6fbb4-bbbe-11e8-b2ba-ac1f6b6435d0,13,25
7dd9990a-bba5-11e8-b2ba-ac1f6b6435d0,25,25
7ddc7f7c-bbc7-11e8-b2bc-ac1f6b6435d0,7 0,0 7
7dddd966-bbc3-11e8-b2bc-ac1f6b6435d0,4,0 25
7de14424-bba6-11e8-b2ba-ac1f6b6435d0,24 0,24
7de274c2-bba9-11e8-b2ba-ac1f6b6435d0,7,7
7de5d148-bbaf-11e8-b2ba-ac1f6b6435d0,4,4
7de73f3c-bb9c-11e8-b2b9-ac1f6b6435d0,7,7
7de7c05c-bbc3-11e8-b2bc-ac1f6b6435d0,0,0
7de94e4e-bba6-11e8-b2ba-ac1f6b6435d0,25,25
7dee36d8-bba2-11e8-b2b9-ac1f6b6435d0,25 2 0,2 25
7def152e-bba4-11e8-b2b9-ac1f6b6435d0,6,6 25
7defb9f8-bbad-11e8-b2ba-ac1f6b6435d0,25 13 0,0 13
7df1d272-bba5-11e8-b2ba-ac1f6b6435d0,23 0,0 23
7df3f84a-bbb9-11e8-b2ba-ac1f6b6435d0,25 7 0,7
7df7c486-bb9e-11e8-b2b9-ac1f6b6435d0,7 0,0
7dfcb88e-bbb1-11e8-b2ba-ac1f6b6435d0,6,6
7dfd01be-bba6-11e8-b2ba-ac1f6b6435d0,2 0,0 2
7dfe05c0-bbc2-11e8-b2bb-ac1f6b6435d0,4,4
7dfea128-bba5-11e8-b2ba-ac1f6b6435d0,11,11
7e015bd6-bbc1-11e8-b2bb-ac1f6b6435d0,25 2 0,0 2 25
7e024cde-bbae-11e8-b2ba-ac1f6b6435d0,7,7
7e02c046-bbaa-11e8-b2ba-ac1f6b6435d0,23 0,0 23
7e05c1c8-bbb0-11e8-b2ba-ac1f6b6435d0,3,0 3
7e093ad6-bb99-11e8-b2b9-ac1f6b6435d0,25,25 26
7e09f6d4-bbb1-11e8-b2ba-ac1f6b6435d0,21,21 25
7e0b9e1c-bb9d-11e8-b2b9-ac1f6b6435d0,23,23
7e0ceb58-bb9f-11e8-b2b9-ac1f6b6435d0,1 0,0 1
7e0e48ae-bba4-11e8-b2b9-ac1f6b6435d0,0,0
7e12a50c-bbb3-11e8-b2ba-ac1f6b6435d0,7 21,7 21
7e17f4c0-bbbe-11e8-b2ba-ac1f6b6435d0,1 0,0 11
7e183012-bbbd-11e8-b2ba-ac1f6b6435d0,25 0,0 25
7e194256-bbca-11e8-b2bc-ac1f6b6435d0,25 0,0 21 23
7e1a7a40-bbc5-11e8-b2bc-ac1f6b6435d0,0,0
7e2249ea-bb99-11e8-b2b9-ac1f6b6435d0,23,23
7e2429a0-bbac-11e8-b2ba-ac1f6b6435d0,23,23 25
7e26519e-bb9d-11e8-b2b9-ac1f6b6435d0,7,7
7e275e6c-bbc1-11e8-b2bb-ac1f6b6435d0,3,3
7e2b75b4-bba4-11e8-b2b9-ac1f6b6435d0,6,6
7e2f76f0-bbbd-11e8-b2ba-ac1f6b6435d0,18 21,21
7e2fd8da-bb9e-11e8-b2b9-ac1f6b6435d0,25 6,21 25
7e30aeca-bb9b-11e8-b2b9-ac1f6b6435d0,2 0,0 2
7e30e5cc-bbb7-11e8-b2ba-ac1f6b6435d0,25,25
7e31e8be-bbb7-11e8-b2ba-ac1f6b6435d0,25 0,0 18 25
7e3c58ee-bbad-11e8-b2ba-ac1f6b6435d0,3 0,3
7e4053a8-bbc7-11e8-b2bc-ac1f6b6435d0,25,25
7e41de8e-bba5-11e8-b2ba-ac1f6b6435d0,7,7
7e44c69a-bbb3-11e8-b2ba-ac1f6b6435d0,23 21,23
7e499e8e-bbbf-11e8-b2bb-ac1f6b6435d0,4 0,4
7e4bba94-bbb9-11e8-b2ba-ac1f6b6435d0,25 0,0 25
7e4f6c2e-bbc9-11e8-b2bc-ac1f6b6435d0,14,14
7e535876-bbaf-11e8-b2ba-ac1f6b6435d0,0,0
7e537686-bbb8-11e8-b2ba-ac1f6b6435d0,3,3
7e5476aa-bbac-11e8-b2ba-ac1f6b6435d0,11,11
7e59c696-bbc5-11e8-b2bc-ac1f6b6435d0,0,0
7e5a46e8-bbb1-11e8-b2ba-ac1f6b6435d0,20,24
7e6068f0-bba9-11e8-b2ba-ac1f6b6435d0,7,0 23
7e611168-bba1-11e8-b2b9-ac1f6b6435d0,2 0,0 2
7e649436-bbb1-11e8-b2ba-ac1f6b6435d0,25 18,18 19 25
7e65580e-bbbf-11e8-b2bb-ac1f6b6435d0,2 21,2 21
7e664440-bbc3-11e8-b2bc-ac1f6b6435d0,25 0 21,0 2 25
7e66a642-bba5-11e8-b2ba-ac1f6b6435d0,23 3,3 23
7e6ae4ee-bba7-11e8-b2ba-ac1f6b6435d0,1,1
7e6d58d2-bbc5-11e8-b2bc-ac1f6b6435d0,25,6 25
7e716680-bbb5-11e8-b2ba-ac1f6b6435d0,2,2
7e7524ce-bb9b-11e8-b2b9-ac1f6b6435d0,4,4
7e7569b2-bbae-11e8-b2ba-ac1f6b6435d0,3 0,0 3 5 25
7e781672-bbad-11e8-b2ba-ac1f6b6435d0,25 0,0
7e79ba06-bbc4-11e8-b2bc-ac1f6b6435d0,2,2
7e7ba5ec-bbb9-11e8-b2ba-ac1f6b6435d0,25 0,0 25
7e7c83d0-bbbf-11e8-b2bb-ac1f6b6435d0,19 0,0 19
7e7da00e-bbbe-11e8-b2ba-ac1f6b6435d0,19,19
7e7f99b8-bbb9-11e8-b2ba-ac1f6b6435d0,25,25
7e7f99e0-bbaa-11e8-b2ba-ac1f6b6435d0,3,3
7e81b398-bbae-11e8-b2ba-ac1f6b6435d0,0,0
7e825432-bb9b-11e8-b2b9-ac1f6b6435d0,19 21,21
7e83b30e-bb9b-11e8-b2b9-ac1f6b6435d0,5 0,0 5
7e84650c-bbb3-11e8-b2ba-ac1f6b6435d0,0,0
7e84b766-bbc5-11e8-b2bc-ac1f6b6435d0,0,0
7e8832d6-bba4-11e8-b2b9-ac1f6b6435d0,2,2
7e8aebb6-bbb8-11e8-b2ba-ac1f6b6435d0,2 0,0 2
7e8ca5f8-bbb5-11e8-b2ba-ac1f6b6435d0,0,0
7e9176aa-bba1-11e8-b2b9-ac1f6b6435d0,25 4,4 25
7e92f56a-bbca-11e8-b2bc-ac1f6b6435d0,25 4,4 25
7e950d8c-bbca-11e8-b2bc-ac1f6b6435d0,25 4,4 21 25
7e956378-bbc9-11e8-b2bc-ac1f6b6435d0,3 0,0 3
7e987478-bbc4-11e8-b2bc-ac1f6b6435d0,2,2
7e98b60e-bbb0-11e8-b2ba-ac1f6b6435d0,16 25,14
7e99faee-bbbc-11e8-b2ba-ac1f6b6435d0,21,21
7e9e1bcc-bba5-11e8-b2ba-ac1f6b6435d0,3 0,1 4
7e9f46f4-bbba-11e8-b2ba-ac1f6b6435d0,7,7
7e9fa7a4-bbb3-11e8-b2ba-ac1f6b6435d0,23,23
7ea1cd6c-bbaf-11e8-b2ba-ac1f6b6435d0,2 0,0 2
7ea3f814-bbbc-11e8-b2ba-ac1f6b6435d0,23,23
7ea6af2e-bbc0-11e8-b2bb-ac1f6b6435d0,7,7 18
7ea94422-bbb7-11e8-b2ba-ac1f6b6435d0,7 0,0 7
7eab2cde-bbc5-11e8-b2bc-ac1f6b6435d0,7 0,0 7
7eab5304-bbab-11e8-b2ba-ac1f6b6435d0,25 2 0,0 2 25
7eac7008-bbb6-11e8-b2ba-ac1f6b6435d0,5 0,0 2
7ead277a-bbc8-11e8-b2bc-ac1f6b6435d0,25 0,0 25
7eb166ca-bbad-11e8-b2ba-ac1f6b6435d0,6,6
7eb56624-bbaf-11e8-b2ba-ac1f6b6435d0,25 7 0,7 25
7eb6463e-bbc8-11e8-b2bc-ac1f6b6435d0,25,25
7eb69ed8-bbad-11e8-b2ba-ac1f6b6435d0,0 21,0 2 25
7eb9ca38-bba6-11e8-b2ba-ac1f6b6435d0,0 21,0 21
7ebf9886-bb9d-11e8-b2b9-ac1f6b6435d0,16 14 0,0 14 16
7ebfa26e-bbb5-11e8-b2ba-ac1f6b6435d0,1 0,1
7ec1951e-bbac-11e8-b2ba-ac1f6b6435d0,23,23
7ec22052-bba1-11e8-b2b9-ac1f6b6435d0,7,7
7ec881f0-bbb4-11e8-b2ba-ac1f6b6435d0,25,2
7ecc5520-bbb2-11e8-b2ba-ac1f6b6435d0,25 13 21,13 25
7ed20900-bba5-11e8-b2ba-ac1f6b6435d0,0,0 25
7ed2df80-bbc6-11e8-b2bc-ac1f6b6435d0,0,0
7ed36116-bb9f-11e8-b2b9-ac1f6b6435d0,4 21,0 21
7ed7008a-bba6-11e8-b2ba-ac1f6b6435d0,25 21,0 21 25
7ed81190-bba7-11e8-b2ba-ac1f6b6435d0,0,0
7ed8660a-bbab-11e8-b2ba-ac1f6b6435d0,0 21,0 21
7ed9375e-bb9e-11e8-b2b9-ac1f6b6435d0,4 2,5
7edbac94-bbaa-11e8-b2ba-ac1f6b6435d0,25 14,14
7ee3439a-bbc9-11e8-b2bc-ac1f6b6435d0,16 15 2,23
7ee37000-bbaf-11e8-b2ba-ac1f6b6435d0,19,7
7ee3e048-bbba-11e8-b2ba-ac1f6b6435d0,0,0
7ee8d780-bbbd-11e8-b2ba-ac1f6b6435d0,14,14
7ee9661c-bba6-11e8-b2ba-ac1f6b6435d0,19 2 0,0 2 19
7eea1352-bbb8-11e8-b2ba-ac1f6b6435d0,25 5,0
7eec9ad6-bbc8-11e8-b2bc-ac1f6b6435d0,7 0,0 18
7eedb68a-bbac-11e8-b2ba-ac1f6b6435d0,3,3
7eeec51e-bbbd-11e8-b2ba-ac1f6b6435d0,23 0,0 23
7eef18e2-bbc8-11e8-b2bc-ac1f6b6435d0,25 0,21
7ef0e5c4-bba9-11e8-b2ba-ac1f6b6435d0,7,7
7ef2ee76-bbb5-11e8-b2ba-ac1f6b6435d0,0 21,0 7 21
7ef38f66-bbb5-11e8-b2ba-ac1f6b6435d0,16 2 0,0 2 16
7ef5267c-bbbb-11e8-b2ba-ac1f6b6435d0,25 2 0,2
7ef6b5a0-bba2-11e8-b2b9-ac1f6b6435d0,12 21,12
7ef85028-bbc4-11e8-b2bc-ac1f6b6435d0,0 21,0
7ef8ce04-bbba-11e8-b2ba-ac1f6b6435d0,22 25,21 23
7ef8ffbc-bbc1-11e8-b2bb-ac1f6b6435d0,23 2,2 23
7efa9c2c-bb9a-11e8-b2b9-ac1f6b6435d0,25 0,0 25
7f0018ee-bb9c-11e8-b2b9-ac1f6b6435d0,0,0
7f041c02-bbc2-11e8-b2bb-ac1f6b6435d0,22 18,25
7f04bc1e-bbab-11e8-b2ba-ac1f6b6435d0,22 0,0 13
7f07930e-bbaa-11e8-b2ba-ac1f6b6435d0,4,4 23
7f0a1f9e-bbc2-11e8-b2bb-ac1f6b6435d0,23 0,0 23
7f0cb998-bbae-11e8-b2ba-ac1f6b6435d0,2,0 2
7f0d6314-bbb5-11e8-b2ba-ac1f6b6435d0,25 21,21 25
7f0e9e60-bbaf-11e8-b2ba-ac1f6b6435d0,25 1 2,1 25
7f180ed0-bbca-11e8-b2bc-ac1f6b6435d0,0,0
7f183db8-bba4-11e8-b2b9-ac1f6b6435d0,19 25 0,0 19
7f1a2282-bbbc-11e8-b2ba-ac1f6b6435d0,5 0,0
7f1e4598-bbc0-11e8-b2bb-ac1f6b6435d0,23,23
7f24c33a-bbc7-11e8-b2bc-ac1f6b6435d0,5,5
7f261752-bba5-11e8-b2ba-ac1f6b6435d0,0 21,0
7f29b3a2-bbab-11e8-b2ba-ac1f6b6435d0,21,21
7f2fb28c-bba8-11e8-b2ba-ac1f6b6435d0,5 0,0
7f3565c2-bbaf-11e8-b2ba-ac1f6b6435d0,23,23
7f360188-bba7-11e8-b2ba-ac1f6b6435d0,22,21
7f39df78-bba8-11e8-b2ba-ac1f6b6435d0,23,23
7f3d8186-bb9a-11e8-b2b9-ac1f6b6435d0,22 21,22
7f3de0c4-bbb6-11e8-b2ba-ac1f6b6435d0,3,2 3
7f3f1006-bbc1-11e8-b2bb-ac1f6b6435d0,5 0,5
7f41e3e6-bbbf-11e8-b2bb-ac1f6b6435d0,25 4,4 25
7f423886-bbac-11e8-b2ba-ac1f6b6435d0,25 7 0,7 21
7f47f696-bbc9-11e8-b2bc-ac1f6b6435d0,2 0,0 2
7f4a8fb4-bbba-11e8-b2ba-ac1f6b6435d0,5,5
7f51bc18-bbaa-11e8-b2ba-ac1f6b6435d0,25 0,0 21
7f5765ac-bbb2-11e8-b2ba-ac1f6b6435d0,13 4,0 22
7f5c7458-bbbb-11e8-b2ba-ac1f6b6435d0,19 0,0
7f5d2be8-bba0-11e8-b2b9-ac1f6b6435d0,25 5,25
7f5d5856-bb9c-11e8-b2b9-ac1f6b6435d0,23 0,0 23
7f5d8a4e-bbb3-11e8-b2ba-ac1f6b6435d0,7 0,0 7
7f5dc2d0-bbc6-11e8-b2bc-ac1f6b6435d0,14,14 21
7f5dc8a4-bb9c-11e8-b2b9-ac1f6b6435d0,12,12
7f5f9cd2-bbb6-11e8-b2ba-ac1f6b6435d0,25 23,25
7f61b9b2-bbb7-11e8-b2ba-ac1f6b6435d0,0,0
7f634304-bb99-11e8-b2b9-ac1f6b6435d0,4,21
7f64a94e-bba1-11e8-b2b9-ac1f6b6435d0,21,21
7f65c55c-bbb2-11e8-b2ba-ac1f6b6435d0,23,23
7f66be08-bbbc-11e8-b2ba-ac1f6b6435d0,19 0,0 19
7f6922a0-bba4-11e8-b2b9-ac1f6b6435d0,0,0
7f6dfce6-bbc5-11e8-b2bc-ac1f6b6435d0,25,16 17 25
7f6f42e6-bbb5-11e8-b2ba-ac1f6b6435d0,25 1,1 25
7f718be4-bbc1-11e8-b2bb-ac1f6b6435d0,22,22
7f76d9ae-bbb3-11e8-b2ba-ac1f6b6435d0,19,0 19
7f7ac4ba-bbb3-11e8-b2ba-ac1f6b6435d0,6,6
7f7b76b8-bbb2-11e8-b2ba-ac1f6b6435d0,20,20
7f7baf52-bba8-11e8-b2ba-ac1f6b6435d0,23 0,0 23
7f7bb7fa-bbbb-11e8-b2ba-ac1f6b6435d0,2 0,0 2
7f807998-bbc0-11e8-b2bb-ac1f6b6435d0,7 2 0,0 2 7
7f820896-bbbe-11e8-b2ba-ac1f6b6435d0,7,7 21
7f8353f8-bbbf-11e8-b2bb-ac1f6b6435d0,7,7
7f836864-bb99-11e8-b2b9-ac1f6b6435d0,14,14
7f837cdc-bbad-11e8-b2ba-ac1f6b6435d0,19 25 0,0
7f8545c4-bb9b-11e8-b2b9-ac1f6b6435d0,0,0
7f8f2096-bb9e-11e8-b2b9-ac1f6b6435d0,25 0,0 21 25
7f914958-bba2-11e8-b2b9-ac1f6b6435d0,11,11
7f941b68-bb9f-11e8-b2b9-ac1f6b6435d0,3,2
7f9977c4-bbaf-11e8-b2ba-ac1f6b6435d0,22 0,0 22
7f9e5952-bbb3-11e8-b2ba-ac1f6b6435d0,0,0 19
7fa3362e-bbc3-11e8-b2bc-ac1f6b6435d0,25 2 0,0 25
7fa6aa74-bb9c-11e8-b2b9-ac1f6b6435d0,7,7
7fa8bef0-bba5-11e8-b2ba-ac1f6b6435d0,0,0 7
7fa8e8c0-bbb0-11e8-b2ba-ac1f6b6435d0,25 5,25
7faa8e2c-bbca-11e8-b2bc-ac1f6b6435d0,25 0,0 25
7fabf6d8-bbc8-11e8-b2bc-ac1f6b6435d0,25 4,4 25
7fac5d5e-bbc7-11e8-b2bc-ac1f6b6435d0,7 0 21,25
7faccd24-bb9b-11e8-b2b9-ac1f6b6435d0,23,23
7fae1f5c-bbbf-11e8-b2bb-ac1f6b6435d0,23,0 23
7fb2fa80-bbca-11e8-b2bc-ac1f6b6435d0,25 7 0,0 7 25
7fb3534a-bbb1-11e8-b2ba-ac1f6b6435d0,2 0,0 2
7fb45874-bbb8-11e8-b2ba-ac1f6b6435d0,19 0,25
7fb6fd30-bba0-11e8-b2b9-ac1f6b6435d0,25 7 0 21,0 7 25
7fba7996-bbc4-11e8-b2bc-ac1f6b6435d0,2 0,0
7fbb102c-bbbf-11e8-b2bb-ac1f6b6435d0,1 2 0,0 1 2
7fbc1234-bbb4-11e8-b2ba-ac1f6b6435d0,1,1
7fbec4b2-bbb8-11e8-b2ba-ac1f6b6435d0,25 0,0 25
7fc25d6c-bbb7-11e8-b2ba-ac1f6b6435d0,4,4
7fc3e920-bbb7-11e8-b2ba-ac1f6b6435d0,23,23
7fc5a4a2-bbc8-11e8-b2bc-ac1f6b6435d0,0,0 25
7fc7aa5e-bbb4-11e8-b2ba-ac1f6b6435d0,1 0,0 1
7fcb23e6-bba5-11e8-b2ba-ac1f6b6435d0,0,0
7fd3e170-bbc8-11e8-b2bc-ac1f6b6435d0,4,25
7fdae914-bb9d-11e8-b2b9-ac1f6b6435d0,19 0,0
7fde3d06-bba4-11e8-b2b9-ac1f6b6435d0,12 4,4 12
7fe1ea48-bbc0-11e8-b2bb-ac1f6b6435d0,0,0
7fe43e94-bb9b-11e8-b2b9-ac1f6b6435d0,7,7
7fe71af0-bbba-11e8-b2ba-ac1f6b6435d0,3 0,0 3
7fe84c26-bbbb-11e8-b2ba-ac1f6b6435d0,23 1,6
7fe8d8c4-bb9a-11e8-b2b9-ac1f6b6435d0,2 0,0 2
7fec7d0a-bbb1-11e8-b2ba-ac1f6b6435d0,11 2,11
7fef32ec-bbbc-11e8-b2ba-ac1f6b6435d0,5,5
7ff20c74-bba3-11e8-b2b9-ac1f6b6435d0,7,7
7ff74400-bbc1-11e8-b2bb-ac1f6b6435d0,3 0,0 3
7ff9d69c-bba9-11e8-b2ba-ac1f6b6435d0,22 7 0,0 22
7ffae4c4-bbc7-11e8-b2bc-ac1f6b6435d0,21,21 22
7ffe149c-bb99-11e8-b2b9-ac1f6b6435d0,11 1 0,0 1 11
8005772e-bbb6-11e8-b2ba-ac1f6b6435d0,23,23
8005b3b8-bbb8-11e8-b2ba-ac1f6b6435d0,23 0,0 22
800b85a4-bbae-11e8-b2ba-ac1f6b6435d0,6,6 23
800d79be-bbc6-11e8-b2bc-ac1f6b6435d0,22 25,25
800da262-bb9f-11e8-b2b9-ac1f6b6435d0,25,25
8013db7a-bba2-11e8-b2b9-ac1f6b6435d0,14,14
8015548e-bbb9-11e8-b2ba-ac1f6b6435d0,2,2
8018f6d0-bbc2-11e8-b2bb-ac1f6b6435d0,20,20
801d7256-bba8-11e8-b2ba-ac1f6b6435d0,5,5
801dd1b4-bba9-11e8-b2ba-ac1f6b6435d0,13 7,7
8020302c-bb9e-11e8-b2b9-ac1f6b6435d0,25,7
80243926-bbb5-11e8-b2ba-ac1f6b6435d0,23,23
80243ad0-bbc3-11e8-b2bc-ac1f6b6435d0,25 5,4 25
8024a744-bbab-11e8-b2ba-ac1f6b6435d0,16 25 3,3
802810d4-bbc2-11e8-b2bb-ac1f6b6435d0,25 5,5 25
802998d4-bbbb-11e8-b2ba-ac1f6b6435d0,23 27,23
802dfc06-bb9a-11e8-b2b9-ac1f6b6435d0,25 5 21,21 25
8033315c-bbc3-11e8-b2bc-ac1f6b6435d0,7,7
8033f6ac-bbbc-11e8-b2ba-ac1f6b6435d0,11,11 25
80353264-bba9-11e8-b2ba-ac1f6b6435d0,23,2
803901c0-bba2-11e8-b2b9-ac1f6b6435d0,0,0
803e3c5e-bbbf-11e8-b2bb-ac1f6b6435d0,3,3
803f16be-bbc5-11e8-b2bc-ac1f6b6435d0,3 0,0 3
803f91f8-bb9c-11e8-b2b9-ac1f6b6435d0,25 0,0 16 25
804082d8-bbb6-11e8-b2ba-ac1f6b6435d0,3 0,0 3 7
80409956-bbc7-11e8-b2bc-ac1f6b6435d0,19 0,0 19
8041814a-bbc7-11e8-b2bc-ac1f6b6435d0,12 25 0,12
80436cba-bba6-11e8-b2ba-ac1f6b6435d0,0,0
80465dd2-bb9f-11e8-b2b9-ac1f6b6435d0,4,4
8046a96a-bbc5-11e8-b2bc-ac1f6b6435d0,1,1
80493eb8-bb99-11e8-b2b9-ac1f6b6435d0,12 0,0 12
804b6aa2-bbc7-11e8-b2bc-ac1f6b6435d0,23 5 0,5 23
804b6ea8-bbae-11e8-b2ba-ac1f6b6435d0,7 1 0,0 1 7
8052c2aa-bbb5-11e8-b2ba-ac1f6b6435d0,7 21,0
8053c9c2-bb9a-11e8-b2b9-ac1f6b6435d0,7,23
805418d6-bb9b-11e8-b2b9-ac1f6b6435d0,0 21,0 21
805878e0-bba5-11e8-b2ba-ac1f6b6435d0,5,5
8058dc12-bbc4-11e8-b2bc-ac1f6b6435d0,2 0,0 2
80598c4a-bbc7-11e8-b2bc-ac1f6b6435d0,13,19
805b1562-bb9d-11e8-b2b9-ac1f6b6435d0,25,16 25
805c75cc-bb9a-11e8-b2b9-ac1f6b6435d0,25 3,6
80608750-bbc9-11e8-b2bc-ac1f6b6435d0,4,4
80614cc4-bbb7-11e8-b2ba-ac1f6b6435d0,25 21,25
8061ee18-bbb2-11e8-b2ba-ac1f6b6435d0,5,5 21
8064098e-bbc4-11e8-b2bc-ac1f6b6435d0,25 0,0 25
8066854c-bbb0-11e8-b2ba-ac1f6b6435d0,7,7 20
806933e4-bbb2-11e8-b2ba-ac1f6b6435d0,0,1 2
806b2ee4-bbc9-11e8-b2bc-ac1f6b6435d0,16 25 0,0 16
806c115c-bbaa-11e8-b2ba-ac1f6b6435d0,4,4
806de45c-bbc1-11e8-b2bb-ac1f6b6435d0,19 2 0,0 2 25
80704a44-bbbc-11e8-b2ba-ac1f6b6435d0,25 0,0 25
80724322-bbac-11e8-b2ba-ac1f6b6435d0,3,3
8072c850-bbc6-11e8-b2bc-ac1f6b6435d0,5,5
8075f7ac-bbba-11e8-b2ba-ac1f6b6435d0,26,26
8078d0ee-bba6-11e8-b2ba-ac1f6b6435d0,25 0 21,0 21
807957c2-bbc3-11e8-b2bc-ac1f6b6435d0,7 0,0 7
807ef692-bbae-11e8-b2ba-ac1f6b6435d0,11,0 5
8080a61e-bb99-11e8-b2b9-ac1f6b6435d0,11 0,0 24
80835882-bbb2-11e8-b2ba-ac1f6b6435d0,23,23
80841424-bb9f-11e8-b2b9-ac1f6b6435d0,25 2,0 2 25
808782d6-bb9e-11e8-b2b9-ac1f6b6435d0,0,0
8089127a-bba0-11e8-b2b9-ac1f6b6435d0,23,23
8089c19c-bbab-11e8-b2ba-ac1f6b6435d0,21,21
80908b86-bbaf-11e8-b2ba-ac1f6b6435d0,4,4
80946a56-bbb6-11e8-b2ba-ac1f6b6435d0,4,4
8094d5ce-bbc3-11e8-b2bc-ac1f6b6435d0,12 7 0,0 7
809535aa-bbbe-11e8-b2ba-ac1f6b6435d0,5,1 5
80965ee4-bbaa-11e8-b2ba-ac1f6b6435d0,23,23
8096b8a6-bbac-11e8-b2ba-ac1f6b6435d0,23,6
8097c246-bba2-11e8-b2b9-ac1f6b6435d0,2 0,0 2
80982ccc-bba7-11e8-b2ba-ac1f6b6435d0,23,23
8099a520-bb9d-11e8-b2b9-ac1f6b6435d0,19,19 21
809c4c86-bbc4-11e8-b2bc-ac1f6b6435d0,5,5
809e1cc8-bb9c-11e8-b2b9-ac1f6b6435d0,25,25
809e232a-bbac-11e8-b2ba-ac1f6b6435d0,5,5
80a0796c-bba8-11e8-b2ba-ac1f6b6435d0,5 0,0 5 7
80a2f7e0-bbb3-11e8-b2ba-ac1f6b6435d0,25 3 0,0
80a3647e-bbb2-11e8-b2ba-ac1f6b6435d0,23 1,1 23
80a626d2-bbc6-11e8-b2bc-ac1f6b6435d0,23 0,0 25
80a6583e-bbba-11e8-b2ba-ac1f6b6435d0,23,23
80a8f19c-bbac-11e8-b2ba-ac1f6b6435d0,2 0 21,0 21
80ab0012-bbc1-11e8-b2bb-ac1f6b6435d0,23,23
80abeeae-bbc2-11e8-b2bb-ac1f6b6435d0,0,0
80b2067a-bba6-11e8-b2ba-ac1f6b6435d0,25 0 21,0 19 21 25
80b821a4-bbc4-11e8-b2bc-ac1f6b6435d0,0,0
80ba54fa-bbb1-11e8-b2ba-ac1f6b6435d0,22,22
80bcd6fe-bba1-11e8-b2b9-ac1f6b6435d0,20 0,0
80bdca64-bbc9-11e8-b2bc-ac1f6b6435d0,3 0,0 3 25
80c1613a-bb9a-11e8-b2b9-ac1f6b6435d0,25,23
80c2cf90-bba2-11e8-b2b9-ac1f6b6435d0,25,25
80c88ce4-bbb8-11e8-b2ba-ac1f6b6435d0,11,7
80d35044-bb9e-11e8-b2b9-ac1f6b6435d0,0 21,0
80d48aee-bbbd-11e8-b2ba-ac1f6b6435d0,11,23
80d57a16-bbaa-11e8-b2ba-ac1f6b6435d0,7,7
80d695e2-bba8-11e8-b2ba-ac1f6b6435d0,25 7 1,7 25
80db1776-bbac-11e8-b2ba-ac1f6b6435d0,21,0 21 25
80dbb9b6-bbb5-11e8-b2ba-ac1f6b6435d0,26 25,25
80dd8144-bba4-11e8-b2b9-ac1f6b6435d0,19 5 0,0 5
80de70c6-bbbe-11e8-b2ba-ac1f6b6435d0,20,20
80dfd562-bbb7-11e8-b2ba-ac1f6b6435d0,16 5 0,4 25
80e422c4-bbc7-11e8-b2bc-ac1f6b6435d0,15 0,0
80ea0dc4-bbb3-11e8-b2ba-ac1f6b6435d0,2 0,0 2
80ec1c96-bba8-11e8-b2ba-ac1f6b6435d0,25 0,0 25
80ec83fc-bbad-11e8-b2ba-ac1f6b6435d0,25,25
80eceb20-bbbd-11e8-b2ba-ac1f6b6435d0,25 2 0,0 2 25
80ed70ba-bbc5-11e8-b2bc-ac1f6b6435d0,0,0
80ee4bb6-bbca-11e8-b2bc-ac1f6b6435d0,18 23,23
80eeadaa-bbc9-11e8-b2bc-ac1f6b6435d0,2,2
80ef54de-bbb1-11e8-b2ba-ac1f6b6435d0,3 0,3
80f422b4-bbc7-11e8-b2bc-ac1f6b6435d0,0,0
80f4e348-bbae-11e8-b2ba-ac1f6b6435d0,12 25 2,0 2 12 25
80f78568-bba3-11e8-b2b9-ac1f6b6435d0,5 0,0 5
80f78880-bbba-11e8-b2ba-ac1f6b6435d0,0,0
80f93a2e-bba4-11e8-b2b9-ac1f6b6435d0,12 0,4
80fb1d4e-bba9-11e8-b2ba-ac1f6b6435d0,2,2
80fb9d30-bba6-11e8-b2ba-ac1f6b6435d0,0,0 5
80fcafb4-bba5-11e8-b2ba-ac1f6b6435d0,2 0,0 2
80fd7934-bbc4-11e8-b2bc-ac1f6b6435d0,5,5
80fe77a2-bba7-11e8-b2ba-ac1f6b6435d0,2 0,0 2
80ff3df4-bbca-11e8-b2bc-ac1f6b6435d0,4,4
81049a02-bba1-11e8-b2b9-ac1f6b6435d0,7,7
81054370-bba7-11e8-b2ba-ac1f6b6435d0,11,11 25
8105ff8e-bb9a-11e8-b2b9-ac1f6b6435d0,25 14,14 25
8107a248-bbc8-11e8-b2bc-ac1f6b6435d0,25,0 25
810a01e8-bbbc-11e8-b2ba-ac1f6b6435d0,11,11
810c7698-bbbd-11e8-b2ba-ac1f6b6435d0,0,0
810e813e-bb9c-11e8-b2b9-ac1f6b6435d0,25 5,3 25
810f0cb6-bba2-11e8-b2b9-ac1f6b6435d0,12 25 2,2 12 21
8114238a-bbb2-11e8-b2ba-ac1f6b6435d0,12,12 13 21
81179b46-bbb2-11e8-b2ba-ac1f6b6435d0,0,0
8118b456-bbc4-11e8-b2bc-ac1f6b6435d0,23 3 0,0 3
811a4db6-bbbf-11e8-b2bb-ac1f6b6435d0,25,25
811d8f82-bbbd-11e8-b2ba-ac1f6b6435d0,25 0,0 21
8121e16a-bba7-11e8-b2ba-ac1f6b6435d0,7,0 7 16
81231a7c-bbb0-11e8-b2ba-ac1f6b6435d0,0,0
81245360-bbb5-11e8-b2ba-ac1f6b6435d0,0,0 25
812c70fe-bbb0-11e8-b2ba-ac1f6b6435d0,4,4
812f8794-bbb0-11e8-b2ba-ac1f6b6435d0,25,14 21
81306caa-bbaa-11e8-b2ba-ac1f6b6435d0,2 0,21
8134a8a4-bb9d-11e8-b2b9-ac1f6b6435d0,2 0,2
81368ae8-bbc5-11e8-b2bc-ac1f6b6435d0,25,25
8138576e-bba3-11e8-b2b9-ac1f6b6435d0,3 21,25
8139bfd0-bbaf-11e8-b2ba-ac1f6b6435d0,11,11
813b6bb2-bba2-11e8-b2b9-ac1f6b6435d0,5,5
813e151e-bbb7-11e8-b2ba-ac1f6b6435d0,4,4
8140f6f8-bbc1-11e8-b2bb-ac1f6b6435d0,23,23
81421ada-bbb5-11e8-b2ba-ac1f6b6435d0,0,0 25
814493fe-bbc0-11e8-b2bb-ac1f6b6435d0,4,5
81449fda-bba1-11e8-b2b9-ac1f6b6435d0,23 0,0 23
8144dd08-bbbd-11e8-b2ba-ac1f6b6435d0,25 1 0,0 1 25
8144e442-bbb8-11e8-b2ba-ac1f6b6435d0,13 21,21 22
8146e8f0-bbbd-11e8-b2ba-ac1f6b6435d0,25 2,2 25
81483006-bbaf-11e8-b2ba-ac1f6b6435d0,11,6
81495090-bba9-11e8-b2ba-ac1f6b6435d0,0,0 5 25
814c2e72-bbbe-11e8-b2ba-ac1f6b6435d0,2 0,0 2
814cc5e4-bbb9-11e8-b2ba-ac1f6b6435d0,25 0,0 12 25
814ec068-bbac-11e8-b2ba-ac1f6b6435d0,16 17 0,0
814f168c-bbaf-11e8-b2ba-ac1f6b6435d0,5,5
814fa3fa-bbc7-11e8-b2bc-ac1f6b6435d0,3,2
81547ac2-bbab-11e8-b2ba-ac1f6b6435d0,5,5
81553962-bb9c-11e8-b2b9-ac1f6b6435d0,11,0 11
8155e42c-bbb3-11e8-b2ba-ac1f6b6435d0,0,0
81565780-bbc8-11e8-b2bc-ac1f6b6435d0,19,19
815c72ec-bbc7-11e8-b2bc-ac1f6b6435d0,4,4
815d3f74-bbc2-11e8-b2bb-ac1f6b6435d0,0 21,0 21
815d6f90-bbbc-11e8-b2ba-ac1f6b6435d0,23,23
815df09c-bbbb-11e8-b2ba-ac1f6b6435d0,25 0,25
815f298a-bbc0-11e8-b2bb-ac1f6b6435d0,5 0,5
8164b97e-bbaf-11e8-b2ba-ac1f6b6435d0,23,23
816575ea-bbb8-11e8-b2ba-ac1f6b6435d0,14 17,14 16 17
81674606-bbc5-11e8-b2bc-ac1f6b6435d0,23,23
816d250c-bbc6-11e8-b2bc-ac1f6b6435d0,25 13 21,13 25
816f1484-bbad-11e8-b2ba-ac1f6b6435d0,23,23
8170e0f2-bbc6-11e8-b2bc-ac1f6b6435d0,0,4
817197ba-bba1-11e8-b2b9-ac1f6b6435d0,23,23
81721d26-bb9b-11e8-b2b9-ac1f6b6435d0,25 3 0,3 25
817797fe-bbbb-11e8-b2ba-ac1f6b6435d0,25,25
8178be52-bbbd-11e8-b2ba-ac1f6b6435d0,2,2
817b643c-bbb7-11e8-b2ba-ac1f6b6435d0,0 21,6 21
817ed4d8-bba7-11e8-b2ba-ac1f6b6435d0,12 0,0 22
817fbf62-bbb9-11e8-b2ba-ac1f6b6435d0,25 0,0 25
818053fc-bbc1-11e8-b2bb-ac1f6b6435d0,25 2 0,0 2 6 25
818328b0-bb9a-11e8-b2b9-ac1f6b6435d0,5 0,4
8186522e-bbae-11e8-b2ba-ac1f6b6435d0,22 5,5 22
81887644-bbc7-11e8-b2bc-ac1f6b6435d0,2,25
818a47e0-bb99-11e8-b2b9-ac1f6b6435d0,22 0,0 22
818b2ed2-bbab-11e8-b2ba-ac1f6b6435d0,5,5
818fa834-bbc1-11e8-b2bb-ac1f6b6435d0,25 14 21,21 25
819039c2-bbc9-11e8-b2bc-ac1f6b6435d0,0,0 25
8191829e-bbad-11e8-b2ba-ac1f6b6435d0,25 6 0,5
819c8e82-bbc1-11e8-b2bb-ac1f6b6435d0,21,13
819e6060-bbb5-11e8-b2ba-ac1f6b6435d0,2 0,0 2 13
81a1620a-bbb6-11e8-b2ba-ac1f6b6435d0,25,25
81a3c506-bbaa-11e8-b2ba-ac1f6b6435d0,23 1,1 23
81a565da-bbc5-11e8-b2bc-ac1f6b6435d0,25 5,6 25
81a65dda-bba4-11e8-b2b9-ac1f6b6435d0,1 0,0 1
81a84e58-bb9d-11e8-b2b9-ac1f6b6435d0,2 0,0 2
81a88a82-bbaf-11e8-b2ba-ac1f6b6435d0,5,0
81aa4fd2-bbca-11e8-b2bc-ac1f6b6435d0,2 0,0 2
81af7a04-bbb9-11e8-b2ba-ac1f6b6435d0,23 4,23
81b33014-bbb8-11e8-b2ba-ac1f6b6435d0,0,0
81b5bfa2-bbb6-11e8-b2ba-ac1f6b6435d0,11,11
81b84ea8-bbc9-11e8-b2bc-ac1f6b6435d0,18,18
81c102cc-bbca-11e8-b2bc-ac1f6b6435d0,0,0 22 25
81c16f48-bbc8-11e8-b2bc-ac1f6b6435d0,14,14 17
81c1ba14-bbac-11e8-b2ba-ac1f6b6435d0,19 0,0
81c26356-bbb6-11e8-b2ba-ac1f6b6435d0,7,7
81c7b55e-bbc0-11e8-b2bb-ac1f6b6435d0,4,4
81c8385c-bbbc-11e8-b2ba-ac1f6b6435d0,21,21
81cc573c-bbc8-11e8-b2bc-ac1f6b6435d0,25 4,4 25
81cea69c-bb9e-11e8-b2b9-ac1f6b6435d0,19,19
81cf1370-bb9e-11e8-b2b9-ac1f6b6435d0,14 0,2 14
81d3d1e6-bbb5-11e8-b2ba-ac1f6b6435d0,23 3,2
81d654d4-bbbf-11e8-b2bb-ac1f6b6435d0,25,21 25
81d68802-bbb8-11e8-b2ba-ac1f6b6435d0,5,0 5 24
81d80f32-bbb9-11e8-b2ba-ac1f6b6435d0,25 0 21,0 22
81da5a88-bb9d-11e8-b2b9-ac1f6b6435d0,25 23,0 23 25
81dc4452-bbbf-11e8-b2bb-ac1f6b6435d0,25 21,25
81dc4e38-bbb6-11e8-b2ba-ac1f6b6435d0,25,25
81dc5844-bba0-11e8-b2b9-ac1f6b6435d0,7,7
81e6f992-bbb5-11e8-b2ba-ac1f6b6435d0,0,0
81eade8a-bbbb-11e8-b2ba-ac1f6b6435d0,0 21,0 21
81f049f4-bbc2-11e8-b2bb-ac1f6b6435d0,4,4
81f14864-bba8-11e8-b2ba-ac1f6b6435d0,23,23
81f17eec-bbb2-11e8-b2ba-ac1f6b6435d0,23,23
81f31b04-bbc0-11e8-b2bb-ac1f6b6435d0,2,0 2
81f3a2f4-bbca-11e8-b2bc-ac1f6b6435d0,12 25 2,0 12
81f4de40-bbc9-11e8-b2bc-ac1f6b6435d0,25 2,2 25
81f6435e-bbc7-11e8-b2bc-ac1f6b6435d0,19,18
81f8cdf0-bbc6-11e8-b2bc-ac1f6b6435d0,3,3
81fa0c40-bbbe-11e8-b2ba-ac1f6b6435d0,2,2
81fc9b00-bba9-11e8-b2ba-ac1f6b6435d0,19 25 0,4 25
81fd65bc-bba4-11e8-b2b9-ac1f6b6435d0,1 0,0 1 11
81ff445a-bb99-11e8-b2b9-ac1f6b6435d0,3 0,0 3
8200d2fc-bba3-11e8-b2b9-ac1f6b6435d0,5 0,0 5
82014c3c-bbb7-11e8-b2ba-ac1f6b6435d0,7,7
82085230-bbbb-11e8-b2ba-ac1f6b6435d0,4 21,0 2 21
820d4e8c-bbae-11e8-b2ba-ac1f6b6435d0,25,25
820e0178-bbaf-11e8-b2ba-ac1f6b6435d0,25 13 2 0,0 2 25
820e77a4-bbad-11e8-b2ba-ac1f6b6435d0,13 0,0 25
820f0f1c-bbb1-11e8-b2ba-ac1f6b6435d0,7 0,0 7
8214d3be-bbbd-11e8-b2ba-ac1f6b6435d0,25 21,21
8216e488-bbbd-11e8-b2ba-ac1f6b6435d0,0,0
8218f228-bb9a-11e8-b2b9-ac1f6b6435d0,5,5
8219b034-bbb6-11e8-b2ba-ac1f6b6435d0,23,23
821caeba-bbb1-11e8-b2ba-ac1f6b6435d0,25 2,2 21 25
821e5f44-bbbb-11e8-b2ba-ac1f6b6435d0,25 5 0,5 25
8221bef0-bba7-11e8-b2ba-ac1f6b6435d0,2 0,0 2
8222afde-bbc2-11e8-b2bb-ac1f6b6435d0,0,0
82265afe-bbb2-11e8-b2ba-ac1f6b6435d0,23,0 23
822804d6-bbb6-11e8-b2ba-ac1f6b6435d0,21,21
822a72a8-bbab-11e8-b2ba-ac1f6b6435d0,0 21,0 21
822ee784-bbb5-11e8-b2ba-ac1f6b6435d0,1,1
8231ba00-bbb9-11e8-b2ba-ac1f6b6435d0,7,7
8231ba8e-bba8-11e8-b2ba-ac1f6b6435d0,25 18,18 25
8232a572-bbb0-11e8-b2ba-ac1f6b6435d0,25,25
82339c6c-bb9b-11e8-b2b9-ac1f6b6435d0,23,8 20
8233c32a-bbb6-11e8-b2ba-ac1f6b6435d0,7,7
8233ceea-bbbd-11e8-b2ba-ac1f6b6435d0,23 2,23
8236eb22-bbca-11e8-b2bc-ac1f6b6435d0,23,25
8237ae16-bbc2-11e8-b2bb-ac1f6b6435d0,4,0 2
8238387a-bbbf-11e8-b2bb-ac1f6b6435d0,0,0
8238b6f6-bbab-11e8-b2ba-ac1f6b6435d0,22 21,21
823fa416-bbab-11e8-b2ba-ac1f6b6435d0,1 0,0 1
82417b8c-bba2-11e8-b2b9-ac1f6b6435d0,11,11 14
82463056-bbba-11e8-b2ba-ac1f6b6435d0,0,0
824684e2-bbac-11e8-b2ba-ac1f6b6435d0,0,0
8247049c-bbae-11e8-b2ba-ac1f6b6435d0,25 0,0 25
8249275c-bb9c-11e8-b2b9-ac1f6b6435d0,7 21,7
824ba324-bbba-11e8-b2ba-ac1f6b6435d0,6 0,25
824bed76-bbaf-11e8-b2ba-ac1f6b6435d0,7,7
824df674-bbb5-11e8-b2ba-ac1f6b6435d0,25 5,0 5
824e04b8-bb9f-11e8-b2b9-ac1f6b6435d0,13 18,25
824e48ac-bbc1-11e8-b2bb-ac1f6b6435d0,16 0,0 16
8250d06c-bbb8-11e8-b2ba-ac1f6b6435d0,12 4 21,4 12
8250ea26-bba3-11e8-b2b9-ac1f6b6435d0,0,0 25
82519ad4-bbad-11e8-b2ba-ac1f6b6435d0,25,21
82533e7c-bba6-11e8-b2ba-ac1f6b6435d0,23 0,0 23
82535fc6-bbb8-11e8-b2ba-ac1f6b6435d0,25 2 0,0 25
8254eff2-bbc8-11e8-b2bc-ac1f6b6435d0,0 21,0 21
825766ae-bbc5-11e8-b2bc-ac1f6b6435d0,25 14,14
825775b0-bbc3-11e8-b2bc-ac1f6b6435d0,23,23
825786fe-bbb4-11e8-b2ba-ac1f6b6435d0,18,0 18
825a91a4-bbb5-11e8-b2ba-ac1f6b6435d0,0 21,0 21
825ad00a-bbca-11e8-b2bc-ac1f6b6435d0,19,19
825c65f6-bba1-11e8-b2b9-ac1f6b6435d0,19 0,0 19
825c8d7a-bbb9-11e8-b2ba-ac1f6b6435d0,16 18 17 0,0 16 17 18
825d23d2-bba2-11e8-b2b9-ac1f6b6435d0,23 0,6
825f57e0-bbb3-11e8-b2ba-ac1f6b6435d0,0,0
826092c2-bb9f-11e8-b2b9-ac1f6b6435d0,7 0,0 7
82634646-bbc9-11e8-b2bc-ac1f6b6435d0,3 0,0 3
8263f30e-bba9-11e8-b2ba-ac1f6b6435d0,5,5
82646868-bb9d-11e8-b2b9-ac1f6b6435d0,5 0,5
8265cf64-bbb6-11e8-b2ba-ac1f6b6435d0,12 6,12
826a9e3e-bba9-11e8-b2ba-ac1f6b6435d0,3,3
826e48c8-bbbc-11e8-b2ba-ac1f6b6435d0,16 25 17 0,0 16 17
82716856-bbc0-11e8-b2bb-ac1f6b6435d0,25 0,17 25
8275ae98-bbc5-11e8-b2bc-ac1f6b6435d0,0,0 7
8275ecd4-bbbe-11e8-b2ba-ac1f6b6435d0,25 1 0,0 16 25
827880a2-bb9b-11e8-b2b9-ac1f6b6435d0,23,7 23
8278fd54-bbc6-11e8-b2bc-ac1f6b6435d0,0,0
82794b46-bbb8-11e8-b2ba-ac1f6b6435d0,25 2,2 25
827a4cba-bbb0-11e8-b2ba-ac1f6b6435d0,25 0,0 25
827bb136-bb9c-11e8-b2b9-ac1f6b6435d0,12,12
8280b3aa-bbbc-11e8-b2ba-ac1f6b6435d0,0,0
8285218a-bbbf-11e8-b2bb-ac1f6b6435d0,25,25
82874a84-bbae-11e8-b2ba-ac1f6b6435d0,25 5 0,5 25
82890538-bba2-11e8-b2b9-ac1f6b6435d0,7 3,2 7
82896388-bbc6-11e8-b2bc-ac1f6b6435d0,25 5,25
8289b72c-bba6-11e8-b2ba-ac1f6b6435d0,5,5
828c7b22-bbb7-11e8-b2ba-ac1f6b6435d0,25 21,11 25
828e793a-bbbd-11e8-b2ba-ac1f6b6435d0,25,7
8291148c-bbb4-11e8-b2ba-ac1f6b6435d0,21,21
82936850-bb9f-11e8-b2b9-ac1f6b6435d0,25 2 0 21,0 2 21 25
8293cd40-bb9f-11e8-b2b9-ac1f6b6435d0,14 0,0 14
82942cca-bbbf-11e8-b2bb-ac1f6b6435d0,23 3 0,0 25
82953114-bbb1-11e8-b2ba-ac1f6b6435d0,0,0 25
82980fcc-bba4-11e8-b2b9-ac1f6b6435d0,23,23
8299a6f6-bbbe-11e8-b2ba-ac1f6b6435d0,25 0,0 21 25
829b234a-bbc4-11e8-b2bc-ac1f6b6435d0,0,0
829b5244-bbaf-11e8-b2ba-ac1f6b6435d0,2 21,2 21
829b6456-bbb8-11e8-b2ba-ac1f6b6435d0,25,25
829b65fa-bba9-11e8-b2ba-ac1f6b6435d0,22,13
829b791c-bbc9-11e8-b2bc-ac1f6b6435d0,21,21
829c2ada-bba9-11e8-b2ba-ac1f6b6435d0,25 7,7
82a04c86-bba0-11e8-b2b9-ac1f6b6435d0,7,0 3 25
82a113aa-bbb4-11e8-b2ba-ac1f6b6435d0,23 0 21,21 23
82a24f12-bbc4-11e8-b2bc-ac1f6b6435d0,25 0,0 25
82a33530-bbbf-11e8-b2bb-ac1f6b6435d0,7,7
82aa76fc-bb9b-11e8-b2b9-ac1f6b6435d0,5 1,0 1
82ab5922-bb9c-11e8-b2b9-ac1f6b6435d0,23,23
82ad9316-bba3-11e8-b2b9-ac1f6b6435d0,19 25,19 25
82afcef6-bb99-11e8-b2b9-ac1f6b6435d0,0,0
82b03880-bbb9-11e8-b2ba-ac1f6b6435d0,5,5
82b35558-bbb7-11e8-b2ba-ac1f6b6435d0,4,2 5
82b9bb60-bbbb-11e8-b2ba-ac1f6b6435d0,11 4 0,11
82ba81ca-bba3-11e8-b2b9-ac1f6b6435d0,4,4
82bcf1cc-bbc0-11e8-b2bb-ac1f6b6435d0,2,2
82c29ae6-bbc0-11e8-b2bb-ac1f6b6435d0,20,23
82c6ec70-bbae-11e8-b2ba-ac1f6b6435d0,0,0
82c93e46-bb9d-11e8-b2b9-ac1f6b6435d0,19,19
82ce47e6-bbb7-11e8-b2ba-ac1f6b6435d0,25 0,0 19
82d06704-bba5-11e8-b2ba-ac1f6b6435d0,2,0
82d15602-bb99-11e8-b2b9-ac1f6b6435d0,12 0,0
82d80780-bba4-11e8-b2b9-ac1f6b6435d0,5,5
82d89796-bbbc-11e8-b2ba-ac1f6b6435d0,25 7,25
82daeac6-bbb4-11e8-b2ba-ac1f6b6435d0,4,2 4
82dc597a-bba9-11e8-b2ba-ac1f6b6435d0,25 0,0 25
82df26d0-bbb5-11e8-b2ba-ac1f6b6435d0,25 0,0
82df9d0a-bb9b-11e8-b2b9-ac1f6b6435d0,7,7
82e03ca2-bbc2-11e8-b2bb-ac1f6b6435d0,19 2,2 19
82e081d6-bbb7-11e8-b2ba-ac1f6b6435d0,4 21,21
82e0b86c-bb9f-11e8-b2b9-ac1f6b6435d0,7 5,0 7
82e1a48a-bba3-11e8-b2b9-ac1f6b6435d0,25 7,7 21 25
82e1d65a-bba6-11e8-b2ba-ac1f6b6435d0,4,4
82e4e460-bbbc-11e8-b2ba-ac1f6b6435d0,25,18 25
82e6947e-bbc9-11e8-b2bc-ac1f6b6435d0,3 0,0 3
82ec2c28-bbaa-11e8-b2ba-ac1f6b6435d0,25 4 2,2 4 25
82eda686-bb99-11e8-b2b9-ac1f6b6435d0,21,21
82ee2572-bbc9-11e8-b2bc-ac1f6b6435d0,23,23
82ee644c-bbab-11e8-b2ba-ac1f6b6435d0,25,24
82f53df2-bba2-11e8-b2b9-ac1f6b6435d0,0,0 25
82f6782a-bbca-11e8-b2bc-ac1f6b6435d0,1,1 23
82f6c0a0-bba7-11e8-b2ba-ac1f6b6435d0,3 8,3 25
82f71e32-bbb2-11e8-b2ba-ac1f6b6435d0,12 0,0 12 21
82f891a2-bbc8-11e8-b2bc-ac1f6b6435d0,7,7
82f93b98-bba0-11e8-b2b9-ac1f6b6435d0,5 0,5
82f971cc-bbae-11e8-b2ba-ac1f6b6435d0,7 2,2 7
82fee322-bba5-11e8-b2ba-ac1f6b6435d0,7,7 20
82fffc1a-bbb6-11e8-b2ba-ac1f6b6435d0,2 21,2 22
830161e2-bba5-11e8-b2ba-ac1f6b6435d0,2,2
8301a664-bbca-11e8-b2bc-ac1f6b6435d0,13 0,0 13
83032482-bb9b-11e8-b2b9-ac1f6b6435d0,25 21,0 21 25
83039216-bbc1-11e8-b2bb-ac1f6b6435d0,19 3 0,0 19
83079b9a-bb99-11e8-b2b9-ac1f6b6435d0,0,4
830d6e4c-bbaf-11e8-b2ba-ac1f6b6435d0,1 2,0 1
83102b0e-bba1-11e8-b2b9-ac1f6b6435d0,23,23
83114c56-bbaa-11e8-b2ba-ac1f6b6435d0,0,0
8314985c-bba0-11e8-b2b9-ac1f6b6435d0,25,25
8314b44e-bbbf-11e8-b2bb-ac1f6b6435d0,25 2 0,0 2 25
8314fce6-bbc5-11e8-b2bc-ac1f6b6435d0,23,23
83175cb6-bbb6-11e8-b2ba-ac1f6b6435d0,6,6
8318c988-bba8-11e8-b2ba-ac1f6b6435d0,0 21,0 21
831c326e-bbb0-11e8-b2ba-ac1f6b6435d0,25 18 5,19 25
831c7926-bbc0-11e8-b2bb-ac1f6b6435d0,5,5
831c90f0-bba7-11e8-b2ba-ac1f6b6435d0,3 0,0 3
8326f046-bbba-11e8-b2ba-ac1f6b6435d0,23,6 23
832b3498-bba2-11e8-b2b9-ac1f6b6435d0,0,0 26
832eb5e8-bbbe-11e8-b2ba-ac1f6b6435d0,25 0,0 21 25
83303848-bba8-11e8-b2ba-ac1f6b6435d0,4 0,4
8330cfd2-bbb3-11e8-b2ba-ac1f6b6435d0,23,23
83359d64-bb9f-11e8-b2b9-ac1f6b6435d0,25 0,25
83375568-bbbe-11e8-b2ba-ac1f6b6435d0,7 5,5 18
8337c620-bb9f-11e8-b2b9-ac1f6b6435d0,23,23
8337feee-bbb1-11e8-b2ba-ac1f6b6435d0,0,0
833996ac-bbbe-11e8-b2ba-ac1f6b6435d0,21,21
8339a560-bbb0-11e8-b2ba-ac1f6b6435d0,6,6
833af3e6-bba3-11e8-b2b9-ac1f6b6435d0,26 0,0 25 26
833b1af6-bbb2-11e8-b2ba-ac1f6b6435d0,12 0,0 12 21
833be8d0-bba0-11e8-b2b9-ac1f6b6435d0,0,0
833c0d12-bbb7-11e8-b2ba-ac1f6b6435d0,3,3
833ca40e-bbc9-11e8-b2bc-ac1f6b6435d0,3,0 3 23
833e53b6-bbbb-11e8-b2ba-ac1f6b6435d0,0 21,0 21
833e6f58-bba3-11e8-b2b9-ac1f6b6435d0,0,0
833edb94-bbc3-11e8-b2bc-ac1f6b6435d0,0,0 7
83422cd2-bbb8-11e8-b2ba-ac1f6b6435d0,6 0,0 6
834237be-bbc1-11e8-b2bb-ac1f6b6435d0,0,0 26
83434f22-bbc2-11e8-b2bb-ac1f6b6435d0,23,23
834429d6-bbc4-11e8-b2bc-ac1f6b6435d0,4,5
834548be-bbbc-11e8-b2ba-ac1f6b6435d0,25,6
83457a84-bba1-11e8-b2b9-ac1f6b6435d0,12 25 21,12 25
83461076-bbc8-11e8-b2bc-ac1f6b6435d0,25 18,25
834b24e6-bba3-11e8-b2b9-ac1f6b6435d0,1 0,1
834dd082-bbae-11e8-b2ba-ac1f6b6435d0,11 0,0 11
834e1724-bbac-11e8-b2ba-ac1f6b6435d0,21,21
834fd20a-bbb9-11e8-b2ba-ac1f6b6435d0,7,7
8350ec26-bb9b-11e8-b2b9-ac1f6b6435d0,6,6
8356c6ac-bba8-11e8-b2ba-ac1f6b6435d0,19 25,18 25
8357fd8e-bbac-11e8-b2ba-ac1f6b6435d0,0,14
835939c2-bba4-11e8-b2b9-ac1f6b6435d0,0 21,0 21
835c6230-bbc9-11e8-b2bc-ac1f6b6435d0,2 0,0 3
835d282a-bbb3-11e8-b2ba-ac1f6b6435d0,23 2,25
835e2c6c-bbb7-11e8-b2ba-ac1f6b6435d0,25 11 0,0 2 7
83600d0a-bbb9-11e8-b2ba-ac1f6b6435d0,3 0,0 3
83611bb6-bbbc-11e8-b2ba-ac1f6b6435d0,11,11
8362cfde-bbc0-11e8-b2bb-ac1f6b6435d0,19 21,0 5 21
83644e52-bb9a-11e8-b2b9-ac1f6b6435d0,26 25,25
836500f0-bbb2-11e8-b2ba-ac1f6b6435d0,0,0
836526bc-bbca-11e8-b2bc-ac1f6b6435d0,25 4,4 25
83659b74-bbb6-11e8-b2ba-ac1f6b6435d0,25 18,25
83663f4c-bba3-11e8-b2b9-ac1f6b6435d0,25 14,14 21 25
83676e02-bbbd-11e8-b2ba-ac1f6b6435d0,7,0 7
836a3fb4-bba5-11e8-b2ba-ac1f6b6435d0,23,23
836bfa68-bb9e-11e8-b2b9-ac1f6b6435d0,25 0,0 25
8372e2d0-bba6-11e8-b2ba-ac1f6b6435d0,25,25
83741c9e-bba2-11e8-b2b9-ac1f6b6435d0,7 0,0 7
8375e2de-bbc2-11e8-b2bb-ac1f6b6435d0,25 0,0 25
8376c604-bbc7-11e8-b2bc-ac1f6b6435d0,19 17,0
837782d2-bbc8-11e8-b2bc-ac1f6b6435d0,23 21,6
837ae79a-bbbb-11e8-b2ba-ac1f6b6435d0,19,19
837c530e-bbb7-11e8-b2ba-ac1f6b6435d0,25 7,23 25
837e7088-bbaf-11e8-b2ba-ac1f6b6435d0,25,25
837e738c-bba8-11e8-b2ba-ac1f6b6435d0,5,5
83866656-bbb1-11e8-b2ba-ac1f6b6435d0,25,7
838760a4-bbb3-11e8-b2ba-ac1f6b6435d0,23,23
83895fd6-bbb2-11e8-b2ba-ac1f6b6435d0,4,4
838b153a-bb9c-11e8-b2b9-ac1f6b6435d0,6 0,21
838ce7a4-bbc2-11e8-b2bb-ac1f6b6435d0,19 7,7
838d473c-bbbb-11e8-b2ba-ac1f6b6435d0,25 13 0,0 13 21
838e8d4c-bbbe-11e8-b2ba-ac1f6b6435d0,3,3
838f5098-bbae-11e8-b2ba-ac1f6b6435d0,5 0,0 5
839051e2-bbad-11e8-b2ba-ac1f6b6435d0,25 1 0,0 1 25
83917c30-bbca-11e8-b2bc-ac1f6b6435d0,21,21
83920410-bba8-11e8-b2ba-ac1f6b6435d0,19 2,0 2 19
83944e32-bba8-11e8-b2ba-ac1f6b6435d0,14 0,0 14
8395c544-bb9b-11e8-b2b9-ac1f6b6435d0,0,0
839cdd42-bbc4-11e8-b2bc-ac1f6b6435d0,5,5
839ce7fe-bbc6-11e8-b2bc-ac1f6b6435d0,23 0,0 23
839d0d68-bbc3-11e8-b2bc-ac1f6b6435d0,25 0,0 25
839f5234-bbba-11e8-b2ba-ac1f6b6435d0,25 2,2 25
839fa798-bbc4-11e8-b2bc-ac1f6b6435d0,0,0 25
83a65b72-bb99-11e8-b2b9-ac1f6b6435d0,0,0
83a85dd0-bba0-11e8-b2b9-ac1f6b6435d0,19 25,25
83a8694c-bbbe-11e8-b2ba-ac1f6b6435d0,0,0
83a8a6c2-bbb0-11e8-b2ba-ac1f6b6435d0,7 2 0,0 7 24
83aa4cb0-bbb1-11e8-b2ba-ac1f6b6435d0,8,8
83ab530a-bba0-11e8-b2b9-ac1f6b6435d0,12 25,12
83ad03ec-bbac-11e8-b2ba-ac1f6b6435d0,19 25 0 21,0 25
83adc858-bb9e-11e8-b2b9-ac1f6b6435d0,11 0,0
83aed412-bbb4-11e8-b2ba-ac1f6b6435d0,0,0
83b0d66e-bb9a-11e8-b2b9-ac1f6b6435d0,25 14,14
83b12f00-bb9b-11e8-b2b9-ac1f6b6435d0,11,11
83b23172-bbad-11e8-b2ba-ac1f6b6435d0,25 11 0,0 11 26
83b830ce-bbbf-11e8-b2bb-ac1f6b6435d0,21,21 25
83b8fd70-bba5-11e8-b2ba-ac1f6b6435d0,25 7 1 0,0 1
83b903ba-bbaa-11e8-b2ba-ac1f6b6435d0,0 21,0 25
83b9ec52-bbc4-11e8-b2bc-ac1f6b6435d0,7 0,0 7
83baa0c0-bbc4-11e8-b2bc-ac1f6b6435d0,13 3,3
83bb371e-bbca-11e8-b2bc-ac1f6b6435d0,22,22
83bba350-bbbd-11e8-b2ba-ac1f6b6435d0,23 3,3 23
83bdcbb0-bbba-11e8-b2ba-ac1f6b6435d0,7 0,0 7
83c188b6-bba8-11e8-b2ba-ac1f6b6435d0,2 8,2 8
83c1f03a-bbbc-11e8-b2ba-ac1f6b6435d0,4 0,0
83c47476-bba9-11e8-b2ba-ac1f6b6435d0,23,23
83c9b82e-bba3-11e8-b2b9-ac1f6b6435d0,25,21
83cbcca6-bba1-11e8-b2b9-ac1f6b6435d0,0,0 5 25
83d2b028-bbc6-11e8-b2bc-ac1f6b6435d0,6,6
83d64a6e-bb9c-11e8-b2b9-ac1f6b6435d0,2 0,4
83d7a496-bbaf-11e8-b2ba-ac1f6b6435d0,0,0
83d8175e-bbba-11e8-b2ba-ac1f6b6435d0,20,8 9 20
83da5670-bba3-11e8-b2b9-ac1f6b6435d0,21,21
83db42c4-bbc1-11e8-b2bb-ac1f6b6435d0,14,14
83dbbcd2-bbb6-11e8-b2ba-ac1f6b6435d0,23,23
83e07fc8-bbb7-11e8-b2ba-ac1f6b6435d0,0,0
83e16fc0-bba1-11e8-b2b9-ac1f6b6435d0,0 21,21
83e346d0-bbbd-11e8-b2ba-ac1f6b6435d0,14,14
83e44b9e-bbad-11e8-b2ba-ac1f6b6435d0,19 25 0,0
83e67426-bba5-11e8-b2ba-ac1f6b6435d0,25 5,5 25
83ecfe4c-bbb2-11e8-b2ba-ac1f6b6435d0,25 7 0,0 7 25
83f0bd46-bbb4-11e8-b2ba-ac1f6b6435d0,22,22
83f23eee-bba2-11e8-b2b9-ac1f6b6435d0,5,0 5
83f24534-bbc9-11e8-b2bc-ac1f6b6435d0,12,12
83f99ace-bba5-11e8-b2ba-ac1f6b6435d0,3,2
83fe0f64-bbb4-11e8-b2ba-ac1f6b6435d0,7 5 0,0 5 7
84009514-bbb8-11e8-b2ba-ac1f6b6435d0,20 0,0 20 23
84010db8-bb9b-11e8-b2b9-ac1f6b6435d0,0,0
8401513c-bbba-11e8-b2ba-ac1f6b6435d0,25 6 0,0 25
8403020a-bbc1-11e8-b2bb-ac1f6b6435d0,25 5,0 5 25
8404cec2-bbbd-11e8-b2ba-ac1f6b6435d0,16,16
840a912a-bbc9-11e8-b2bc-ac1f6b6435d0,18 0,0 18
840c826a-bba0-11e8-b2b9-ac1f6b6435d0,7 0,0 7
841656f6-bbc2-11e8-b2bb-ac1f6b6435d0,26,26
8418f418-bbba-11e8-b2ba-ac1f6b6435d0,6,14 25
841d02aa-bbb1-11e8-b2ba-ac1f6b6435d0,0,0
841d832c-bba9-11e8-b2ba-ac1f6b6435d0,19 11,11
8421e316-bbba-11e8-b2ba-ac1f6b6435d0,3,3
842208a6-bbaf-11e8-b2ba-ac1f6b6435d0,25 2 21,2 21
84233610-bba8-11e8-b2ba-ac1f6b6435d0,1 0 21,0 1 21
842401bc-bbbc-11e8-b2ba-ac1f6b6435d0,4 21,4 21 25
8425ae12-bbc2-11e8-b2bb-ac1f6b6435d0,21,21
84263cfe-bbc9-11e8-b2bc-ac1f6b6435d0,4,0
84266ee0-bbc4-11e8-b2bc-ac1f6b6435d0,19,19
84285368-bbb0-11e8-b2ba-ac1f6b6435d0,25 0 21,0 25
8429f0b4-bbbb-11e8-b2ba-ac1f6b6435d0,19 0,0
84314ebe-bbbf-11e8-b2bb-ac1f6b6435d0,18 23,23
8431f96e-bbc8-11e8-b2bc-ac1f6b6435d0,11,25
843479be-bbc3-11e8-b2bc-ac1f6b6435d0,5,5
8436bfd8-bbb6-11e8-b2ba-ac1f6b6435d0,6,6
8437075e-bbc0-11e8-b2bb-ac1f6b6435d0,6,6
8438e008-bbaa-11e8-b2ba-ac1f6b6435d0,7 0,0 7
843bbc52-bbb3-11e8-b2ba-ac1f6b6435d0,7,7
843c625c-bbc1-11e8-b2bb-ac1f6b6435d0,2,2
843cd9b0-bbb4-11e8-b2ba-ac1f6b6435d0,21,21
8440b6a4-bbc6-11e8-b2bc-ac1f6b6435d0,12,12
8444965a-bba5-11e8-b2ba-ac1f6b6435d0,25,25
844b595a-bbae-11e8-b2ba-ac1f6b6435d0,23 2 0,0 2
844d112c-bbb4-11e8-b2ba-ac1f6b6435d0,25 3 0,0 3 25
844dd214-bbc4-11e8-b2bc-ac1f6b6435d0,4,4
84519a38-bbca-11e8-b2bc-ac1f6b6435d0,25 5 0,0 5 25
845369d4-bbb7-11e8-b2ba-ac1f6b6435d0,5,5
8455d088-bbc7-11e8-b2bc-ac1f6b6435d0,21,21
8456db8a-bbc3-11e8-b2bc-ac1f6b6435d0,0,0 25
845aabbc-bbc7-11e8-b2bc-ac1f6b6435d0,23,25
845b1926-bb9a-11e8-b2b9-ac1f6b6435d0,25 2 0,0 2 25
845d587a-bbaf-11e8-b2ba-ac1f6b6435d0,25 0,0 25
845e4dcc-bbbc-11e8-b2ba-ac1f6b6435d0,4,4
846537c0-bbc3-11e8-b2bc-ac1f6b6435d0,25,25
846804e6-bb9b-11e8-b2b9-ac1f6b6435d0,0 21,0 21
846a6eb8-bbc6-11e8-b2bc-ac1f6b6435d0,25 0,0
846a8ade-bbca-11e8-b2bc-ac1f6b6435d0,25 4,0 25
84724e0a-bbba-11e8-b2ba-ac1f6b6435d0,6,6
8472c0b0-bbb0-11e8-b2ba-ac1f6b6435d0,23,23
8473b87a-bbac-11e8-b2ba-ac1f6b6435d0,25 5,0 25
847670f2-bb9c-11e8-b2b9-ac1f6b6435d0,13 21,22
84796980-bbc7-11e8-b2bc-ac1f6b6435d0,7 2 0,2 7
847976d4-bbbb-11e8-b2ba-ac1f6b6435d0,0,0 2
847aa45a-bbb6-11e8-b2ba-ac1f6b6435d0,4,0 2 22
847b68a4-bba7-11e8-b2ba-ac1f6b6435d0,0 21,0 21
84826c42-bba9-11e8-b2ba-ac1f6b6435d0,18 23,23
8482bfac-bbb4-11e8-b2ba-ac1f6b6435d0,23,25
84882194-bba1-11e8-b2b9-ac1f6b6435d0,0,0 25
84893c98-bba9-11e8-b2ba-ac1f6b6435d0,0,0
8489ab66-bb99-11e8-b2b9-ac1f6b6435d0,25 1 0,1 25
848a46ba-bb9f-11e8-b2b9-ac1f6b6435d0,25 3,3 25
848bb544-bbaa-11e8-b2ba-ac1f6b6435d0,21,21
848d46ee-bbb3-11e8-b2ba-ac1f6b6435d0,25 2 0,0 25
8492a678-bbc4-11e8-b2bc-ac1f6b6435d0,16 14 17 0,0 14 16
84951c26-bb99-11e8-b2b9-ac1f6b6435d0,2 0,0 2
8497bb3e-bbb7-11e8-b2ba-ac1f6b6435d0,25 2,2 25
8498b82c-bbb7-11e8-b2ba-ac1f6b6435d0,25,6 7
84994188-bbc7-11e8-b2bc-ac1f6b6435d0,6,6
849b9a9a-bbaf-11e8-b2ba-ac1f6b6435d0,4,2 4
849c6642-bba4-11e8-b2b9-ac1f6b6435d0,25 18,7 9 10
849deab6-bbb4-11e8-b2ba-ac1f6b6435d0,25 0,0
84a01af4-bbc6-11e8-b2bc-ac1f6b6435d0,21,21
84a35d00-bba7-11e8-b2ba-ac1f6b6435d0,19 7,7
84a8ce8c-bb9a-11e8-b2b9-ac1f6b6435d0,25 1 2,0 2
84acf6da-bbc5-11e8-b2bc-ac1f6b6435d0,18,24
84ae8454-bbad-11e8-b2ba-ac1f6b6435d0,6,6
84b2027e-bbca-11e8-b2bc-ac1f6b6435d0,25 0,0 25
84b3e10c-bbb1-11e8-b2ba-ac1f6b6435d0,22 0,0 22
84b43a84-bbc6-11e8-b2bc-ac1f6b6435d0,7,7 23
84b49e36-bb9c-11e8-b2b9-ac1f6b6435d0,19,19
84b6489c-bbad-11e8-b2ba-ac1f6b6435d0,3 0,0 3
84b67b7c-bb9a-11e8-b2b9-ac1f6b6435d0,0,0
84b700e6-bbb4-11e8-b2ba-ac1f6b6435d0,25 0,0 5 25
84b8c484-bba6-11e8-b2ba-ac1f6b6435d0,11,11
84b8fcda-bbb8-11e8-b2ba-ac1f6b6435d0,25,25
84c0bd80-bbbd-11e8-b2ba-ac1f6b6435d0,19,21 22
84c0d8e4-bbc5-11e8-b2bc-ac1f6b6435d0,13 2 0,0 2
84c318ba-bbc6-11e8-b2bc-ac1f6b6435d0,1,1
84c412f6-bbc1-11e8-b2bb-ac1f6b6435d0,23,3 23
84c6b950-bbc8-11e8-b2bc-ac1f6b6435d0,25 7,25
84c72f94-bbae-11e8-b2ba-ac1f6b6435d0,7 0,0 7
84c8303a-bbac-11e8-b2ba-ac1f6b6435d0,25 0,25
84cb6012-bbbf-11e8-b2bb-ac1f6b6435d0,11 5 0,0 5 11
84cf07f2-bbbb-11e8-b2ba-ac1f6b6435d0,23,23
84cf5b3c-bbc3-11e8-b2bc-ac1f6b6435d0,23,11
84d027d2-bbb0-11e8-b2ba-ac1f6b6435d0,25,25
84d321d8-bbad-11e8-b2ba-ac1f6b6435d0,25,25
84d3b56a-bbb4-11e8-b2ba-ac1f6b6435d0,25 5 0,5 25
84d55dea-bb9e-11e8-b2b9-ac1f6b6435d0,21,21
84d5809c-bbb5-11e8-b2ba-ac1f6b6435d0,7,7
84d58e54-bbb3-11e8-b2ba-ac1f6b6435d0,2 21,2 21
84d5c468-bbb4-11e8-b2ba-ac1f6b6435d0,21,25
84d86dd4-bba6-11e8-b2ba-ac1f6b6435d0,23 1 0,0 1 23
84da22ca-bbb8-11e8-b2ba-ac1f6b6435d0,25 0,0 25
84dd7e8a-bbbc-11e8-b2ba-ac1f6b6435d0,3,2 25
84ddeec0-bbc0-11e8-b2bb-ac1f6b6435d0,25 0 21,0 2 21
84ddfae4-bbbd-11e8-b2ba-ac1f6b6435d0,25 0,0 25
84e0cdc0-bbc0-11e8-b2bb-ac1f6b6435d0,7 0,0
84e2fdf8-bb9c-11e8-b2b9-ac1f6b6435d0,2,0 2
84e33aee-bba5-11e8-b2ba-ac1f6b6435d0,1,1
84e84460-bbac-11e8-b2ba-ac1f6b6435d0,0 21,0 22
84ecff90-bbc6-11e8-b2bc-ac1f6b6435d0,0,0
84ee91c0-bba8-11e8-b2ba-ac1f6b6435d0,19 0,0 18
84eec358-bbc5-11e8-b2bc-ac1f6b6435d0,26,26
84f1a068-bba8-11e8-b2ba-ac1f6b6435d0,3,0 3
84f2cfb2-bba6-11e8-b2ba-ac1f6b6435d0,25 0,21
84f47ada-bb9f-11e8-b2b9-ac1f6b6435d0,25 0 21,0 21
84f7dd8e-bba3-11e8-b2b9-ac1f6b6435d0,13 21,13 21
84f86ca0-bb9d-11e8-b2b9-ac1f6b6435d0,18,16
84fc66e4-bbb0-11e8-b2ba-ac1f6b6435d0,0,0
84ff52bc-bb9e-11e8-b2b9-ac1f6b6435d0,0,0 2
85020c46-bbc6-11e8-b2bc-ac1f6b6435d0,7,5 25
8503e856-bba6-11e8-b2ba-ac1f6b6435d0,7,7
85072620-bbc3-11e8-b2bc-ac1f6b6435d0,25 0,0 25
850c78fe-bbba-11e8-b2ba-ac1f6b6435d0,0,0
850f8bee-bbaa-11e8-b2ba-ac1f6b6435d0,11 2,0 2 11
85108200-bb9c-11e8-b2b9-ac1f6b6435d0,6,6
8519f660-bba0-11e8-b2b9-ac1f6b6435d0,2 0,0 2
851eacaa-bba0-11e8-b2b9-ac1f6b6435d0,21,21
8521665c-bbc8-11e8-b2bc-ac1f6b6435d0,2 0,0 2
8523486e-bba0-11e8-b2b9-ac1f6b6435d0,1,1
852d277a-bbab-11e8-b2ba-ac1f6b6435d0,11,11
852f4a62-bba8-11e8-b2ba-ac1f6b6435d0,18,18
853235fa-bbc7-11e8-b2bc-ac1f6b6435d0,0,0
85329c4c-bbc8-11e8-b2bc-ac1f6b6435d0,0,0 25
85337fc8-bb9a-11e8-b2b9-ac1f6b6435d0,0,0
8538a368-bbbd-11e8-b2ba-ac1f6b6435d0,25 1 0,1 25
85399c84-bbca-11e8-b2bc-ac1f6b6435d0,14 2 0,0 14
853f2234-bb9e-11e8-b2b9-ac1f6b6435d0,1 0,0 1 25
85412058-bbb6-11e8-b2ba-ac1f6b6435d0,5,5
85440dd0-bbbc-11e8-b2ba-ac1f6b6435d0,25,26
8544729c-bb9a-11e8-b2b9-ac1f6b6435d0,7,7
85452a6e-bba6-11e8-b2ba-ac1f6b6435d0,2 0,0 2
854657d2-bbaa-11e8-b2ba-ac1f6b6435d0,25 0,0 25
8547022e-bbb2-11e8-b2ba-ac1f6b6435d0,23 2,0 2
854792f2-bb9e-11e8-b2b9-ac1f6b6435d0,21,21
85487a1a-bba2-11e8-b2b9-ac1f6b6435d0,25,6
8548c534-bbc9-11e8-b2bc-ac1f6b6435d0,23 2,2 23
8549039e-bbc6-11e8-b2bc-ac1f6b6435d0,7,25
8549b38c-bbc8-11e8-b2bc-ac1f6b6435d0,19,19
8549d2f0-bb9f-11e8-b2b9-ac1f6b6435d0,25 3,3 25
854a8e0c-bb9a-11e8-b2b9-ac1f6b6435d0,5,5
854b00be-bbbb-11e8-b2ba-ac1f6b6435d0,5 3,3 5
854b2840-bbb2-11e8-b2ba-ac1f6b6435d0,4,5
854c12f4-bbbd-11e8-b2ba-ac1f6b6435d0,21,21
854c13d0-bbb8-11e8-b2ba-ac1f6b6435d0,5,0 5
854e3142-bbb3-11e8-b2ba-ac1f6b6435d0,19 0,0 19
854f0000-bbb2-11e8-b2ba-ac1f6b6435d0,25 0,0 25
85520bac-bb9d-11e8-b2b9-ac1f6b6435d0,25 0,0 21 25
85583b46-bba5-11e8-b2ba-ac1f6b6435d0,25 5 0,0
8558cf64-bbac-11e8-b2ba-ac1f6b6435d0,25,6 25
855a8a7c-bbbe-11e8-b2ba-ac1f6b6435d0,25 0,0 25
855b597e-bbc9-11e8-b2bc-ac1f6b6435d0,25,25
855bc12c-bb9a-11e8-b2b9-ac1f6b6435d0,25,25
855e7d60-bbb6-11e8-b2ba-ac1f6b6435d0,0,0 22
855ecc82-bbc2-11e8-b2bb-ac1f6b6435d0,1 0,0 1
85600f66-bb9f-11e8-b2b9-ac1f6b6435d0,25,6
8564961a-bbba-11e8-b2ba-ac1f6b6435d0,25 5,3 25
85661754-bba3-11e8-b2b9-ac1f6b6435d0,0 21,0 21
85677b00-bba6-11e8-b2ba-ac1f6b6435d0,4,4 25
8567bb6c-bba9-11e8-b2ba-ac1f6b6435d0,22 0,0
856d44ae-bbb0-11e8-b2ba-ac1f6b6435d0,4,4
856e62f6-bbad-11e8-b2ba-ac1f6b6435d0,3 0,0
85726492-bb9d-11e8-b2b9-ac1f6b6435d0,11,11
857350c8-bbc5-11e8-b2bc-ac1f6b6435d0,2,2
8573a21e-bbc8-11e8-b2bc-ac1f6b6435d0,1,1
8574eccc-bbb0-11e8-b2ba-ac1f6b6435d0,19 0,0 19
8575cd9c-bb9a-11e8-b2b9-ac1f6b6435d0,19 1 2,1 2
857642c8-bb99-11e8-b2b9-ac1f6b6435d0,16 0,0 3
8577f510-bbc5-11e8-b2bc-ac1f6b6435d0,0,0
857ae306-bba7-11e8-b2ba-ac1f6b6435d0,25,25
85827174-bba8-11e8-b2ba-ac1f6b6435d0,25 23,6
8582c36c-bba9-11e8-b2ba-ac1f6b6435d0,1 2 0,0 1 2
85846a50-bbc7-11e8-b2bc-ac1f6b6435d0,0,0
8586f858-bbb6-11e8-b2ba-ac1f6b6435d0,14,14
85881ece-bbc3-11e8-b2bc-ac1f6b6435d0,25 4,5 25
8589421e-bbb3-11e8-b2ba-ac1f6b6435d0,11,6 11
858b4144-bbb9-11e8-b2ba-ac1f6b6435d0,25 2 0,0 2
858c0066-bbaf-11e8-b2ba-ac1f6b6435d0,26 0,0 26
858d1c1e-bb99-11e8-b2b9-ac1f6b6435d0,25 4,4
858ffa12-bbb5-11e8-b2ba-ac1f6b6435d0,21,21
85945c14-bbac-11e8-b2ba-ac1f6b6435d0,3,3
859562bc-bbc0-11e8-b2bb-ac1f6b6435d0,0,0 23
8595f450-bbb3-11e8-b2ba-ac1f6b6435d0,21,22
8597d48a-bba6-11e8-b2ba-ac1f6b6435d0,5,0 5
8598b168-bba4-11e8-b2b9-ac1f6b6435d0,6,6
859b31b8-bbb8-11e8-b2ba-ac1f6b6435d0,25 0 21,0 6 25
859bbac8-bba6-11e8-b2ba-ac1f6b6435d0,12 25 0,0 12 25
859ef92e-bb9a-11e8-b2b9-ac1f6b6435d0,23 0,0 23
85a0b084-bbc7-11e8-b2bc-ac1f6b6435d0,25 21,21 22 25
85a1d828-bbaf-11e8-b2ba-ac1f6b6435d0,2 21,2 21
85a2f884-bbc3-11e8-b2bc-ac1f6b6435d0,0 21,0 25
85a76086-bbb4-11e8-b2ba-ac1f6b6435d0,4,4
85a7e6ec-bbb3-11e8-b2ba-ac1f6b6435d0,25,0 25
85a8b632-bbb1-11e8-b2ba-ac1f6b6435d0,0,23
85a8d2ac-bba2-11e8-b2b9-ac1f6b6435d0,0,0 25
85aac126-bbb0-11e8-b2ba-ac1f6b6435d0,25 2 0,0 2 25
85ac0884-bbb9-11e8-b2ba-ac1f6b6435d0,25 2 0,0 2 20
85ac7d42-bbb3-11e8-b2ba-ac1f6b6435d0,5,5
85ad6246-bbbf-11e8-b2bb-ac1f6b6435d0,2 0,0 2
85ad6e5e-bb9b-11e8-b2b9-ac1f6b6435d0,23 2,2
85ae5ce0-bba7-11e8-b2ba-ac1f6b6435d0,0,0
85af92ca-bbb8-11e8-b2ba-ac1f6b6435d0,0,0
85b041fa-bb9c-11e8-b2b9-ac1f6b6435d0,2,2 14
85b045f4-bba3-11e8-b2b9-ac1f6b6435d0,0 21,0 21
85b16e4e-bb9d-11e8-b2b9-ac1f6b6435d0,19,0 19 21
85b47b38-bba3-11e8-b2b9-ac1f6b6435d0,5,5
85b7f6b4-bbc6-11e8-b2bc-ac1f6b6435d0,25 4,4
85b836e8-bbc5-11e8-b2bc-ac1f6b6435d0,19 25,18 25
85b9e6e8-bbc3-11e8-b2bc-ac1f6b6435d0,6,25
85bc8132-bbbe-11e8-b2ba-ac1f6b6435d0,0,0
85bc8ae8-bbb3-11e8-b2ba-ac1f6b6435d0,1,1 6
85bee1f4-bb99-11e8-b2b9-ac1f6b6435d0,25,25 26
85bfb7e6-bbb7-11e8-b2ba-ac1f6b6435d0,4,4
85c066fc-bbb0-11e8-b2ba-ac1f6b6435d0,25 0,0 25
85c5a9b2-bbad-11e8-b2ba-ac1f6b6435d0,1 0,1
85c5b96e-bbc8-11e8-b2bc-ac1f6b6435d0,25 0 21,0 21 25
85c60872-bbb1-11e8-b2ba-ac1f6b6435d0,14 0,0 14
85c728b0-bb9d-11e8-b2b9-ac1f6b6435d0,5,5
85c929bc-bba7-11e8-b2ba-ac1f6b6435d0,25 7 0 21,0 21
85d12b52-bb99-11e8-b2b9-ac1f6b6435d0,4,4
85d13ffa-bbc3-11e8-b2bc-ac1f6b6435d0,7 2,2 7
85d3b8cc-bbb2-11e8-b2ba-ac1f6b6435d0,2,2
85da7946-bbc1-11e8-b2bb-ac1f6b6435d0,25 6,3 25
85da80ce-bbb9-11e8-b2ba-ac1f6b6435d0,16 15 2,2 14 15 16
85de6b88-bba2-11e8-b2b9-ac1f6b6435d0,2,2
85de7e28-bb9a-11e8-b2b9-ac1f6b6435d0,25 0,0 25
85e88fbe-bb9d-11e8-b2b9-ac1f6b6435d0,22 7 0,0 7 22
85e965ce-bbc5-11e8-b2bc-ac1f6b6435d0,19,19
85ea06be-bbb6-11e8-b2ba-ac1f6b6435d0,25 11,11 25
85ecfad0-bbb2-11e8-b2ba-ac1f6b6435d0,5,5
85eedc56-bb9e-11e8-b2b9-ac1f6b6435d0,0,0
85f0229e-bbc8-11e8-b2bc-ac1f6b6435d0,7,7
85f481fc-bba7-11e8-b2ba-ac1f6b6435d0,23 5,23
85f4ae4c-bbad-11e8-b2ba-ac1f6b6435d0,25 0,2 21 25
85f9e71a-bb9c-11e8-b2b9-ac1f6b6435d0,4,4
85fd511a-bbca-11e8-b2bc-ac1f6b6435d0,26 25 21,21 25
85fdb1aa-bbca-11e8-b2bc-ac1f6b6435d0,7 0,0 7
85ffab0c-bbb3-11e8-b2ba-ac1f6b6435d0,12,25
86030b06-bbba-11e8-b2ba-ac1f6b6435d0,11 2,2 11
8608a644-bbae-11e8-b2ba-ac1f6b6435d0,7 4 2,2 7
8609cb8e-bbca-11e8-b2bc-ac1f6b6435d0,25,25
860f5006-bbc3-11e8-b2bc-ac1f6b6435d0,0,0 5
86121ef4-bb9f-11e8-b2b9-ac1f6b6435d0,25 1 0,0 1 25
8612d088-bbbd-11e8-b2ba-ac1f6b6435d0,4,4
861850f2-bba5-11e8-b2ba-ac1f6b6435d0,14 0,0
86191722-bbb8-11e8-b2ba-ac1f6b6435d0,5 1,0 1
861b351c-bba3-11e8-b2b9-ac1f6b6435d0,23,23
861be7a0-bbc1-11e8-b2bb-ac1f6b6435d0,24,24
861c6e5e-bba9-11e8-b2ba-ac1f6b6435d0,11,11
861cd99e-bbc1-11e8-b2bb-ac1f6b6435d0,2,2
861d7648-bba2-11e8-b2b9-ac1f6b6435d0,25 0 21,0 21
861da644-bbb2-11e8-b2ba-ac1f6b6435d0,25 3 0,0 3
862152d6-bba2-11e8-b2b9-ac1f6b6435d0,25 2 0,0 2 25
86248006-bbab-11e8-b2ba-ac1f6b6435d0,4,4
8627d2c6-bba4-11e8-b2b9-ac1f6b6435d0,25 7 0,0 2 7
862bc3da-bb9b-11e8-b2b9-ac1f6b6435d0,7 0,0
862caec8-bba8-11e8-b2ba-ac1f6b6435d0,25 5,0
862d84d2-bba4-11e8-b2b9-ac1f6b6435d0,25 4,4 25
862db4a6-bbbe-11e8-b2ba-ac1f6b6435d0,25 14,14
862e1b3a-bba0-11e8-b2b9-ac1f6b6435d0,25 0,5 25
862e8c02-bbb2-11e8-b2ba-ac1f6b6435d0,5,5
862f604e-bbb4-11e8-b2ba-ac1f6b6435d0,25 2 0,2 11 25
8638290c-bba2-11e8-b2b9-ac1f6b6435d0,23,23
863bd626-bbbe-11e8-b2ba-ac1f6b6435d0,6,6
863ea2b8-bba3-11e8-b2b9-ac1f6b6435d0,4 0,0
863f97de-bbb9-11e8-b2ba-ac1f6b6435d0,7,7
863feef8-bbb6-11e8-b2ba-ac1f6b6435d0,25,25
86411330-bbc2-11e8-b2bb-ac1f6b6435d0,0 21,21
864339a4-bbbc-11e8-b2ba-ac1f6b6435d0,5,0 1 5
864500ac-bbbe-11e8-b2ba-ac1f6b6435d0,7 0,0 7 25
8646d548-bba1-11e8-b2b9-ac1f6b6435d0,12 21,12
864811e2-bbbf-11e8-b2bb-ac1f6b6435d0,2 21,2
864a01e0-bba7-11e8-b2ba-ac1f6b6435d0,16 5 0,0 5
864a4e6c-bbba-11e8-b2ba-ac1f6b6435d0,25 2 0,0 2
864d3460-bbba-11e8-b2ba-ac1f6b6435d0,0,0
864de65c-bbc0-11e8-b2bb-ac1f6b6435d0,0 21,0 21
86528e1c-bb9f-11e8-b2b9-ac1f6b6435d0,7,18 25
8654c184-bbb1-11e8-b2ba-ac1f6b6435d0,16 25 17 0,0 16 17 25
8654ce62-bbc6-11e8-b2bc-ac1f6b6435d0,25 5 0,5 25
865692e6-bbae-11e8-b2ba-ac1f6b6435d0,25 0,0 25
8658cf48-bbc7-11e8-b2bc-ac1f6b6435d0,21,21
865dc092-bbc3-11e8-b2bc-ac1f6b6435d0,0,0
865ea320-bbac-11e8-b2ba-ac1f6b6435d0,4 0,0 5
865fda32-bba8-11e8-b2ba-ac1f6b6435d0,23 0,0 23
8662db24-bb99-11e8-b2b9-ac1f6b6435d0,0,0
8664a5e6-bb9c-11e8-b2b9-ac1f6b6435d0,0,0
866a0dd8-bbb0-11e8-b2ba-ac1f6b6435d0,0,0
866d0a48-bbb9-11e8-b2ba-ac1f6b6435d0,25 6,25
8672c3e4-bb9f-11e8-b2b9-ac1f6b6435d0,2 0,0 2
8674ab62-bbb5-11e8-b2ba-ac1f6b6435d0,6,0 25
86763ffc-bbc1-11e8-b2bb-ac1f6b6435d0,25 3,3 21 25
8677c04c-bbae-11e8-b2ba-ac1f6b6435d0,25 11,24 25
8677faf4-bb9e-11e8-b2b9-ac1f6b6435d0,25 2,2 6 25
8679bb12-bbb9-11e8-b2ba-ac1f6b6435d0,14,14
867deb6a-bba5-11e8-b2ba-ac1f6b6435d0,21,12 21
867e57ee-bbaf-11e8-b2ba-ac1f6b6435d0,4 0,0
867f00ee-bbab-11e8-b2ba-ac1f6b6435d0,11,11
8681bbae-bbbf-11e8-b2bb-ac1f6b6435d0,23,23
8682b614-bba9-11e8-b2ba-ac1f6b6435d0,24,24
86852d1c-bba5-11e8-b2ba-ac1f6b6435d0,12 25 0,0 12
8685abba-bbb0-11e8-b2ba-ac1f6b6435d0,0,0 2
8685abfa-bbbb-11e8-b2ba-ac1f6b6435d0,25 0,0
86898d4e-bb9b-11e8-b2b9-ac1f6b6435d0,5,4 5
868a308a-bbbb-11e8-b2ba-ac1f6b6435d0,19 25,25
868b5692-bbaf-11e8-b2ba-ac1f6b6435d0,25,25
868e6bc6-bbc7-11e8-b2bc-ac1f6b6435d0,25 0,0 25
86900d2a-bba2-11e8-b2b9-ac1f6b6435d0,0,7
86901a1a-bbaa-11e8-b2ba-ac1f6b6435d0,23,23
86922a42-bbac-11e8-b2ba-ac1f6b6435d0,14,14
8693531a-bbb4-11e8-b2ba-ac1f6b6435d0,0 21,21
86951f62-bbb7-11e8-b2ba-ac1f6b6435d0,25 2,21
86954cfe-bbc5-11e8-b2bc-ac1f6b6435d0,7 0,0 7
8697442c-bbad-11e8-b2ba-ac1f6b6435d0,4,4
86990a22-bbb3-11e8-b2ba-ac1f6b6435d0,2 0,0 2
869b3668-bbad-11e8-b2ba-ac1f6b6435d0,7,7
869b66d8-bbb2-11e8-b2ba-ac1f6b6435d0,7 0,0
869d2a02-bbb4-11e8-b2ba-ac1f6b6435d0,7,7
869de546-bba5-11e8-b2ba-ac1f6b6435d0,25 0,0
86a158de-bba0-11e8-b2b9-ac1f6b6435d0,25 0,0 25
86a2c39a-bba0-11e8-b2b9-ac1f6b6435d0,6,6 25
86a87962-bbae-11e8-b2ba-ac1f6b6435d0,23 0,0 23
86a89b50-bb9e-11e8-b2b9-ac1f6b6435d0,16 6 0,0 6 16
86aa30f6-bbb6-11e8-b2ba-ac1f6b6435d0,25 17,25
86b002ec-bbb6-11e8-b2ba-ac1f6b6435d0,2,2
86b0816c-bbc1-11e8-b2bb-ac1f6b6435d0,11,11
86b7dec4-bba0-11e8-b2b9-ac1f6b6435d0,19 25 0,0 19 25
86bc67f4-bbc9-11e8-b2bc-ac1f6b6435d0,25 0,0 25
86bc69a2-bba1-11e8-b2b9-ac1f6b6435d0,0,0
86bd4ae2-bbca-11e8-b2bc-ac1f6b6435d0,25,25
86c0144a-bba5-11e8-b2ba-ac1f6b6435d0,25,6
86c34162-bbc1-11e8-b2bb-ac1f6b6435d0,25 0 21,0 21 25
86c6dea4-bb9d-11e8-b2b9-ac1f6b6435d0,6,6
86cace8e-bba6-11e8-b2ba-ac1f6b6435d0,25 14,14
86d61652-bba3-11e8-b2b9-ac1f6b6435d0,16 21,21
86dae6f6-bbb1-11e8-b2ba-ac1f6b6435d0,25 2,2 25
86ed70e8-bbc8-11e8-b2bc-ac1f6b6435d0,7,7
86eeb864-bbc7-11e8-b2bc-ac1f6b6435d0,2 0,0
86f02178-bb99-11e8-b2b9-ac1f6b6435d0,3,3
86f347d8-bbc4-11e8-b2bc-ac1f6b6435d0,21,0 21
86f47c72-bbc2-11e8-b2bb-ac1f6b6435d0,21,21
86f6ce52-bbca-11e8-b2bc-ac1f6b6435d0,2 0,0 2
86f71a02-bbab-11e8-b2ba-ac1f6b6435d0,22,22
86f9e2fe-bbb1-11e8-b2ba-ac1f6b6435d0,4,4
86fa876c-bb9e-11e8-b2b9-ac1f6b6435d0,7,7
86fd7c2a-bb9d-11e8-b2b9-ac1f6b6435d0,2,2
86fe04bc-bbbe-11e8-b2ba-ac1f6b6435d0,25 3,3
86ff6aa0-bbb9-11e8-b2ba-ac1f6b6435d0,0,0
8701797e-bbb1-11e8-b2ba-ac1f6b6435d0,3,3
8701b1e6-bbc0-11e8-b2bb-ac1f6b6435d0,2 0,0 2
870344cc-bbc8-11e8-b2bc-ac1f6b6435d0,0,0
870506ae-bbbe-11e8-b2ba-ac1f6b6435d0,25 0,0 25
870daa28-bba2-11e8-b2b9-ac1f6b6435d0,21,2
870ec9ea-bbbf-11e8-b2bb-ac1f6b6435d0,19,19
870f16b2-bb9b-11e8-b2b9-ac1f6b6435d0,24 5,5 24
87121898-bbc4-11e8-b2bc-ac1f6b6435d0,25 5,25
8712ba0c-bbae-11e8-b2ba-ac1f6b6435d0,23 0,0 2
8715a312-bbc6-11e8-b2bc-ac1f6b6435d0,3 0,0 3
8716dd86-bb9e-11e8-b2b9-ac1f6b6435d0,25 0,0 2
87175482-bba3-11e8-b2b9-ac1f6b6435d0,0 21,25
8717798c-bbab-11e8-b2ba-ac1f6b6435d0,5 0,0 21
87182ed6-bbc9-11e8-b2bc-ac1f6b6435d0,23,23
871df7fa-bbc2-11e8-b2bb-ac1f6b6435d0,22,22
8720a988-bbc6-11e8-b2bc-ac1f6b6435d0,19,13 22
87218bce-bbb1-11e8-b2ba-ac1f6b6435d0,3,3
87238c8e-bbc1-11e8-b2bb-ac1f6b6435d0,3,2
87264f56-bba2-11e8-b2b9-ac1f6b6435d0,7 2,0 2 11
8727fce0-bbbe-11e8-b2ba-ac1f6b6435d0,25,6 25
872a5958-bbb5-11e8-b2ba-ac1f6b6435d0,21,21 25
872abbe6-bbba-11e8-b2ba-ac1f6b6435d0,25 0,0 25
872cead2-bbbb-11e8-b2ba-ac1f6b6435d0,14,14
872e3950-bbac-11e8-b2ba-ac1f6b6435d0,0,0
87384320-bbbe-11e8-b2ba-ac1f6b6435d0,25 0,0
8738e782-bbc6-11e8-b2bc-ac1f6b6435d0,23 0,0 23
873aa17c-bba2-11e8-b2b9-ac1f6b6435d0,18,18
873d79a2-bbc4-11e8-b2bc-ac1f6b6435d0,7 0,0 7
873f6e6e-bba7-11e8-b2ba-ac1f6b6435d0,0,0
87418bb4-bb9c-11e8-b2b9-ac1f6b6435d0,25,25
8742fa22-bb9b-11e8-b2b9-ac1f6b6435d0,12 7 0,0 7
8743a4a6-bbad-11e8-b2ba-ac1f6b6435d0,23,23
874836a6-bbb2-11e8-b2ba-ac1f6b6435d0,23 0,7
87488a32-bbc3-11e8-b2bc-ac1f6b6435d0,26 0,0 26
874e3c0c-bb9b-11e8-b2b9-ac1f6b6435d0,11 0,0 11 24
874e99d4-bbb1-11e8-b2ba-ac1f6b6435d0,12 21,21
874ee980-bbab-11e8-b2ba-ac1f6b6435d0,19,18
87519a04-bba1-11e8-b2b9-ac1f6b6435d0,7,7
8752232c-bb9a-11e8-b2b9-ac1f6b6435d0,7,23
875247e8-bbb4-11e8-b2ba-ac1f6b6435d0,22 23,23
8754b652-bbbb-11e8-b2ba-ac1f6b6435d0,25 0,0 25
8754e8bc-bbab-11e8-b2ba-ac1f6b6435d0,0,5
87589176-bb9f-11e8-b2b9-ac1f6b6435d0,12,12
8758c2f4-bbc2-11e8-b2bb-ac1f6b6435d0,16 25 4,4 25
875d03ee-bbc9-11e8-b2bc-ac1f6b6435d0,25 5,5 25
875db458-bbc7-11e8-b2bc-ac1f6b6435d0,2,2
875e8b5e-bbbc-11e8-b2ba-ac1f6b6435d0,23,23
875fc6e4-bbb3-11e8-b2ba-ac1f6b6435d0,25,25
876245a4-bbbd-11e8-b2ba-ac1f6b6435d0,7,7
87630d88-bbc0-11e8-b2bb-ac1f6b6435d0,5 0,0
8763e1fe-bbbb-11e8-b2ba-ac1f6b6435d0,7 0,0 7
87649d56-bbca-11e8-b2bc-ac1f6b6435d0,13,21 25
8768a5ec-bba0-11e8-b2b9-ac1f6b6435d0,0,0 25
876da36a-bbac-11e8-b2ba-ac1f6b6435d0,13,13
876e0cf4-bbc7-11e8-b2bc-ac1f6b6435d0,2 0,0 2
876ed0e0-bbbc-11e8-b2ba-ac1f6b6435d0,25 20 0,0 20
87714ba8-bba9-11e8-b2ba-ac1f6b6435d0,23,6 23
8776fc0a-bbb4-11e8-b2ba-ac1f6b6435d0,23,23
8778c736-bbbb-11e8-b2ba-ac1f6b6435d0,0,0
877917fa-bbbf-11e8-b2bb-ac1f6b6435d0,7,7
8779cb78-bbbf-11e8-b2bb-ac1f6b6435d0,7 0,0
8779d884-bba6-11e8-b2ba-ac1f6b6435d0,18,18
877c6d28-bbac-11e8-b2ba-ac1f6b6435d0,19,18
877ca4e8-bb9b-11e8-b2b9-ac1f6b6435d0,25 0,0
877d4740-bbc3-11e8-b2bc-ac1f6b6435d0,25 0,0 25
877fcc62-bba6-11e8-b2ba-ac1f6b6435d0,19,5
8784c1b2-bbc5-11e8-b2bc-ac1f6b6435d0,4 2,0 3
8784d4e4-bbb7-11e8-b2ba-ac1f6b6435d0,25 17,25
8786853a-bbbe-11e8-b2ba-ac1f6b6435d0,25 0,0 25
87873d30-bbb5-11e8-b2ba-ac1f6b6435d0,19 25,18
87882bac-bb9a-11e8-b2b9-ac1f6b6435d0,3,3
8789463c-bba3-11e8-b2b9-ac1f6b6435d0,2 0,0 2
878cef0e-bbc0-11e8-b2bb-ac1f6b6435d0,25 11 2,2 25
878f8184-bbb0-11e8-b2ba-ac1f6b6435d0,4,4
8790122c-bbc2-11e8-b2bb-ac1f6b6435d0,5,0 5
87926e4a-bb9b-11e8-b2b9-ac1f6b6435d0,5,5
87927e14-bbad-11e8-b2ba-ac1f6b6435d0,25,25
8793a49c-bb99-11e8-b2b9-ac1f6b6435d0,0,0
8794cf50-bba0-11e8-b2b9-ac1f6b6435d0,25 14 21,14 25
8794ff1e-bbc5-11e8-b2bc-ac1f6b6435d0,23 0,0 23
8799749a-bbb1-11e8-b2ba-ac1f6b6435d0,2 0,0 2
879f0fb8-bba7-11e8-b2ba-ac1f6b6435d0,25 0,0 7
879fec3c-bba5-11e8-b2ba-ac1f6b6435d0,14,14
87a02350-bbc3-11e8-b2bc-ac1f6b6435d0,21,21
87a0c9d6-bbc8-11e8-b2bc-ac1f6b6435d0,25,21
87a15d7c-bbac-11e8-b2ba-ac1f6b6435d0,2 0,0 2
87a45eea-bb99-11e8-b2b9-ac1f6b6435d0,25,25
87a5a2c2-bbc7-11e8-b2bc-ac1f6b6435d0,0 21,0 21
87a5bc18-bbbc-11e8-b2ba-ac1f6b6435d0,25 1 0,0 1 25
87a6aeaa-bbb9-11e8-b2ba-ac1f6b6435d0,25 6,21 25
87a7eb54-bbc7-11e8-b2bc-ac1f6b6435d0,23,11
87a7f9c6-bbb5-11e8-b2ba-ac1f6b6435d0,19 4,4
87adb4dc-bbb6-11e8-b2ba-ac1f6b6435d0,25 0 21,0 25
87b0b7f6-bbbe-11e8-b2ba-ac1f6b6435d0,21,21
87b136ce-bba3-11e8-b2b9-ac1f6b6435d0,0,4
87b1949a-bbb5-11e8-b2ba-ac1f6b6435d0,23 2 0,0 2 23
87b2071c-bb9d-11e8-b2b9-ac1f6b6435d0,25 0,0 25
87b2cfbc-bba7-11e8-b2ba-ac1f6b6435d0,1 0,1
87b41e9c-bbb8-11e8-b2ba-ac1f6b6435d0,19 0,0 18 19
87b625dc-bb9c-11e8-b2b9-ac1f6b6435d0,13,0 13
87b683ea-bba3-11e8-b2b9-ac1f6b6435d0,25 5 0,0 5 21
87b77dd2-bba2-11e8-b2b9-ac1f6b6435d0,3 0,0
87ba56ce-bbbb-11e8-b2ba-ac1f6b6435d0,5 0,0
87c71840-bb9e-11e8-b2b9-ac1f6b6435d0,25 0,0 16 25
87c78c2c-bbc5-11e8-b2bc-ac1f6b6435d0,4,4
87c7f4b4-bbbb-11e8-b2ba-ac1f6b6435d0,25,21 25
87cb5194-bba8-11e8-b2ba-ac1f6b6435d0,25 7,7 25
87cc3348-bba8-11e8-b2ba-ac1f6b6435d0,25 0,0 21 25
87ce3646-bb9b-11e8-b2b9-ac1f6b6435d0,25 0,0 25
87d05b04-bba7-11e8-b2ba-ac1f6b6435d0,25 0,0 25
87d05d54-bbb9-11e8-b2ba-ac1f6b6435d0,4,4
87d110b4-bbaa-11e8-b2ba-ac1f6b6435d0,26,26
87d1b4d2-bb9c-11e8-b2b9-ac1f6b6435d0,7 5,4 25
87d2d7f6-bba4-11e8-b2b9-ac1f6b6435d0,2,2
87d5b2c8-bb9a-11e8-b2b9-ac1f6b6435d0,20,20
87d5f7f2-bb9e-11e8-b2b9-ac1f6b6435d0,7 5 0,0 7
87ddc102-bba4-11e8-b2b9-ac1f6b6435d0,25 0 21,0 21
87de1210-bb9f-11e8-b2b9-ac1f6b6435d0,25,6
87e4d786-bba8-11e8-b2ba-ac1f6b6435d0,0 21,0 21
87e55172-bba1-11e8-b2b9-ac1f6b6435d0,25,25
87e81e40-bba9-11e8-b2ba-ac1f6b6435d0,5,5
87ea2b64-bbc6-11e8-b2bc-ac1f6b6435d0,25,25
87ec6988-bba8-11e8-b2ba-ac1f6b6435d0,4 21,4 21
87ee0356-bba3-11e8-b2b9-ac1f6b6435d0,2 0,0 2
87f1553a-bbc4-11e8-b2bc-ac1f6b6435d0,11,0 11
87fb7328-bb9f-11e8-b2b9-ac1f6b6435d0,5,0 5
87fd94ba-bbad-11e8-b2ba-ac1f6b6435d0,23 0,0 23
87fd9c1a-bbc3-11e8-b2bc-ac1f6b6435d0,21,21
87fe9a10-bbab-11e8-b2ba-ac1f6b6435d0,25 0,0 25
8802e6bc-bbb8-11e8-b2ba-ac1f6b6435d0,0,0
8804bb3e-bbc4-11e8-b2bc-ac1f6b6435d0,3 21,3 21
88078794-bba4-11e8-b2b9-ac1f6b6435d0,23 1 2 0,2
880da874-bbb1-11e8-b2ba-ac1f6b6435d0,16 25 21,25 26
8810d718-bb9a-11e8-b2b9-ac1f6b6435d0,22 19 25,21 22 25
8814af42-bb99-11e8-b2b9-ac1f6b6435d0,25 4,4 26
881907ec-bbc9-11e8-b2bc-ac1f6b6435d0,19,19
881bf84e-bbc9-11e8-b2bc-ac1f6b6435d0,23 2,2 23
88230b76-bba5-11e8-b2ba-ac1f6b6435d0,6,25
8824f9cc-bbaa-11e8-b2ba-ac1f6b6435d0,25 0 21,0 21
8827171a-bb9c-11e8-b2b9-ac1f6b6435d0,2,2
88279566-bba9-11e8-b2ba-ac1f6b6435d0,23,0 23
882a7674-bbad-11e8-b2ba-ac1f6b6435d0,25 2,2 25
882bb408-bba8-11e8-b2ba-ac1f6b6435d0,25,25
882cba3a-bbbf-11e8-b2bb-ac1f6b6435d0,19 7,0 7
88307e12-bbc5-11e8-b2bc-ac1f6b6435d0,25 1 4,4 25
88320bc2-bbb3-11e8-b2ba-ac1f6b6435d0,14 0,0 14
88321896-bb9b-11e8-b2b9-ac1f6b6435d0,19 0,0 5 25
8832c642-bba0-11e8-b2b9-ac1f6b6435d0,23,23
883319fe-bba4-11e8-b2b9-ac1f6b6435d0,12 14,12 14
8834e4ee-bbb0-11e8-b2ba-ac1f6b6435d0,14,14
8837cc22-bbab-11e8-b2ba-ac1f6b6435d0,25 0,0 25
8838b92e-bba2-11e8-b2b9-ac1f6b6435d0,24 25,0 25
883c7736-bbab-11e8-b2ba-ac1f6b6435d0,0,0
883f07ac-bbca-11e8-b2bc-ac1f6b6435d0,1,1
88400b26-bbc9-11e8-b2bc-ac1f6b6435d0,16 6 2 0,0 2 16
8845d1ce-bbbe-11e8-b2ba-ac1f6b6435d0,25 5,5 25
88468830-bbb4-11e8-b2ba-ac1f6b6435d0,25,25
88472a52-bbc7-11e8-b2bc-ac1f6b6435d0,5,5
884b3032-bbb0-11e8-b2ba-ac1f6b6435d0,2 0,0 2
884dfea4-bba9-11e8-b2ba-ac1f6b6435d0,3,3 22
8850c9a2-bbc4-11e8-b2bc-ac1f6b6435d0,7 0 21,7
885214f2-bb9b-11e8-b2b9-ac1f6b6435d0,7,7
8852ecd8-bbb9-11e8-b2ba-ac1f6b6435d0,21,21
88557b6c-bbb2-11e8-b2ba-ac1f6b6435d0,5 0,5
8857015c-bb9f-11e8-b2b9-ac1f6b6435d0,0,0
885a46fc-bbac-11e8-b2ba-ac1f6b6435d0,11,11
885ac57c-bbad-11e8-b2ba-ac1f6b6435d0,25 4,4 25
885bd8f2-bbc8-11e8-b2bc-ac1f6b6435d0,7 1 2 0,0 23
88615bfe-bb9d-11e8-b2b9-ac1f6b6435d0,7 2,2 7
88669d06-bbbd-11e8-b2ba-ac1f6b6435d0,1,1
8867f0ec-bbb9-11e8-b2ba-ac1f6b6435d0,25,6 25
886b37f4-bbc6-11e8-b2bc-ac1f6b6435d0,4,4
886e6e5e-bbaf-11e8-b2ba-ac1f6b6435d0,25,25
886ec0b0-bbc4-11e8-b2bc-ac1f6b6435d0,25 2,2 25
8872b43e-bbbc-11e8-b2ba-ac1f6b6435d0,23,23
887cb392-bbaa-11e8-b2ba-ac1f6b6435d0,6,1 6
887e4d5c-bbbd-11e8-b2ba-ac1f6b6435d0,7 2,2 7
887f27dc-bb9e-11e8-b2b9-ac1f6b6435d0,19,19
887f63ec-bbc5-11e8-b2bc-ac1f6b6435d0,25 0,0 21 25
8880fb1c-bb9d-11e8-b2b9-ac1f6b6435d0,20,20
888458fe-bba5-11e8-b2ba-ac1f6b6435d0,2 0,0 2 5
8888916e-bb99-11e8-b2b9-ac1f6b6435d0,0,0
8891b8be-bbb4-11e8-b2ba-ac1f6b6435d0,14,14
88927770-bbb6-11e8-b2ba-ac1f6b6435d0,5,0 5
88927d02-bbb5-11e8-b2ba-ac1f6b6435d0,25,11
889336e4-bbc8-11e8-b2bc-ac1f6b6435d0,23,23
8895df9a-bbb2-11e8-b2ba-ac1f6b6435d0,3 0,0 3
88991c5a-bb99-11e8-b2b9-ac1f6b6435d0,25,25
889b5a6e-bbbd-11e8-b2ba-ac1f6b6435d0,0 21,0 21
88a832fa-bbbf-11e8-b2bb-ac1f6b6435d0,1,1
88a9829c-bbae-11e8-b2ba-ac1f6b6435d0,25 0,0 25
88ac7154-bbaa-11e8-b2ba-ac1f6b6435d0,22,2 22
88afda66-bba9-11e8-b2ba-ac1f6b6435d0,23 0,0 23
88b0fe18-bbc3-11e8-b2bc-ac1f6b6435d0,2,2
88b11d7e-bba7-11e8-b2ba-ac1f6b6435d0,23,23
88b22652-bba6-11e8-b2ba-ac1f6b6435d0,25,6
88b36804-bbac-11e8-b2ba-ac1f6b6435d0,19 0,0 19
88b4397e-bba6-11e8-b2ba-ac1f6b6435d0,0,0
88b7512e-bb9f-11e8-b2b9-ac1f6b6435d0,13,13
88b8686e-bbba-11e8-b2ba-ac1f6b6435d0,25 23 0,23
88b87f84-bb9c-11e8-b2b9-ac1f6b6435d0,14 0,0 14
88b8ae16-bba4-11e8-b2b9-ac1f6b6435d0,22 3,2
88ba0fb4-bb99-11e8-b2b9-ac1f6b6435d0,23,23
88ba3ed4-bbb3-11e8-b2ba-ac1f6b6435d0,2,2
88ba7e78-bbc5-11e8-b2bc-ac1f6b6435d0,7,7 25
88bb7264-bba3-11e8-b2b9-ac1f6b6435d0,19 0,0 19
88c203b4-bba7-11e8-b2ba-ac1f6b6435d0,3,3
88c3e902-bbc7-11e8-b2bc-ac1f6b6435d0,11,11
88c624fc-bba8-11e8-b2ba-ac1f6b6435d0,23 0,0 23
88c77f9e-bbc3-11e8-b2bc-ac1f6b6435d0,12 25 7,12
88c808ce-bbc3-11e8-b2bc-ac1f6b6435d0,2 0,0 2
88cc43ee-bbc3-11e8-b2bc-ac1f6b6435d0,25,25
88cf2134-bbc0-11e8-b2bb-ac1f6b6435d0,25 0,0 21
88cff4dc-bbbc-11e8-b2ba-ac1f6b6435d0,3,3
88d9f344-bbba-11e8-b2ba-ac1f6b6435d0,25 5,0 25
88dcd3ac-bba6-11e8-b2ba-ac1f6b6435d0,11 0,0 11
88df0b2c-bbc4-11e8-b2bc-ac1f6b6435d0,11,11
88e3fcd2-bba5-11e8-b2ba-ac1f6b6435d0,25 2,2 25
88e62712-bbbb-11e8-b2ba-ac1f6b6435d0,25 21,21 25
88e8e60c-bba5-11e8-b2ba-ac1f6b6435d0,25,26
88e9cf6a-bbb7-11e8-b2ba-ac1f6b6435d0,7,7
88ebbbb6-bbbe-11e8-b2ba-ac1f6b6435d0,7,7
88ed7046-bbaa-11e8-b2ba-ac1f6b6435d0,0,0
88edafdc-bbb1-11e8-b2ba-ac1f6b6435d0,7 0,0 7
88ee7afc-bbb6-11e8-b2ba-ac1f6b6435d0,18,7
88f2de02-bbb2-11e8-b2ba-ac1f6b6435d0,23 21,21 23
88f6baea-bb9e-11e8-b2b9-ac1f6b6435d0,0,0 25
88f7973e-bba9-11e8-b2ba-ac1f6b6435d0,13 21,21 25
88f7c9ae-bbac-11e8-b2ba-ac1f6b6435d0,13 0,0 13
88f8093e-bbc8-11e8-b2bc-ac1f6b6435d0,25 2,2 25
88f965a6-bbbc-11e8-b2ba-ac1f6b6435d0,21,21
88fc4314-bbaa-11e8-b2ba-ac1f6b6435d0,5 2 0,0 2
88fcc8c4-bbc9-11e8-b2bc-ac1f6b6435d0,4,4
88ff139e-bbca-11e8-b2bc-ac1f6b6435d0,25 0,0
890016c0-bbc7-11e8-b2bc-ac1f6b6435d0,21,21
89036a56-bb9e-11e8-b2b9-ac1f6b6435d0,3 0,0 3
8904452e-bbb3-11e8-b2ba-ac1f6b6435d0,20 23 0,0 20
8907a842-bbc5-11e8-b2bc-ac1f6b6435d0,1 0,1
890c7d14-bbb0-11e8-b2ba-ac1f6b6435d0,19,19
890cfbc2-bbb5-11e8-b2ba-ac1f6b6435d0,5,0
890de702-bbc0-11e8-b2bb-ac1f6b6435d0,24 21,21 22 24
890ea99c-bba4-11e8-b2b9-ac1f6b6435d0,17 21,21
891236ba-bbb9-11e8-b2ba-ac1f6b6435d0,1,1
8916210e-bb9f-11e8-b2b9-ac1f6b6435d0,18 0,0 18 19
891913f6-bbad-11e8-b2ba-ac1f6b6435d0,23,23
891f32fe-bbad-11e8-b2ba-ac1f6b6435d0,25 0,0 1
8922c7e4-bbbb-11e8-b2ba-ac1f6b6435d0,14,14
892420d2-bbc3-11e8-b2bc-ac1f6b6435d0,23,6
89246cec-bbad-11e8-b2ba-ac1f6b6435d0,0,7
892642ca-bba7-11e8-b2ba-ac1f6b6435d0,7,25
8931e808-bb9a-11e8-b2b9-ac1f6b6435d0,6,6
8937a4fa-bbbd-11e8-b2ba-ac1f6b6435d0,22 0,0 22
8939f3ce-bbc5-11e8-b2bc-ac1f6b6435d0,25 0,0 25
893bdfb2-bb99-11e8-b2b9-ac1f6b6435d0,4 21,4 21 25
893c42da-bbae-11e8-b2ba-ac1f6b6435d0,1,1
893c734e-bba5-11e8-b2ba-ac1f6b6435d0,11 2 0,0 2
89416ba4-bbac-11e8-b2ba-ac1f6b6435d0,3,3
8944e6c6-bbb6-11e8-b2ba-ac1f6b6435d0,25 3 0,0 3 25
894dbe34-bbae-11e8-b2ba-ac1f6b6435d0,5,5
894ed654-bbb1-11e8-b2ba-ac1f6b6435d0,0,0
894f13ba-bba9-11e8-b2ba-ac1f6b6435d0,25 0,0
89513a36-bbc3-11e8-b2bc-ac1f6b6435d0,6,6
89525e52-bba0-11e8-b2b9-ac1f6b6435d0,14 0,0 14
895277ea-bbc1-11e8-b2bb-ac1f6b6435d0,25 0,0 25
895410f8-bbaa-11e8-b2ba-ac1f6b6435d0,0,25
89550848-bbb7-11e8-b2ba-ac1f6b6435d0,7 0,0
895bc636-bbbe-11e8-b2ba-ac1f6b6435d0,18,18
895d2a1c-bbaf-11e8-b2ba-ac1f6b6435d0,5 0,0 5
89636350-bb9b-11e8-b2b9-ac1f6b6435d0,7 0,0 7
8964862c-bbc3-11e8-b2bc-ac1f6b6435d0,5,5
89673de0-bbb4-11e8-b2ba-ac1f6b6435d0,6,6
8967580a-bbbb-11e8-b2ba-ac1f6b6435d0,23 0,0 23
896836d0-bbb6-11e8-b2ba-ac1f6b6435d0,11,7
89685824-bbc8-11e8-b2bc-ac1f6b6435d0,19,18 19
89715ee2-bba5-11e8-b2ba-ac1f6b6435d0,3 0,0 2
8974ebda-bba9-11e8-b2ba-ac1f6b6435d0,19 0,0 19
89777a30-bba9-11e8-b2ba-ac1f6b6435d0,2 0,0 2
897973a6-bba6-11e8-b2ba-ac1f6b6435d0,25,25
897a1656-bbc1-11e8-b2bb-ac1f6b6435d0,0 21,0 21
897b9256-bba8-11e8-b2ba-ac1f6b6435d0,5,3 5
89811ba0-bba2-11e8-b2b9-ac1f6b6435d0,23,2
89815832-bb9c-11e8-b2b9-ac1f6b6435d0,11,11
8981f020-bba7-11e8-b2ba-ac1f6b6435d0,11,6
89857e2a-bb9d-11e8-b2b9-ac1f6b6435d0,7 3 0,0 3 7
89874da6-bbbe-11e8-b2ba-ac1f6b6435d0,11 2,2 23
898964c6-bbc6-11e8-b2bc-ac1f6b6435d0,25,25
898acf24-bbca-11e8-b2bc-ac1f6b6435d0,6,25
898bb820-bbb7-11e8-b2ba-ac1f6b6435d0,25 0,25
898c9c58-bbae-11e8-b2ba-ac1f6b6435d0,11 0,0 11
898dc418-bbbb-11e8-b2ba-ac1f6b6435d0,3,2 3
898f12c2-bbb2-11e8-b2ba-ac1f6b6435d0,7,7
898f3b10-bbbe-11e8-b2ba-ac1f6b6435d0,22 0,0 22
898fb198-bbb5-11e8-b2ba-ac1f6b6435d0,3 0,2
89903668-bbbf-11e8-b2bb-ac1f6b6435d0,11,11
8990b0dc-bbad-11e8-b2ba-ac1f6b6435d0,25 0 21,0 21
89918d4c-bbb0-11e8-b2ba-ac1f6b6435d0,14 2,14
89922d36-bb99-11e8-b2b9-ac1f6b6435d0,25 7,7
899632a6-bbca-11e8-b2bc-ac1f6b6435d0,25,21
899a9612-bbbf-11e8-b2bb-ac1f6b6435d0,22 0,0 13 21
899fab24-bbac-11e8-b2ba-ac1f6b6435d0,5,5
89a236c0-bbbe-11e8-b2ba-ac1f6b6435d0,3,2
89a24bda-bbb7-11e8-b2ba-ac1f6b6435d0,14,2 14
89a81fcc-bbb9-11e8-b2ba-ac1f6b6435d0,25,25
89ab4546-bbc6-11e8-b2bc-ac1f6b6435d0,4,4
89ac3b92-bbab-11e8-b2ba-ac1f6b6435d0,3,2 3
89acef8a-bba4-11e8-b2b9-ac1f6b6435d0,25 4,4 25
89aeaeb6-bbb7-11e8-b2ba-ac1f6b6435d0,2,2
89b23ed4-bbc9-11e8-b2bc-ac1f6b6435d0,25,25
89b26810-bbbe-11e8-b2ba-ac1f6b6435d0,25 2 0 21,0 2 21 25
89b70348-bbb9-11e8-b2ba-ac1f6b6435d0,3,0
89b706e4-bbba-11e8-b2ba-ac1f6b6435d0,1 0,0 1
89bb49d0-bbaf-11e8-b2ba-ac1f6b6435d0,5,5
89c5cda0-bbc9-11e8-b2bc-ac1f6b6435d0,1,25
89c8fe20-bbac-11e8-b2ba-ac1f6b6435d0,3,3
89d1164a-bb99-11e8-b2b9-ac1f6b6435d0,5,5
89d38f50-bb9a-11e8-b2b9-ac1f6b6435d0,3 0,0 3
89d4aae8-bba4-11e8-b2b9-ac1f6b6435d0,2,2 25
89d5d4c6-bbaa-11e8-b2ba-ac1f6b6435d0,7 2 0 21,0 2 7 21
89d84aea-bbc7-11e8-b2bc-ac1f6b6435d0,25 4,4
89dc5ad4-bbab-11e8-b2ba-ac1f6b6435d0,25 0,0 25
89dcc592-bbc8-11e8-b2bc-ac1f6b6435d0,19,0 19
89def880-bbb9-11e8-b2ba-ac1f6b6435d0,23 0,0 23
89dfb51e-bbb8-11e8-b2ba-ac1f6b6435d0,3,3
89e0677c-bbb1-11e8-b2ba-ac1f6b6435d0,6,6
89e380ae-bb9f-11e8-b2b9-ac1f6b6435d0,14 2,2 14
89e3d0f2-bbbf-11e8-b2bb-ac1f6b6435d0,3,3
89e9c7d6-bbbb-11e8-b2ba-ac1f6b6435d0,0,0
89eab306-bbbd-11e8-b2ba-ac1f6b6435d0,19 0,0 19
89eaec3a-bbaf-11e8-b2ba-ac1f6b6435d0,5,0 5
89ee860e-bb9d-11e8-b2b9-ac1f6b6435d0,19,19
89efdda4-bbb3-11e8-b2ba-ac1f6b6435d0,14,14
89f23144-bba4-11e8-b2b9-ac1f6b6435d0,6,6
89f5cb3c-bbb4-11e8-b2ba-ac1f6b6435d0,25 0,0
89f5ed92-bbaf-11e8-b2ba-ac1f6b6435d0,11,11
89f7c72c-bb9e-11e8-b2b9-ac1f6b6435d0,5 0,0 5
89f93622-bbab-11e8-b2ba-ac1f6b6435d0,2,2 21
89f9a7de-bbc8-11e8-b2bc-ac1f6b6435d0,25 23,6
89f9d274-bbad-11e8-b2ba-ac1f6b6435d0,25 7 0 21,0 21 25
89fb6018-bbc0-11e8-b2bb-ac1f6b6435d0,13,13
89fc8e56-bbbc-11e8-b2ba-ac1f6b6435d0,7,7
89fd05d4-bba8-11e8-b2ba-ac1f6b6435d0,23,23
89fe0326-bb99-11e8-b2b9-ac1f6b6435d0,4,0
8a000b00-bbb5-11e8-b2ba-ac1f6b6435d0,25 0,0 25
8a00e2f2-bba4-11e8-b2b9-ac1f6b6435d0,19 0,0 19
8a0275ec-bb9d-11e8-b2b9-ac1f6b6435d0,25 21,21
8a04ec5e-bbbc-11e8-b2ba-ac1f6b6435d0,2 0,0 2
8a0c525e-bbae-11e8-b2ba-ac1f6b6435d0,11,11
8a0ccea8-bbba-11e8-b2ba-ac1f6b6435d0,19 0,0 19
8a0d9bd6-bbb9-11e8-b2ba-ac1f6b6435d0,7 0,0 7
8a0ebb28-bba6-11e8-b2ba-ac1f6b6435d0,7 0,7
8a10533e-bba6-11e8-b2ba-ac1f6b6435d0,25 2 0,0 2 25
8a127980-bbb4-11e8-b2ba-ac1f6b6435d0,25 11 0,0 11
8a12f7a4-bbbc-11e8-b2ba-ac1f6b6435d0,25 4 2,2 25
8a155caa-bb9a-11e8-b2b9-ac1f6b6435d0,7,7 25
8a15bb26-bbc4-11e8-b2bc-ac1f6b6435d0,23 0,0 23
8a1a5cfc-bba2-11e8-b2b9-ac1f6b6435d0,22 0,0 18
8a1f68e2-bba1-11e8-b2b9-ac1f6b6435d0,6,6
8a213944-bbc7-11e8-b2bc-ac1f6b6435d0,0,0
8a290d32-bbc1-11e8-b2bb-ac1f6b6435d0,6 9 10,7
8a2b45d6-bbc9-11e8-b2bc-ac1f6b6435d0,18,18
8a2cf93c-bba9-11e8-b2ba-ac1f6b6435d0,0,0 2
8a2f6e4e-bbc5-11e8-b2bc-ac1f6b6435d0,19,25
8a31cce8-bbb1-11e8-b2ba-ac1f6b6435d0,4,4 25
8a32a532-bba2-11e8-b2b9-ac1f6b6435d0,22 0,0 22
8a33a658-bb9d-11e8-b2b9-ac1f6b6435d0,21,21
8a34e9e2-bbc4-11e8-b2bc-ac1f6b6435d0,0 21,0 21
8a36ffc0-bbb5-11e8-b2ba-ac1f6b6435d0,1,1
8a38215c-bba6-11e8-b2ba-ac1f6b6435d0,7,7
8a384340-bbaa-11e8-b2ba-ac1f6b6435d0,15 5 0,0 5
8a3e3b1e-bbba-11e8-b2ba-ac1f6b6435d0,23 0 21,23
8a3e6960-bbae-11e8-b2ba-ac1f6b6435d0,0,0
8a3e832e-bbb7-11e8-b2ba-ac1f6b6435d0,16 14,14
8a3e977c-bbb9-11e8-b2ba-ac1f6b6435d0,25 7 0,0 7 25
8a405286-bbb1-11e8-b2ba-ac1f6b6435d0,7,7
8a421d7a-bb9b-11e8-b2b9-ac1f6b6435d0,25 11,11 25
8a438710-bbb3-11e8-b2ba-ac1f6b6435d0,0 21,0 21
8a441258-bbb2-11e8-b2ba-ac1f6b6435d0,12 5 2,2 12
8a44c8ec-bbb2-11e8-b2ba-ac1f6b6435d0,2 0,0 2
8a48ae9a-bbb1-11e8-b2ba-ac1f6b6435d0,19,19
8a51782e-bb9b-11e8-b2b9-ac1f6b6435d0,23,23
8a566dd8-bba1-11e8-b2b9-ac1f6b6435d0,2,0
8a56f6ba-bbb8-11e8-b2ba-ac1f6b6435d0,12,12
8a583f66-bbc7-11e8-b2bc-ac1f6b6435d0,4,2 4
8a5881da-bbc5-11e8-b2bc-ac1f6b6435d0,7,7
8a59d570-bba8-11e8-b2ba-ac1f6b6435d0,7 0,0 7
8a5a940c-bb9d-11e8-b2b9-ac1f6b6435d0,12 25 21,12 25
8a5ee938-bbb8-11e8-b2ba-ac1f6b6435d0,3,23
8a5ef75a-bbba-11e8-b2ba-ac1f6b6435d0,14 5,5 14
8a5ff77e-bbc2-11e8-b2bb-ac1f6b6435d0,0,0
8a606b44-bbab-11e8-b2ba-ac1f6b6435d0,6 7,7 25
8a639f76-bbb0-11e8-b2ba-ac1f6b6435d0,25,25
8a63b0b8-bbc1-11e8-b2bb-ac1f6b6435d0,0,0 25
8a63b33e-bbc0-11e8-b2bb-ac1f6b6435d0,21,21
8a6441c6-bbc2-11e8-b2bb-ac1f6b6435d0,1 0,0 1
8a651352-bba5-11e8-b2ba-ac1f6b6435d0,4,4
8a673086-bbb1-11e8-b2ba-ac1f6b6435d0,12 25 0,0
8a69df7a-bb9d-11e8-b2b9-ac1f6b6435d0,1,1
8a6fcc26-bbb3-11e8-b2ba-ac1f6b6435d0,25 5,0 5 25
8a7186d4-bbc6-11e8-b2bc-ac1f6b6435d0,5,5
8a74b28c-bbb7-11e8-b2ba-ac1f6b6435d0,2 21,2 21
8a750574-bbbd-11e8-b2ba-ac1f6b6435d0,6,6 23
8a75c6a6-bbc4-11e8-b2bc-ac1f6b6435d0,1 2,0
8a75e5dc-bbc4-11e8-b2bc-ac1f6b6435d0,2,0 2 25
8a76c376-bbab-11e8-b2ba-ac1f6b6435d0,19 25,19 25
8a77d9b6-bb9f-11e8-b2b9-ac1f6b6435d0,2 0,0 2
8a799058-bbbd-11e8-b2ba-ac1f6b6435d0,0,0 1
8a7d6296-bbc7-11e8-b2bc-ac1f6b6435d0,4,4
8a7f80b2-bb9a-11e8-b2b9-ac1f6b6435d0,23,23
8a803934-bbaf-11e8-b2ba-ac1f6b6435d0,23 0,0 23
8a803d0e-bbc2-11e8-b2bb-ac1f6b6435d0,23 0,8 20
8a82b7e8-bba2-11e8-b2b9-ac1f6b6435d0,25 2 0,0 2 25
8a82d818-bba2-11e8-b2b9-ac1f6b6435d0,22 23 0,0 22 23
8a84e902-bbaa-11e8-b2ba-ac1f6b6435d0,7 0,4 7
8a861492-bbb1-11e8-b2ba-ac1f6b6435d0,5 0,0 5
8a8690c8-bbbd-11e8-b2ba-ac1f6b6435d0,25 6,6 25
8a869d9e-bbad-11e8-b2ba-ac1f6b6435d0,6 1,1
8a8843ca-bbbb-11e8-b2ba-ac1f6b6435d0,25,25
8a8cc916-bbbd-11e8-b2ba-ac1f6b6435d0,19 0,0 19
8a8eab34-bbac-11e8-b2ba-ac1f6b6435d0,26,26
8a963d3c-bbbf-11e8-b2bb-ac1f6b6435d0,4,4
8a98ddb8-bba5-11e8-b2ba-ac1f6b6435d0,0,0
8a98de8e-bbab-11e8-b2ba-ac1f6b6435d0,2 0,0 2
8a9ad14c-bb9e-11e8-b2b9-ac1f6b6435d0,23,23
8a9cfdd6-bbb8-11e8-b2ba-ac1f6b6435d0,26 25,25
8a9d029c-bbc0-11e8-b2bb-ac1f6b6435d0,5,5
8a9d3d58-bbbf-11e8-b2bb-ac1f6b6435d0,25 0,0 25
8a9dc748-bbc7-11e8-b2bc-ac1f6b6435d0,4,4
8a9f209e-bbad-11e8-b2ba-ac1f6b6435d0,25,25
8aa19320-bbc0-11e8-b2bb-ac1f6b6435d0,1 0,1
8aa2353e-bb9b-11e8-b2b9-ac1f6b6435d0,25,21
8aa2e59a-bbc5-11e8-b2bc-ac1f6b6435d0,19 25,19 25
8aa4b9d8-bbac-11e8-b2ba-ac1f6b6435d0,25 0,0
8aa565a0-bbb5-11e8-b2ba-ac1f6b6435d0,7 4 2,0 2 7
8aa74bd8-bbb3-11e8-b2ba-ac1f6b6435d0,2 0,0 2
8aac0984-bbc7-11e8-b2bc-ac1f6b6435d0,5 0,5
8ab07b54-bba4-11e8-b2b9-ac1f6b6435d0,4,4 25
8ab2f848-bba9-11e8-b2ba-ac1f6b6435d0,0 21,0 21
8ab5860a-bbca-11e8-b2bc-ac1f6b6435d0,7 2 0,0 2 7
8ab5afb0-bbbe-11e8-b2ba-ac1f6b6435d0,0,0
8ab8893c-bbb0-11e8-b2ba-ac1f6b6435d0,14,14
8ab89506-bbb2-11e8-b2ba-ac1f6b6435d0,2 0,0 2
8ab8abc4-bb9c-11e8-b2b9-ac1f6b6435d0,23,7 23
8ab8eabc-bba6-11e8-b2ba-ac1f6b6435d0,6,4
8abaebbe-bb9c-11e8-b2b9-ac1f6b6435d0,19,19
8abc280e-bbbe-11e8-b2ba-ac1f6b6435d0,22 5 0,5 22
8ac44d34-bbb1-11e8-b2ba-ac1f6b6435d0,23 0,0 5 23
8acb4a78-bba5-11e8-b2ba-ac1f6b6435d0,13,25
8acb9704-bba4-11e8-b2b9-ac1f6b6435d0,23 0,0 23
8acbaf8e-bbc5-11e8-b2bc-ac1f6b6435d0,25 0,0 25
8ace9c84-bb99-11e8-b2b9-ac1f6b6435d0,21,21
8ad0a8ee-bbc6-11e8-b2bc-ac1f6b6435d0,19 5 0,0 19
8ad12c94-bbbf-11e8-b2bb-ac1f6b6435d0,25 5,5 25
8ad202aa-bbaa-11e8-b2ba-ac1f6b6435d0,19 1 0,0 1
8ad7b3fa-bbc6-11e8-b2bc-ac1f6b6435d0,7 2 0,0 2 7
8adb9270-bbaa-11e8-b2ba-ac1f6b6435d0,23 0,0 7
8adec154-bbad-11e8-b2ba-ac1f6b6435d0,25 0,0 25
8adffe3a-bbca-11e8-b2bc-ac1f6b6435d0,3 0,0 3
8ae36a60-bbc1-11e8-b2bb-ac1f6b6435d0,6 18,6
8ae5b280-bba7-11e8-b2ba-ac1f6b6435d0,14,14
8ae721ac-bbb0-11e8-b2ba-ac1f6b6435d0,25,25
8ae8ab1e-bb9a-11e8-b2b9-ac1f6b6435d0,23,23 25
8ae9a0aa-bbbd-11e8-b2ba-ac1f6b6435d0,16 21,21
8aea01f2-bbaa-11e8-b2ba-ac1f6b6435d0,2 0,0
8aeb3d16-bbb8-11e8-b2ba-ac1f6b6435d0,4,4
8aed458c-bbb5-11e8-b2ba-ac1f6b6435d0,23 0,0 23
8aedb5fe-bba0-11e8-b2b9-ac1f6b6435d0,14 0,4 14
8aee23a4-bbc8-11e8-b2bc-ac1f6b6435d0,6,6
8af18698-bbaf-11e8-b2ba-ac1f6b6435d0,25 18 17,14 17 18
8af30aaa-bb9a-11e8-b2b9-ac1f6b6435d0,11,11
8af3e164-bbae-11e8-b2ba-ac1f6b6435d0,13 21,13
8af8b2bc-bbb2-11e8-b2ba-ac1f6b6435d0,20,8 20
8afc63be-bb9c-11e8-b2b9-ac1f6b6435d0,3,2 3
8afccbba-bba6-11e8-b2ba-ac1f6b6435d0,11,11
8afd0b70-bbb5-11e8-b2ba-ac1f6b6435d0,25 23,0 25
8aff2a3e-bba3-11e8-b2b9-ac1f6b6435d0,2,2
8b0062c0-bb9c-11e8-b2b9-ac1f6b6435d0,2,2
8b006cae-bbb8-11e8-b2ba-ac1f6b6435d0,25 21,21
8b00963a-bbad-11e8-b2ba-ac1f6b6435d0,3 0,0 3
8b05975a-bbc3-11e8-b2bc-ac1f6b6435d0,12 13,0 12 21
8b05e28a-bbbb-11e8-b2ba-ac1f6b6435d0,25 5,0 25
8b0918d2-bbc1-11e8-b2bb-ac1f6b6435d0,25 0,0 21 25
8b09dfa0-bbc7-11e8-b2bc-ac1f6b6435d0,19 0,0
8b0e3b1e-bbbc-11e8-b2ba-ac1f6b6435d0,23 2,2 23
8b0e4edc-bbb3-11e8-b2ba-ac1f6b6435d0,25,16 17 25
8b14af46-bbba-11e8-b2ba-ac1f6b6435d0,16 21,21
8b169414-bbbf-11e8-b2bb-ac1f6b6435d0,0 21,0 21
8b1a4d3e-bba1-11e8-b2b9-ac1f6b6435d0,25 0,0 25
8b1aef2a-bbbd-11e8-b2ba-ac1f6b6435d0,23 0,0
8b1b6eca-bbc0-11e8-b2bb-ac1f6b6435d0,1,1
8b1c51d4-bb9b-11e8-b2b9-ac1f6b6435d0,2 0,0
8b220296-bbbe-11e8-b2ba-ac1f6b6435d0,25 0,0 21 25
8b252b16-bbae-11e8-b2ba-ac1f6b6435d0,0,7
8b2608d2-bbaf-11e8-b2ba-ac1f6b6435d0,11,11
8b2cc6a8-bbba-11e8-b2ba-ac1f6b6435d0,25 17 0,0 21
8b2eaf46-bbaa-11e8-b2ba-ac1f6b6435d0,11,11
8b2ec5ca-bba6-11e8-b2ba-ac1f6b6435d0,19 17,25
8b2f50be-bb9a-11e8-b2b9-ac1f6b6435d0,0 21,25
8b33ff08-bbbb-11e8-b2ba-ac1f6b6435d0,1,1
8b3547ba-bb9c-11e8-b2b9-ac1f6b6435d0,5,5
8b355f7a-bba6-11e8-b2ba-ac1f6b6435d0,23,23
8b3712a8-bbc8-11e8-b2bc-ac1f6b6435d0,0,21
8b380cc2-bb9a-11e8-b2b9-ac1f6b6435d0,0 21,0 25
8b3cce22-bbc4-11e8-b2bc-ac1f6b6435d0,21,21
8b3fadda-bba2-11e8-b2b9-ac1f6b6435d0,0,0
8b3fe940-bba6-11e8-b2ba-ac1f6b6435d0,0,0
8b40e98c-bba4-11e8-b2b9-ac1f6b6435d0,25 2 0,2 25
8b425b9c-bbc6-11e8-b2bc-ac1f6b6435d0,23,23
8b4590d4-bbba-11e8-b2ba-ac1f6b6435d0,25 5,0 25
8b45a800-bbb8-11e8-b2ba-ac1f6b6435d0,25 1 0,0 1 25
8b470a7c-bb9c-11e8-b2b9-ac1f6b6435d0,17 5,5
8b499850-bb9c-11e8-b2b9-ac1f6b6435d0,25 2 0 21,0 25
8b4a0314-bbb8-11e8-b2ba-ac1f6b6435d0,25 5,5
8b50bee0-bb9d-11e8-b2b9-ac1f6b6435d0,0 21,0 21 25
8b50e206-bbae-11e8-b2ba-ac1f6b6435d0,26,26
8b521688-bbab-11e8-b2ba-ac1f6b6435d0,0,0 5 25
8b5311c0-bbb8-11e8-b2ba-ac1f6b6435d0,0,0
8b576cb4-bbab-11e8-b2ba-ac1f6b6435d0,13 21,22
8b5a3fd8-bbc5-11e8-b2bc-ac1f6b6435d0,23 0,0 23
8b5b690c-bbc1-11e8-b2bb-ac1f6b6435d0,19 0,0 25
8b5e6584-bb9f-11e8-b2b9-ac1f6b6435d0,25 5 0,5 25
8b60fcd6-bb9f-11e8-b2b9-ac1f6b6435d0,25,23
8b645d62-bbb4-11e8-b2ba-ac1f6b6435d0,0,0
8b65995a-bbc5-11e8-b2bc-ac1f6b6435d0,11,11
8b65cb84-bbb4-11e8-b2ba-ac1f6b6435d0,12 25,12 21 25
8b66c254-bbc9-11e8-b2bc-ac1f6b6435d0,14,14
8b6a74e4-bba1-11e8-b2b9-ac1f6b6435d0,21,12 21
8b6ae8fe-bb9f-11e8-b2b9-ac1f6b6435d0,13 21,13
8b6cd02c-bbb5-11e8-b2ba-ac1f6b6435d0,22 16 0,16 22
8b6d392e-bba4-11e8-b2b9-ac1f6b6435d0,24,24
8b6e05d4-bb9f-11e8-b2b9-ac1f6b6435d0,19,19
8b6ec9fe-bb9c-11e8-b2b9-ac1f6b6435d0,5,5
8b6f341e-bbbc-11e8-b2ba-ac1f6b6435d0,4 0 21,0 5 21
8b748584-bbc8-11e8-b2bc-ac1f6b6435d0,7 0,0 7
8b77d4c2-bbbf-11e8-b2bb-ac1f6b6435d0,17 0,0 17
8b78512c-bbbf-11e8-b2bb-ac1f6b6435d0,13 0 21,0 13 25
8b7bf2c6-bbb2-11e8-b2ba-ac1f6b6435d0,23,23
8b7c6abe-bbb5-11e8-b2ba-ac1f6b6435d0,25 0,0 25
8b7e7838-bba4-11e8-b2b9-ac1f6b6435d0,21,13 21
8b7fb88c-bbb4-11e8-b2ba-ac1f6b6435d0,11,11
8b81c878-bbbb-11e8-b2ba-ac1f6b6435d0,2,2
8b83ec12-bbb0-11e8-b2ba-ac1f6b6435d0,4,4
8b85a510-bbb6-11e8-b2ba-ac1f6b6435d0,2,2
8b89d4fc-bba5-11e8-b2ba-ac1f6b6435d0,7 0,0 23
8b8b19ba-bbc4-11e8-b2bc-ac1f6b6435d0,7 0,0 7
8b8bb570-bbbd-11e8-b2ba-ac1f6b6435d0,0,0 11
8b90c6a4-bbaf-11e8-b2ba-ac1f6b6435d0,23 0,0 23
8b91f744-bbba-11e8-b2ba-ac1f6b6435d0,23 0,8 23
8b94cab2-bbb2-11e8-b2ba-ac1f6b6435d0,25 0,0 25
8b99e72a-bbc8-11e8-b2bc-ac1f6b6435d0,25 0,5 25
8b9e4442-bb9a-11e8-b2b9-ac1f6b6435d0,22 25,21 23
8ba1f020-bbc1-11e8-b2bb-ac1f6b6435d0,4,4
8ba4bc58-bbb5-11e8-b2ba-ac1f6b6435d0,0,0
8ba51a08-bba2-11e8-b2b9-ac1f6b6435d0,23,23
8ba898cc-bbc0-11e8-b2bb-ac1f6b6435d0,4,0
8baacb44-bbc8-11e8-b2bc-ac1f6b6435d0,25,25 26
8bab5c38-bbc0-11e8-b2bb-ac1f6b6435d0,23 4,4
8baeca3e-bbad-11e8-b2ba-ac1f6b6435d0,25 0,4
8bb28c48-bba6-11e8-b2ba-ac1f6b6435d0,25 21,21 25
8bb6956e-bbb9-11e8-b2ba-ac1f6b6435d0,2,2
8bb8dd32-bba6-11e8-b2ba-ac1f6b6435d0,25 5 0,25
8bbbd756-bbad-11e8-b2ba-ac1f6b6435d0,21,21
8bbfd0b2-bbb8-11e8-b2ba-ac1f6b6435d0,6,6
8bc39768-bbbf-11e8-b2bb-ac1f6b6435d0,7 0,7
8bc60812-bbc5-11e8-b2bc-ac1f6b6435d0,25,25
8bc8d624-bbb5-11e8-b2ba-ac1f6b6435d0,26 25,25 26
8bc92c5c-bbbd-11e8-b2ba-ac1f6b6435d0,14,2 14
8bc9b9fe-bbb5-11e8-b2ba-ac1f6b6435d0,6,21
8bcb5fd6-bbae-11e8-b2ba-ac1f6b6435d0,0,0
8bcc0842-bba3-11e8-b2b9-ac1f6b6435d0,11,11 21
8bcc19ec-bba1-11e8-b2b9-ac1f6b6435d0,19 0,21
8bceed66-bbc9-11e8-b2bc-ac1f6b6435d0,25,25
8bd3c764-bbbf-11e8-b2bb-ac1f6b6435d0,7,7
8bd5c158-bbc0-11e8-b2bb-ac1f6b6435d0,0,0 2
8bd7a590-bba2-11e8-b2b9-ac1f6b6435d0,23,23
8bd8378e-bba3-11e8-b2b9-ac1f6b6435d0,25 18,18
8bdaeab0-bb9e-11e8-b2b9-ac1f6b6435d0,6 2,2 6
8bdbe994-bbab-11e8-b2ba-ac1f6b6435d0,25 0,0 25
8bddb0a2-bbca-11e8-b2bc-ac1f6b6435d0,22,21
8be36c80-bba3-11e8-b2b9-ac1f6b6435d0,1 0,0 1
8be51640-bba1-11e8-b2b9-ac1f6b6435d0,25 7 0,0 7 25
8be694c4-bba7-11e8-b2ba-ac1f6b6435d0,2,2
8be76b04-bbc7-11e8-b2bc-ac1f6b6435d0,7,7
8beaf51a-bbbf-11e8-b2bb-ac1f6b6435d0,25 0,0
8beb1f9c-bbbd-11e8-b2ba-ac1f6b6435d0,25 4,4 25
8bed20cc-bbad-11e8-b2ba-ac1f6b6435d0,22 13,6 22
8bed2d1e-bbc7-11e8-b2bc-ac1f6b6435d0,12,12
8bed641a-bbc1-11e8-b2bb-ac1f6b6435d0,1,1
8bf0145c-bba9-11e8-b2ba-ac1f6b6435d0,2 0,0 2
8bf76580-bba0-11e8-b2b9-ac1f6b6435d0,7,7
8bf9cda6-bbc9-11e8-b2bc-ac1f6b6435d0,7 1 2,1 2 7
8bfa2a2e-bb99-11e8-b2b9-ac1f6b6435d0,7,0 25
8bfe5f50-bbca-11e8-b2bc-ac1f6b6435d0,18 0,0 11 24
8bfffe16-bbaf-11e8-b2ba-ac1f6b6435d0,19,19
8c012dd2-bba9-11e8-b2ba-ac1f6b6435d0,25 0,0 5 25
8c029f5c-bbbb-11e8-b2ba-ac1f6b6435d0,7 0,0 7
8c02aa00-bba8-11e8-b2ba-ac1f6b6435d0,4,4
8c05bf68-bba5-11e8-b2ba-ac1f6b6435d0,26,26
8c08efa2-bbc4-11e8-b2bc-ac1f6b6435d0,7 2,0 2
8c0a3422-bbb8-11e8-b2ba-ac1f6b6435d0,25,25
8c0f8918-bb9a-11e8-b2b9-ac1f6b6435d0,4,4 25
8c164150-bbbc-11e8-b2ba-ac1f6b6435d0,25,25
8c16e414-bb9b-11e8-b2b9-ac1f6b6435d0,0,0
8c1868f8-bb9a-11e8-b2b9-ac1f6b6435d0,23,23
8c193218-bba6-11e8-b2ba-ac1f6b6435d0,7,7
8c19f636-bba0-11e8-b2b9-ac1f6b6435d0,25,25
8c1ae196-bba9-11e8-b2ba-ac1f6b6435d0,25,14
8c1f38be-bb9e-11e8-b2b9-ac1f6b6435d0,3 0,0 3
8c21e290-bbc0-11e8-b2bb-ac1f6b6435d0,2,2
8c2236a0-bbac-11e8-b2ba-ac1f6b6435d0,6 9 10,9 10
8c229638-bbaf-11e8-b2ba-ac1f6b6435d0,23 0,0 23
8c23aec6-bbad-11e8-b2ba-ac1f6b6435d0,11,23
8c2603ba-bbad-11e8-b2ba-ac1f6b6435d0,13,13
8c27971e-bbaf-11e8-b2ba-ac1f6b6435d0,7,7
8c27d38e-bb99-11e8-b2b9-ac1f6b6435d0,25 0,0
8c2a5454-bba0-11e8-b2b9-ac1f6b6435d0,2 0,2
8c2ab67a-bbc7-11e8-b2bc-ac1f6b6435d0,0,0
8c2e6984-bba7-11e8-b2ba-ac1f6b6435d0,6,6
8c2f0236-bbb1-11e8-b2ba-ac1f6b6435d0,14 0,0 14 16 17
8c35e3b4-bbb9-11e8-b2ba-ac1f6b6435d0,25 0,0
8c388d9e-bbb4-11e8-b2ba-ac1f6b6435d0,23,23
8c3a68f4-bba4-11e8-b2b9-ac1f6b6435d0,2 0,0 2 5
8c3bf320-bbab-11e8-b2ba-ac1f6b6435d0,25 7 0,0 7
8c3c04e6-bbc4-11e8-b2bc-ac1f6b6435d0,3,0 3
8c3c259c-bbb6-11e8-b2ba-ac1f6b6435d0,5,5
8c3c91d2-bbaa-11e8-b2ba-ac1f6b6435d0,14 0,0 14
8c402b46-bba8-11e8-b2ba-ac1f6b6435d0,18,19 25
8c412054-bb9a-11e8-b2b9-ac1f6b6435d0,25 21,21
8c426f0a-bba8-11e8-b2ba-ac1f6b6435d0,14,14 17 25
8c42d022-bbb6-11e8-b2ba-ac1f6b6435d0,25 0,0 25
8c48dbf8-bbc4-11e8-b2bc-ac1f6b6435d0,26 25,25 26
8c49d2dc-bbca-11e8-b2bc-ac1f6b6435d0,23,23
8c4b1634-bbb5-11e8-b2ba-ac1f6b6435d0,7,7
8c4b5642-bbb7-11e8-b2ba-ac1f6b6435d0,0,0 19
8c4c2958-bbc8-11e8-b2bc-ac1f6b6435d0,21,25
8c4c77b8-bb9c-11e8-b2b9-ac1f6b6435d0,18,7
8c4d2d94-bba5-11e8-b2ba-ac1f6b6435d0,6 3,3 25
8c4d3d88-bbc4-11e8-b2bc-ac1f6b6435d0,2,0 2
8c558622-bba7-11e8-b2ba-ac1f6b6435d0,25 7 1 0,0 1 7 25
8c55b926-bba7-11e8-b2ba-ac1f6b6435d0,2 0,0 2
8c5c11b0-bbaa-11e8-b2ba-ac1f6b6435d0,25 0,0 25
8c5f61fa-bba3-11e8-b2b9-ac1f6b6435d0,3,3
8c5f71ca-bbc8-11e8-b2bc-ac1f6b6435d0,14,14
8c607f34-bbaf-11e8-b2ba-ac1f6b6435d0,13,23
8c6223b2-bbbd-11e8-b2ba-ac1f6b6435d0,25 1 21,21 25
8c668e80-bbc6-11e8-b2bc-ac1f6b6435d0,7 0,0 7
8c683d82-bbaa-11e8-b2ba-ac1f6b6435d0,25 6 2,2 25
8c68b864-bba7-11e8-b2ba-ac1f6b6435d0,2,2
8c6f0ccc-bbbc-11e8-b2ba-ac1f6b6435d0,1 0,0 1
8c7098fc-bbb8-11e8-b2ba-ac1f6b6435d0,24 11,11 24
8c74579c-bbab-11e8-b2ba-ac1f6b6435d0,14,14
8c7745e0-bbc1-11e8-b2bb-ac1f6b6435d0,6,6
8c794caa-bbc1-11e8-b2bb-ac1f6b6435d0,16 14,14
8c7a1140-bba7-11e8-b2ba-ac1f6b6435d0,0,0
8c7fb71a-bba4-11e8-b2b9-ac1f6b6435d0,25 3 0,0 25
8c85ea40-bbae-11e8-b2ba-ac1f6b6435d0,0,5
8c868606-bbab-11e8-b2ba-ac1f6b6435d0,6,6
8c879ada-bba8-11e8-b2ba-ac1f6b6435d0,22 0,0 22
8c87d132-bba6-11e8-b2ba-ac1f6b6435d0,25,25
8c88cd5c-bbbb-11e8-b2ba-ac1f6b6435d0,14,14
8c8a3844-bb9e-11e8-b2b9-ac1f6b6435d0,0,0
8c8a528c-bba5-11e8-b2ba-ac1f6b6435d0,7 4,0 7 25
8c8ce458-bba9-11e8-b2ba-ac1f6b6435d0,0,0 1 2
8c8e5b8a-bbc2-11e8-b2bb-ac1f6b6435d0,2 0,0 2
8c95b5f4-bbc9-11e8-b2bc-ac1f6b6435d0,21,21
8c9e5186-bbac-11e8-b2ba-ac1f6b6435d0,19 25,23
8c9ec18a-bbc9-11e8-b2bc-ac1f6b6435d0,14,2 14
8ca23ba6-bbc6-11e8-b2bc-ac1f6b6435d0,19 0,0 19
8ca40cf8-bba6-11e8-b2ba-ac1f6b6435d0,18,16 17 18
8ca50a54-bbb5-11e8-b2ba-ac1f6b6435d0,23,23
8ca5d416-bbc9-11e8-b2bc-ac1f6b6435d0,3 0,0 3
8ca60834-bbb3-11e8-b2ba-ac1f6b6435d0,14,14
8ca82bfc-bbca-11e8-b2bc-ac1f6b6435d0,1,1
8ca8fd4c-bba3-11e8-b2b9-ac1f6b6435d0,25 5,5 25
8ca92dce-bbb9-11e8-b2ba-ac1f6b6435d0,25 0,0 25
8caab8a8-bb9e-11e8-b2b9-ac1f6b6435d0,25 5,5 25
8caf1778-bbc0-11e8-b2bb-ac1f6b6435d0,0,0 5
8cb20262-bbca-11e8-b2bc-ac1f6b6435d0,21,0 21
8cb2cd3e-bb9b-11e8-b2b9-ac1f6b6435d0,2,2
8cb3fafa-bbab-11e8-b2ba-ac1f6b6435d0,14,14
8cb3fd2e-bbac-11e8-b2ba-ac1f6b6435d0,7,19
8cb51f94-bba0-11e8-b2b9-ac1f6b6435d0,11 2,2 14
8cbea5ca-bbc6-11e8-b2bc-ac1f6b6435d0,18,18
8ccb743a-bbb2-11e8-b2ba-ac1f6b6435d0,25 0 21,0 18 21
8cccdb20-bbb9-11e8-b2ba-ac1f6b6435d0,4,5
8ccd0fe4-bba2-11e8-b2b9-ac1f6b6435d0,22 0,0 22
8ccda20c-bbab-11e8-b2ba-ac1f6b6435d0,23,23
8cceba88-bba2-11e8-b2b9-ac1f6b6435d0,0,0
8ccf46c4-bbb1-11e8-b2ba-ac1f6b6435d0,25 0,0 25
8cd400e8-bbab-11e8-b2ba-ac1f6b6435d0,25 0,0 21
8cd4c6e0-bbc4-11e8-b2bc-ac1f6b6435d0,25 11,11
8cd6703e-bb9d-11e8-b2b9-ac1f6b6435d0,25 23 21,6 23
8cd67266-bbbe-11e8-b2ba-ac1f6b6435d0,12 13,13
8cd821be-bba1-11e8-b2b9-ac1f6b6435d0,5 2 0,0 2 21
8cd84a42-bbae-11e8-b2ba-ac1f6b6435d0,25 11 14,11 14 21
8cd93e22-bbc0-11e8-b2bb-ac1f6b6435d0,7,7
8cda77a8-bbaf-11e8-b2ba-ac1f6b6435d0,25 5,2 21
8cdc3a94-bba9-11e8-b2ba-ac1f6b6435d0,25 3,25
8cdd3b0c-bb99-11e8-b2b9-ac1f6b6435d0,25,21 25
8cdd3cba-bba8-11e8-b2ba-ac1f6b6435d0,7 0,7
8cde2c9e-bbc9-11e8-b2bc-ac1f6b6435d0,7,7
8cdf2da8-bbb8-11e8-b2ba-ac1f6b6435d0,0 21,21 22
8ce12374-bba9-11e8-b2ba-ac1f6b6435d0,18,18
8ce2b440-bbb9-11e8-b2ba-ac1f6b6435d0,25 0,0 25
8ce3c0ea-bbc0-11e8-b2bb-ac1f6b6435d0,5,5
8ce5eee4-bba5-11e8-b2ba-ac1f6b6435d0,1,1
8ce9862c-bbc7-11e8-b2bc-ac1f6b6435d0,26,26
8ceaa4ba-bbc9-11e8-b2bc-ac1f6b6435d0,25 2,2 25
8ceab21a-bbc0-11e8-b2bb-ac1f6b6435d0,22 25 0,0 25
8ceebd08-bbb4-11e8-b2ba-ac1f6b6435d0,4,4
8cf45180-bbb6-11e8-b2ba-ac1f6b6435d0,16 14 0,0 14
8cf47e62-bba2-11e8-b2b9-ac1f6b6435d0,7,7
8cf78846-bbc5-11e8-b2bc-ac1f6b6435d0,25 7,7 25
8cf867ce-bbb2-11e8-b2ba-ac1f6b6435d0,26 0,0 26
8cfb347c-bb99-11e8-b2b9-ac1f6b6435d0,25 21,25
8cfbea02-bbbc-11e8-b2ba-ac1f6b6435d0,25 23 0,0 23 25
8cfd960e-bbbc-11e8-b2ba-ac1f6b6435d0,26 25,3 25
8cfdd102-bbc9-11e8-b2bc-ac1f6b6435d0,25 0,0 25
8cfee330-bba1-11e8-b2b9-ac1f6b6435d0,7 0,0 7
8cff4924-bb9c-11e8-b2b9-ac1f6b6435d0,0,0
8cffc1b6-bbaf-11e8-b2ba-ac1f6b6435d0,23 0,0 23
8d0123b4-bbb7-11e8-b2ba-ac1f6b6435d0,0,0 25
8d012996-bba7-11e8-b2ba-ac1f6b6435d0,21,21
8d02be76-bbbd-11e8-b2ba-ac1f6b6435d0,4,0
8d02d582-bbbd-11e8-b2ba-ac1f6b6435d0,2 0,0 2
8d039c06-bba4-11e8-b2b9-ac1f6b6435d0,13 21,13
8d0588c8-bbb2-11e8-b2ba-ac1f6b6435d0,12,12
8d066aca-bba5-11e8-b2ba-ac1f6b6435d0,1 0 21,0 1 21 25
8d06bbe8-bbbd-11e8-b2ba-ac1f6b6435d0,23 0,0 23
8d06d6ec-bbc1-11e8-b2bb-ac1f6b6435d0,2,2
8d0861f0-bba4-11e8-b2b9-ac1f6b6435d0,23,23
8d088e00-bbc2-11e8-b2bb-ac1f6b6435d0,25 0,0 14 16
8d0a8f62-bbb2-11e8-b2ba-ac1f6b6435d0,2 8,2 8
8d11af14-bbb1-11e8-b2ba-ac1f6b6435d0,25 5 21,21 25
8d11c1fa-bba9-11e8-b2ba-ac1f6b6435d0,4,2 4
8d1222cc-bbb2-11e8-b2ba-ac1f6b6435d0,2,2
8d1462c0-bba4-11e8-b2b9-ac1f6b6435d0,7,7 21
8d15f4b6-bbc0-11e8-b2bb-ac1f6b6435d0,25 2 0,2 23
8d1823dc-bbc8-11e8-b2bc-ac1f6b6435d0,25 18,18
8d1c431e-bbc2-11e8-b2bb-ac1f6b6435d0,1,1
8d1dee46-bb9d-11e8-b2b9-ac1f6b6435d0,26,4
8d1e07c2-bbb2-11e8-b2ba-ac1f6b6435d0,14,25
8d2260ae-bbbe-11e8-b2ba-ac1f6b6435d0,25 3 0,0 3 25
8d229e72-bba3-11e8-b2b9-ac1f6b6435d0,4,4
8d2470e4-bba8-11e8-b2ba-ac1f6b6435d0,25 0,20
8d264fba-bba6-11e8-b2ba-ac1f6b6435d0,11,11
8d28fb26-bba0-11e8-b2b9-ac1f6b6435d0,21,19 21 25
8d2b7a94-bbc9-11e8-b2bc-ac1f6b6435d0,25 7,7 25
8d2bda4a-bbc2-11e8-b2bb-ac1f6b6435d0,5,23
8d32d764-bba9-11e8-b2ba-ac1f6b6435d0,25 0,0 25
8d35b6b6-bba7-11e8-b2ba-ac1f6b6435d0,6,6
8d37a372-bbca-11e8-b2bc-ac1f6b6435d0,7 0,0 7
8d3b118c-bbb7-11e8-b2ba-ac1f6b6435d0,25 2,2
8d3d35da-bbbb-11e8-b2ba-ac1f6b6435d0,3,3
8d40940c-bbaa-11e8-b2ba-ac1f6b6435d0,25 6,0 25
8d40ce1e-bbb3-11e8-b2ba-ac1f6b6435d0,21,25
8d41bc78-bb9c-11e8-b2b9-ac1f6b6435d0,25 21,0 21
8d426358-bbb0-11e8-b2ba-ac1f6b6435d0,23 0,0 23
8d431d24-bbbb-11e8-b2ba-ac1f6b6435d0,7 0,0 7
8d4ac636-bbc6-11e8-b2bc-ac1f6b6435d0,13,13
8d4b34d2-bbb1-11e8-b2ba-ac1f6b6435d0,23,23
8d4c860a-bbb3-11e8-b2ba-ac1f6b6435d0,25 0,0 25
8d4d56da-bbb7-11e8-b2ba-ac1f6b6435d0,2 0,0 2
8d517934-bbc3-11e8-b2bc-ac1f6b6435d0,25 2,2 25
8d53bf08-bbb1-11e8-b2ba-ac1f6b6435d0,23,0 23
8d56f262-bba3-11e8-b2b9-ac1f6b6435d0,7,7
8d5a986a-bbc4-11e8-b2bc-ac1f6b6435d0,25,25
8d5a9dfc-bba0-11e8-b2b9-ac1f6b6435d0,4,4
8d5c19d6-bba3-11e8-b2b9-ac1f6b6435d0,25 2,2 25
8d5d88d2-bba5-11e8-b2ba-ac1f6b6435d0,5 0,4
8d5fb708-bbb7-11e8-b2ba-ac1f6b6435d0,2 0,0 2
8d5fc100-bbbf-11e8-b2bb-ac1f6b6435d0,4,4
8d60b3ac-bb9d-11e8-b2b9-ac1f6b6435d0,0,0
8d636688-bbb6-11e8-b2ba-ac1f6b6435d0,25,25
8d643a86-bbb6-11e8-b2ba-ac1f6b6435d0,18,18
8d6602d0-bbca-11e8-b2bc-ac1f6b6435d0,13,13 21
8d673686-bba8-11e8-b2ba-ac1f6b6435d0,25 0,0 25
8d67ba0e-bbba-11e8-b2ba-ac1f6b6435d0,7,7
8d6c1b06-bbc1-11e8-b2bb-ac1f6b6435d0,1 2,0 25
8d6c1dde-bbaa-11e8-b2ba-ac1f6b6435d0,16 2 0,0 2
8d6d73fc-bb9e-11e8-b2b9-ac1f6b6435d0,25 0,0 25
8d70fad4-bbc8-11e8-b2bc-ac1f6b6435d0,0,0
8d72607c-bba5-11e8-b2ba-ac1f6b6435d0,4,4
8d74237a-bbba-11e8-b2ba-ac1f6b6435d0,7 0,0 7
8d74599c-bb9e-11e8-b2b9-ac1f6b6435d0,21,6
8d7618d0-bb9f-11e8-b2b9-ac1f6b6435d0,25 0,0 21 25
8d764d84-bbca-11e8-b2bc-ac1f6b6435d0,19,19
8d7a13e4-bbbe-11e8-b2ba-ac1f6b6435d0,21,21
8d7ad9ba-bbb3-11e8-b2ba-ac1f6b6435d0,19,18 19
8d7d92a0-bbb2-11e8-b2ba-ac1f6b6435d0,25 21,25
8d7f9cc0-bbae-11e8-b2ba-ac1f6b6435d0,22 25 0,0 22 25
8d830db2-bba2-11e8-b2b9-ac1f6b6435d0,22 2 0,0 2
8d83436c-bbbc-11e8-b2ba-ac1f6b6435d0,2,2
8d86a91a-bba5-11e8-b2ba-ac1f6b6435d0,25 11 2 0,0 3 11
8d88c084-bbb8-11e8-b2ba-ac1f6b6435d0,4,5
8d8a7f34-bba7-11e8-b2ba-ac1f6b6435d0,25 0,0 25
8d8b32e0-bbb0-11e8-b2ba-ac1f6b6435d0,0,0 25
8d8dedee-bba8-11e8-b2ba-ac1f6b6435d0,0,0
8d906f58-bbb0-11e8-b2ba-ac1f6b6435d0,0,0 25
8d933d32-bbbf-11e8-b2bb-ac1f6b6435d0,7 1 0,0 7
8d94cde6-bbb5-11e8-b2ba-ac1f6b6435d0,0,0 25
8d96b450-bbc2-11e8-b2bb-ac1f6b6435d0,3,3
8da2b354-bbae-11e8-b2ba-ac1f6b6435d0,19 0,0 19
8da54114-bbc2-11e8-b2bb-ac1f6b6435d0,25 5 0,5 25
8da6db58-bbba-11e8-b2ba-ac1f6b6435d0,23 0,0 23
8da6dc64-bb99-11e8-b2b9-ac1f6b6435d0,2 0,0 2
8da7bd28-bb9e-11e8-b2b9-ac1f6b6435d0,11,11
8da7db96-bbc6-11e8-b2bc-ac1f6b6435d0,23,0 23
8daa0d2c-bbb1-11e8-b2ba-ac1f6b6435d0,25 2,0 25
8daa2a78-bbac-11e8-b2ba-ac1f6b6435d0,13 0,0 5 25
8daac542-bba6-11e8-b2ba-ac1f6b6435d0,23,23
8dabbd6a-bba3-11e8-b2b9-ac1f6b6435d0,19 7 0,0 7
8dacec52-bbb8-11e8-b2ba-ac1f6b6435d0,25 2,2
8dadea66-bbb4-11e8-b2ba-ac1f6b6435d0,11,11
8daf6114-bb9d-11e8-b2b9-ac1f6b6435d0,6 5,5 6 25
8db316b4-bba3-11e8-b2b9-ac1f6b6435d0,25 5,0 25
8db350c8-bbc8-11e8-b2bc-ac1f6b6435d0,13 0 21,0 13 21
8db9fa4c-bbb7-11e8-b2ba-ac1f6b6435d0,0,0
8dbd4e38-bb9c-11e8-b2b9-ac1f6b6435d0,0,0
8dc146ce-bbb9-11e8-b2ba-ac1f6b6435d0,25 3,3 21 25
8dc1c59e-bbab-11e8-b2ba-ac1f6b6435d0,3 0,3
8dc48fe4-bbb6-11e8-b2ba-ac1f6b6435d0,5,0
8dc4e71e-bbca-11e8-b2bc-ac1f6b6435d0,11,11
8dc58a02-bbca-11e8-b2bc-ac1f6b6435d0,23,23
8dc9534a-bbc4-11e8-b2bc-ac1f6b6435d0,25 4,4
8dcc662c-bba4-11e8-b2b9-ac1f6b6435d0,25 21,21 25
8dce30ae-bbbf-11e8-b2bb-ac1f6b6435d0,25 0,0 25
8dd60862-bbbd-11e8-b2ba-ac1f6b6435d0,0,0
8dd64d4a-bb9a-11e8-b2b9-ac1f6b6435d0,25 0,0 25
8dd7ef28-bba5-11e8-b2ba-ac1f6b6435d0,25 18 21,18 25
8ddc608a-bbb4-11e8-b2ba-ac1f6b6435d0,25 17,17 25
8de2e83a-bbb2-11e8-b2ba-ac1f6b6435d0,24 11,24
8de3791c-bbc1-11e8-b2bb-ac1f6b6435d0,23,0 25
8de58a8a-bbae-11e8-b2ba-ac1f6b6435d0,6,1 6
8de58e6a-bbb6-11e8-b2ba-ac1f6b6435d0,0,0
8de64cf4-bbc2-11e8-b2bb-ac1f6b6435d0,21,21
8de7264c-bba4-11e8-b2b9-ac1f6b6435d0,25 7,20 23
8de81a32-bbb0-11e8-b2ba-ac1f6b6435d0,0,0
8debd0ba-bbaf-11e8-b2ba-ac1f6b6435d0,3 0,0 2
8df3fdba-bbac-11e8-b2ba-ac1f6b6435d0,7,7
8df556a8-bbaf-11e8-b2ba-ac1f6b6435d0,23 2 21,2 21 23
8df58612-bbb6-11e8-b2ba-ac1f6b6435d0,1,1
8df69686-bb9f-11e8-b2b9-ac1f6b6435d0,13 18,20
8dfa8d9c-bbca-11e8-b2bc-ac1f6b6435d0,11,11
8dfaf31a-bba5-11e8-b2ba-ac1f6b6435d0,12,12
8dfb946a-bbb3-11e8-b2ba-ac1f6b6435d0,2,5
8dfe5baa-bbae-11e8-b2ba-ac1f6b6435d0,25 0,0 25
8e046d9a-bbb0-11e8-b2ba-ac1f6b6435d0,25 5,5
8e06fa80-bbbd-11e8-b2ba-ac1f6b6435d0,4,0 21
8e071770-bbc4-11e8-b2bc-ac1f6b6435d0,18,19 24
8e0a1a98-bba5-11e8-b2ba-ac1f6b6435d0,0,4
8e105c70-bba8-11e8-b2ba-ac1f6b6435d0,7,7
8e14014a-bbb7-11e8-b2ba-ac1f6b6435d0,19 25,23
8e14599e-bbb0-11e8-b2ba-ac1f6b6435d0,7,0
8e16de00-bbae-11e8-b2ba-ac1f6b6435d0,21,21
8e1918c4-bba3-11e8-b2b9-ac1f6b6435d0,23,11 25
8e192738-bbb2-11e8-b2ba-ac1f6b6435d0,0 21,0 25
8e1a1994-bbbd-11e8-b2ba-ac1f6b6435d0,7,7
8e1a8a78-bbb8-11e8-b2ba-ac1f6b6435d0,25 4 21,4 21
8e1a9714-bbbf-11e8-b2bb-ac1f6b6435d0,7 3 0,0 3
8e1ad4c6-bbc5-11e8-b2bc-ac1f6b6435d0,25 0,0 25
8e1dd748-bba2-11e8-b2b9-ac1f6b6435d0,25 18,18 19 25
8e1f5b9e-bba3-11e8-b2b9-ac1f6b6435d0,0,0
8e2579ca-bba8-11e8-b2ba-ac1f6b6435d0,7,7
8e258b20-bbc8-11e8-b2bc-ac1f6b6435d0,16 14 17 0,16 17
8e261010-bbc1-11e8-b2bb-ac1f6b6435d0,23 0,0 23
8e26db5e-bbc5-11e8-b2bc-ac1f6b6435d0,25 11,25
8e2962fa-bba4-11e8-b2b9-ac1f6b6435d0,25 2 0,0 2 25
8e2aa0cc-bbc5-11e8-b2bc-ac1f6b6435d0,25 1 0,0 1 25
8e2bf944-bbc6-11e8-b2bc-ac1f6b6435d0,7 0,0 7
8e2cbd14-bbb4-11e8-b2ba-ac1f6b6435d0,11,11
8e2d76c6-bbac-11e8-b2ba-ac1f6b6435d0,7,21
8e2e6778-bbae-11e8-b2ba-ac1f6b6435d0,19,19
8e2f2544-bbba-11e8-b2ba-ac1f6b6435d0,0,0 14
8e2fe15c-bbc2-11e8-b2bb-ac1f6b6435d0,3,3
8e35fb82-bbc7-11e8-b2bc-ac1f6b6435d0,11,11
8e36e920-bbb3-11e8-b2ba-ac1f6b6435d0,13,25
8e3ce078-bbbd-11e8-b2ba-ac1f6b6435d0,25 0,0 25
8e3d3946-bbb4-11e8-b2ba-ac1f6b6435d0,11,26
8e3d5dae-bbc8-11e8-b2bc-ac1f6b6435d0,0,0
8e3e33ee-bb9d-11e8-b2b9-ac1f6b6435d0,2,2
8e3e8882-bbc3-11e8-b2bc-ac1f6b6435d0,23 21,6 23
8e441d78-bbbf-11e8-b2bb-ac1f6b6435d0,16 17 0,0 2
8e48627a-bbc9-11e8-b2bc-ac1f6b6435d0,7,7
8e491bde-bbc4-11e8-b2bc-ac1f6b6435d0,4,4
8e49b97c-bbc9-11e8-b2bc-ac1f6b6435d0,25 21,0
8e4ab438-bbbc-11e8-b2ba-ac1f6b6435d0,0,0
8e4dd4ae-bbaf-11e8-b2ba-ac1f6b6435d0,25 4,2 4
8e4e23d8-bb9a-11e8-b2b9-ac1f6b6435d0,2 21,2 21
8e537e08-bbc4-11e8-b2bc-ac1f6b6435d0,13,13
8e53cbe8-bbbe-11e8-b2ba-ac1f6b6435d0,11 2,0 2 11
8e53e680-bbca-11e8-b2bc-ac1f6b6435d0,23,23
8e5797f8-bbac-11e8-b2ba-ac1f6b6435d0,14 5,5 14
8e5bbef0-bbbb-11e8-b2ba-ac1f6b6435d0,2 0,0 2
8e5be1a2-bbaa-11e8-b2ba-ac1f6b6435d0,26 0,0 26
8e5f9906-bb9a-11e8-b2b9-ac1f6b6435d0,5,0 3
8e5fe1ba-bba2-11e8-b2b9-ac1f6b6435d0,25 1 0,0 1 25
8e603bd8-bba7-11e8-b2ba-ac1f6b6435d0,2,0 2
8e67ea20-bbb3-11e8-b2ba-ac1f6b6435d0,7 0,0 7
8e723cea-bbbe-11e8-b2ba-ac1f6b6435d0,1 0,0 1
8e737592-bba5-11e8-b2ba-ac1f6b6435d0,7 0,0 7
8e74165a-bbaa-11e8-b2ba-ac1f6b6435d0,25 1 0,0 1
8e778290-bbc3-11e8-b2bc-ac1f6b6435d0,25 0,0 25
8e7867aa-bbbe-11e8-b2ba-ac1f6b6435d0,25,25
8e78b0cc-bbc1-11e8-b2bb-ac1f6b6435d0,0 21,0 21
8e7aa8ca-bbb0-11e8-b2ba-ac1f6b6435d0,0,0
8e7b085c-bbc3-11e8-b2bc-ac1f6b6435d0,23,23
8e7b6e30-bbca-11e8-b2bc-ac1f6b6435d0,25 0,0 25
8e7c2d9c-bb99-11e8-b2b9-ac1f6b6435d0,0,0
8e7d9566-bba7-11e8-b2ba-ac1f6b6435d0,25,25
8e7ffd1e-bbad-11e8-b2ba-ac1f6b6435d0,0,0
8e80403c-bb9c-11e8-b2b9-ac1f6b6435d0,22,7
8e81bd84-bbb7-11e8-b2ba-ac1f6b6435d0,19 25 0,0 19 21 25
8e82e8da-bb9e-11e8-b2b9-ac1f6b6435d0,21,21
8e83629e-bbba-11e8-b2ba-ac1f6b6435d0,25 0,25
8e8547fa-bb9f-11e8-b2b9-ac1f6b6435d0,5 0,0 5
8e875cd6-bba7-11e8-b2ba-ac1f6b6435d0,2 0,0 2
8e8c11f8-bbad-11e8-b2ba-ac1f6b6435d0,23,23
8e8c4c7a-bbb9-11e8-b2ba-ac1f6b6435d0,25,25
8e8c7116-bbc1-11e8-b2bb-ac1f6b6435d0,5,5
8e8cb5b8-bbc6-11e8-b2bc-ac1f6b6435d0,25,0
8e8d93ba-bbb3-11e8-b2ba-ac1f6b6435d0,12 21,12
8e8e1216-bbc9-11e8-b2bc-ac1f6b6435d0,25 7 0,0 7
8e92162e-bbc7-11e8-b2bc-ac1f6b6435d0,3 0,0
8e93e800-bbae-11e8-b2ba-ac1f6b6435d0,19,19
8e94e332-bbb2-11e8-b2ba-ac1f6b6435d0,25 5,7
8e94eb98-bbbc-11e8-b2ba-ac1f6b6435d0,23 2,2 23
8e96eb2e-bbac-11e8-b2ba-ac1f6b6435d0,23,5 23
8e9797e2-bbc3-11e8-b2bc-ac1f6b6435d0,23,23
8e98439c-bbb2-11e8-b2ba-ac1f6b6435d0,25 4,4 25
8e998b50-bbb0-11e8-b2ba-ac1f6b6435d0,23 5 3,0 23
8e9acccc-bbba-11e8-b2ba-ac1f6b6435d0,1 0,0 1
8e9b3a24-bb9a-11e8-b2b9-ac1f6b6435d0,25 5 21,0 5 25
8e9eb576-bbbf-11e8-b2bb-ac1f6b6435d0,23 1 0,1 23
8e9eccaa-bba6-11e8-b2ba-ac1f6b6435d0,3 0,0 3
8e9fcd9c-bbb7-11e8-b2ba-ac1f6b6435d0,25 0,5 25
8e9fcfca-bbaa-11e8-b2ba-ac1f6b6435d0,2 0,0 2
8ea8577a-bbb5-11e8-b2ba-ac1f6b6435d0,25 0,0 25
8ea897ca-bbc0-11e8-b2bb-ac1f6b6435d0,21,21
8eabfce6-bbaf-11e8-b2ba-ac1f6b6435d0,7,7
8eb36fe4-bb9b-11e8-b2b9-ac1f6b6435d0,25 3,3 25
8eb60172-bbab-11e8-b2ba-ac1f6b6435d0,21,25
8eb8df56-bbb4-11e8-b2ba-ac1f6b6435d0,7 2 0,0 2 7
8ebb0838-bbc0-11e8-b2bb-ac1f6b6435d0,2 0,0 2
8ebf7110-bbb7-11e8-b2ba-ac1f6b6435d0,21,21
8ec004a4-bbb7-11e8-b2ba-ac1f6b6435d0,5,0 5
8ec0a314-bbbc-11e8-b2ba-ac1f6b6435d0,11 0,0 21
8ec3411e-bbbc-11e8-b2ba-ac1f6b6435d0,5 0,0 5
8ec3507e-bb9d-11e8-b2b9-ac1f6b6435d0,25 0,0 25
8ec3bd7e-bbb7-11e8-b2ba-ac1f6b6435d0,23 0,23
8ec4cfd8-bbbd-11e8-b2ba-ac1f6b6435d0,6,25
8ec52120-bb9c-11e8-b2b9-ac1f6b6435d0,25 4,14 25
8ecb7028-bbc1-11e8-b2bb-ac1f6b6435d0,6 20,6
8ecbd3e0-bbb4-11e8-b2ba-ac1f6b6435d0,23 2,2 23
8eccc74a-bbc4-11e8-b2bc-ac1f6b6435d0,2,2
8ece6468-bbb2-11e8-b2ba-ac1f6b6435d0,0,0
8eced6c2-bbc7-11e8-b2bc-ac1f6b6435d0,25 11,11
8ecf93ae-bbb9-11e8-b2ba-ac1f6b6435d0,16 14,14 16
8ed16f62-bb9b-11e8-b2b9-ac1f6b6435d0,25 14,14 21
8ed20d82-bbc8-11e8-b2bc-ac1f6b6435d0,5,0
8ed664e2-bb9e-11e8-b2b9-ac1f6b6435d0,2,0 2
8ed85288-bbbd-11e8-b2ba-ac1f6b6435d0,0,0
8edab0d2-bb9a-11e8-b2b9-ac1f6b6435d0,14,14
8edc9fc4-bbb7-11e8-b2ba-ac1f6b6435d0,23,23
8edda504-bbbc-11e8-b2ba-ac1f6b6435d0,23,23
8eddf9be-bba3-11e8-b2b9-ac1f6b6435d0,5,5
8ee19160-bba2-11e8-b2b9-ac1f6b6435d0,7 0,0 7
8ee2c30c-bba0-11e8-b2b9-ac1f6b6435d0,2,0 2
8ee2e60e-bbad-11e8-b2ba-ac1f6b6435d0,25,0 25
8ee44f44-bb99-11e8-b2b9-ac1f6b6435d0,23 1,6 23
8ee5ea8e-bbbc-11e8-b2ba-ac1f6b6435d0,21,0 25
8ee71e2e-bbb0-11e8-b2ba-ac1f6b6435d0,7,7
8ee7fdc8-bbbd-11e8-b2ba-ac1f6b6435d0,25 11 0,0 11 25
8ee844a8-bbc3-11e8-b2bc-ac1f6b6435d0,25 0,0 5
8eea19ae-bbaa-11e8-b2ba-ac1f6b6435d0,24 4,4
8eea2a3e-bbaf-11e8-b2ba-ac1f6b6435d0,19 25,25
8eeb6d4a-bba5-11e8-b2ba-ac1f6b6435d0,0,0
8eedb3c6-bb9a-11e8-b2b9-ac1f6b6435d0,25 3,3 25
8ef50112-bbc2-11e8-b2bb-ac1f6b6435d0,23 2 0,0 23
8efaf62c-bba3-11e8-b2b9-ac1f6b6435d0,25 0,0 25
8efccb00-bbbc-11e8-b2ba-ac1f6b6435d0,2 0,0
8f02d01c-bbb3-11e8-b2ba-ac1f6b6435d0,0,0
8f056d8c-bb9e-11e8-b2b9-ac1f6b6435d0,0,0
8f072f68-bbb8-11e8-b2ba-ac1f6b6435d0,6 2 0,2 6
8f07df34-bba0-11e8-b2b9-ac1f6b6435d0,25 0,0
8f0d6b20-bbbe-11e8-b2ba-ac1f6b6435d0,2,2
8f0d8ac2-bbca-11e8-b2bc-ac1f6b6435d0,7,7
8f0e4958-bbbb-11e8-b2ba-ac1f6b6435d0,5,5
8f11e03e-bb9a-11e8-b2b9-ac1f6b6435d0,25 7,18 25
8f139828-bba6-11e8-b2ba-ac1f6b6435d0,3,3
8f176394-bba2-11e8-b2b9-ac1f6b6435d0,23,23
8f17b5f4-bbae-11e8-b2ba-ac1f6b6435d0,2 21,2 25
8f19e0f8-bbaf-11e8-b2ba-ac1f6b6435d0,2,2
8f1a2a98-bbca-11e8-b2bc-ac1f6b6435d0,23,23
8f1aabce-bbb8-11e8-b2ba-ac1f6b6435d0,19,19
8f1d752a-bbb3-11e8-b2ba-ac1f6b6435d0,25 0,0
8f1f9584-bbbe-11e8-b2ba-ac1f6b6435d0,23 2,2 23
8f2161c8-bbca-11e8-b2bc-ac1f6b6435d0,11,11
8f244b8e-bba9-11e8-b2ba-ac1f6b6435d0,21,25
8f25f80a-bb9d-11e8-b2b9-ac1f6b6435d0,7,7 25
8f26589e-bbad-11e8-b2ba-ac1f6b6435d0,23 0,0 23
8f272a64-bbc4-11e8-b2bc-ac1f6b6435d0,25 3 0,0 3 25
8f27d718-bba4-11e8-b2b9-ac1f6b6435d0,2 0,0
8f2980e4-bbaf-11e8-b2ba-ac1f6b6435d0,0,0
8f2ae78e-bbb1-11e8-b2ba-ac1f6b6435d0,1 2,1 2
8f2d88d6-bb9d-11e8-b2b9-ac1f6b6435d0,11,11
8f2dd5e2-bbb2-11e8-b2ba-ac1f6b6435d0,18,18
8f2f6606-bbac-11e8-b2ba-ac1f6b6435d0,26 0,0
8f31887e-bba6-11e8-b2ba-ac1f6b6435d0,21,21 25
8f31b37a-bbb1-11e8-b2ba-ac1f6b6435d0,12 13 0 21,12 13 21
8f321526-bbc6-11e8-b2bc-ac1f6b6435d0,7,7 11
8f331f1e-bba0-11e8-b2b9-ac1f6b6435d0,7 0,0 7
8f337148-bbba-11e8-b2ba-ac1f6b6435d0,4 2,4
8f340308-bbc2-11e8-b2bb-ac1f6b6435d0,25 0,0 25
8f3430da-bbb8-11e8-b2ba-ac1f6b6435d0,25 0,0 19 25
8f34e9aa-bbc0-11e8-b2bb-ac1f6b6435d0,2,2
8f3530ac-bbae-11e8-b2ba-ac1f6b6435d0,6,6
8f35b04e-bb9b-11e8-b2b9-ac1f6b6435d0,24,25 26
8f37932a-bb99-11e8-b2b9-ac1f6b6435d0,7 0,0 7
8f37a370-bbac-11e8-b2ba-ac1f6b6435d0,25 3 0,0 11 25
8f397094-bb9b-11e8-b2b9-ac1f6b6435d0,6,6
8f3ab604-bbad-11e8-b2ba-ac1f6b6435d0,6 1,6
8f3ceec0-bbc5-11e8-b2bc-ac1f6b6435d0,25 0,0 25
8f3f86b6-bb99-11e8-b2b9-ac1f6b6435d0,21,21
8f406882-bb9f-11e8-b2b9-ac1f6b6435d0,0,0
8f4068a2-bbca-11e8-b2bc-ac1f6b6435d0,7,7
8f4383f4-bba0-11e8-b2b9-ac1f6b6435d0,25 21,25
8f43b768-bba8-11e8-b2ba-ac1f6b6435d0,0,0
8f43e662-bbac-11e8-b2ba-ac1f6b6435d0,6 23,6
8f43ec36-bbc8-11e8-b2bc-ac1f6b6435d0,2 0,0 2
8f4630aa-bb9f-11e8-b2b9-ac1f6b6435d0,23,23
8f499216-bbbf-11e8-b2bb-ac1f6b6435d0,4 0,4
8f4d084a-bbb2-11e8-b2ba-ac1f6b6435d0,22 16,22
8f50304e-bbc4-11e8-b2bc-ac1f6b6435d0,23,23
8f50425a-bbb5-11e8-b2ba-ac1f6b6435d0,7,7
8f516dac-bb9b-11e8-b2b9-ac1f6b6435d0,2,2
8f51ab0e-bbab-11e8-b2ba-ac1f6b6435d0,25 5,5 25
8f521310-bbaf-11e8-b2ba-ac1f6b6435d0,19 0,0 19
8f52fb66-bbbb-11e8-b2ba-ac1f6b6435d0,3 0,0
8f546902-bbc4-11e8-b2bc-ac1f6b6435d0,4 21,21 25
8f5499d2-bb9b-11e8-b2b9-ac1f6b6435d0,2 0,0 2
8f5536c2-bb9f-11e8-b2b9-ac1f6b6435d0,11 2,2 21 25
8f561348-bbb4-11e8-b2ba-ac1f6b6435d0,25 21,0 21
8f579272-bbaf-11e8-b2ba-ac1f6b6435d0,5,4
8f5961a4-bbac-11e8-b2ba-ac1f6b6435d0,25 0,0 25
8f5a9e86-bbc3-11e8-b2bc-ac1f6b6435d0,7 5 0,0 7
8f5b16a6-bba3-11e8-b2b9-ac1f6b6435d0,22 0,0 22
8f5b3614-bbb1-11e8-b2ba-ac1f6b6435d0,11 0,0
8f5ee402-bbb2-11e8-b2ba-ac1f6b6435d0,14,14
8f617a72-bba9-11e8-b2ba-ac1f6b6435d0,23 0,0 23
8f649f04-bba4-11e8-b2b9-ac1f6b6435d0,3,3
8f67e53a-bbbb-11e8-b2ba-ac1f6b6435d0,22 2,0 2 25
8f6a3220-bba4-11e8-b2b9-ac1f6b6435d0,2 0,0 2
8f6a8e40-bbc8-11e8-b2bc-ac1f6b6435d0,3,3
8f6b9a74-bbaf-11e8-b2ba-ac1f6b6435d0,5,23
8f6dd5ae-bb9c-11e8-b2b9-ac1f6b6435d0,0,0
8f6e8dd4-bbae-11e8-b2ba-ac1f6b6435d0,25 7,25
8f70921c-bbbf-11e8-b2bb-ac1f6b6435d0,22,21
8f714170-bbc5-11e8-b2bc-ac1f6b6435d0,19 0,0 19
8f716c20-bb9a-11e8-b2b9-ac1f6b6435d0,25,25
8f725968-bbb9-11e8-b2ba-ac1f6b6435d0,5,5
8f7e4124-bba0-11e8-b2b9-ac1f6b6435d0,23,23
8f7f9f36-bbb6-11e8-b2ba-ac1f6b6435d0,25 1,1 25
8f7fe594-bbc6-11e8-b2bc-ac1f6b6435d0,22,22
8f81673e-bbad-11e8-b2ba-ac1f6b6435d0,12,12 13
8f8621e2-bb9f-11e8-b2b9-ac1f6b6435d0,5 0,5
8f8946dc-bba5-11e8-b2ba-ac1f6b6435d0,7,7
8f8c0154-bb9d-11e8-b2b9-ac1f6b6435d0,22,21 22
8f8f5d9a-bbb6-11e8-b2ba-ac1f6b6435d0,25 2 21,2 21 25
8f950fd4-bb9c-11e8-b2b9-ac1f6b6435d0,21,21
8f9594f8-bbac-11e8-b2ba-ac1f6b6435d0,24 2 0,0 2 19
8f98747a-bba2-11e8-b2b9-ac1f6b6435d0,16 2 21,2 16
8f9b494c-bbc1-11e8-b2bb-ac1f6b6435d0,18 0,0 7
8fa70dc8-bba7-11e8-b2ba-ac1f6b6435d0,23 0,0 23
8faa9df6-bbb3-11e8-b2ba-ac1f6b6435d0,7,25
8fb0b684-bbca-11e8-b2bc-ac1f6b6435d0,23,23
8fb427c2-bbb3-11e8-b2ba-ac1f6b6435d0,25 0,0 25
8fb6fefe-bba2-11e8-b2b9-ac1f6b6435d0,7 18,7 25
8fb7494e-bba3-11e8-b2b9-ac1f6b6435d0,23,23
8fbcdb84-bbb7-11e8-b2ba-ac1f6b6435d0,2,0 2
8fbd40f6-bbbc-11e8-b2ba-ac1f6b6435d0,1,1
8fbf1554-bbc4-11e8-b2bc-ac1f6b6435d0,4,0
8fbf7012-bba6-11e8-b2ba-ac1f6b6435d0,6 21,6
8fc3f866-bb9d-11e8-b2b9-ac1f6b6435d0,25,25
8fc40bb6-bbc1-11e8-b2bb-ac1f6b6435d0,2,2
8fc77b08-bbc0-11e8-b2bb-ac1f6b6435d0,2 0,0 2
8fcbdb1a-bbb8-11e8-b2ba-ac1f6b6435d0,25 1,0 1
8fcbdb56-bbb3-11e8-b2ba-ac1f6b6435d0,11 2 0,0 2 11
8fcf7c7a-bbb8-11e8-b2ba-ac1f6b6435d0,0 21,0 21
8fd0c9b6-bbba-11e8-b2ba-ac1f6b6435d0,25 14 0,0 12 14
8fd17e5e-bbad-11e8-b2ba-ac1f6b6435d0,1 2 0,0 1 2
8fd6c136-bba1-11e8-b2b9-ac1f6b6435d0,7 0 21,0 7 22
8fd70a9e-bbae-11e8-b2ba-ac1f6b6435d0,22,21
8fdacbce-bbc8-11e8-b2bc-ac1f6b6435d0,11,11
8fdc7d20-bba5-11e8-b2ba-ac1f6b6435d0,2,3
8fdccf3c-bb9b-11e8-b2b9-ac1f6b6435d0,23 21,23
8fdf830e-bbc2-11e8-b2bb-ac1f6b6435d0,2,2 25
8fe613d6-bbc2-11e8-b2bb-ac1f6b6435d0,0,0
8fe61cca-bbac-11e8-b2ba-ac1f6b6435d0,25 0,0 24 25
8fe7c7fe-bb99-11e8-b2b9-ac1f6b6435d0,7,5
8fe9df90-bbc5-11e8-b2bc-ac1f6b6435d0,0,0
8feb65b8-bbca-11e8-b2bc-ac1f6b6435d0,25 2 0,0 2 25
8fec765c-bba6-11e8-b2ba-ac1f6b6435d0,14 0,0 14
8ff2ea28-bbab-11e8-b2ba-ac1f6b6435d0,23 0,0 7 23
8ff5ddee-bbb7-11e8-b2ba-ac1f6b6435d0,4,4
8ffe9d86-bbc0-11e8-b2bb-ac1f6b6435d0,4,4
90050792-bba8-11e8-b2ba-ac1f6b6435d0,3,0 3
9006d6ea-bbca-11e8-b2bc-ac1f6b6435d0,25 18,5 25
9008d8fc-bbb9-11e8-b2ba-ac1f6b6435d0,0 21,5
90095b92-bba0-11e8-b2b9-ac1f6b6435d0,14 5,5 14
9009bb0c-bbc6-11e8-b2bc-ac1f6b6435d0,25,25
900a5610-bbb8-11e8-b2ba-ac1f6b6435d0,6,6
900aa6f6-bb9a-11e8-b2b9-ac1f6b6435d0,13,13
900bcae2-bbc5-11e8-b2bc-ac1f6b6435d0,4,4
900d71ec-bb9f-11e8-b2b9-ac1f6b6435d0,23 0,0 23
9010b656-bba2-11e8-b2b9-ac1f6b6435d0,25 0,0 25
9015588c-bbc0-11e8-b2bb-ac1f6b6435d0,12 0,0
9015d5f2-bbc3-11e8-b2bc-ac1f6b6435d0,0,0
901a0268-bbbd-11e8-b2ba-ac1f6b6435d0,4,4
901ccb8c-bba5-11e8-b2ba-ac1f6b6435d0,19,18
901d3fc0-bbbb-11e8-b2ba-ac1f6b6435d0,23 3 0,0 23
901d7ddc-bbb6-11e8-b2ba-ac1f6b6435d0,3,3
901e25cc-bbb9-11e8-b2ba-ac1f6b6435d0,3,23
901ede76-bbba-11e8-b2ba-ac1f6b6435d0,3,2 3
9021f23a-bb9e-11e8-b2b9-ac1f6b6435d0,11,11
90224790-bba2-11e8-b2b9-ac1f6b6435d0,11 3 0,0 3
90266952-bbbf-11e8-b2bb-ac1f6b6435d0,25 0,0 25
9027ecfa-bba6-11e8-b2ba-ac1f6b6435d0,25 18,18
9029501e-bbb9-11e8-b2ba-ac1f6b6435d0,25 21,21 25
9029aaec-bbb3-11e8-b2ba-ac1f6b6435d0,25,23
902a1f60-bb9d-11e8-b2b9-ac1f6b6435d0,7,7
902c2b38-bbc1-11e8-b2bb-ac1f6b6435d0,4,4
902cdfe8-bbca-11e8-b2bc-ac1f6b6435d0,2 0,0 2
902ce212-bbc6-11e8-b2bc-ac1f6b6435d0,21,21
902f6146-bbac-11e8-b2ba-ac1f6b6435d0,2 0,0
902f863a-bbc5-11e8-b2bc-ac1f6b6435d0,25 7 0,21 25
902f93c4-bbb5-11e8-b2ba-ac1f6b6435d0,0,0
9032a04e-bbad-11e8-b2ba-ac1f6b6435d0,5,5
90331c60-bbba-11e8-b2ba-ac1f6b6435d0,0,0
9034a7ec-bbb0-11e8-b2ba-ac1f6b6435d0,0,0
9034f190-bbc7-11e8-b2bc-ac1f6b6435d0,25 21,21 25
9035335e-bbc6-11e8-b2bc-ac1f6b6435d0,4,4
90358ada-bbb6-11e8-b2ba-ac1f6b6435d0,5 0,0 5
9035c382-bba8-11e8-b2ba-ac1f6b6435d0,6,6 14
9039428e-bbba-11e8-b2ba-ac1f6b6435d0,12 25,12
90397e06-bba2-11e8-b2b9-ac1f6b6435d0,25 1 0,0 1
903bc482-bba1-11e8-b2b9-ac1f6b6435d0,1 4 3,1 4
903d6c90-bbad-11e8-b2ba-ac1f6b6435d0,23 0,23
903ff454-bb9b-11e8-b2b9-ac1f6b6435d0,25 4,4 25
90413f3a-bbb4-11e8-b2ba-ac1f6b6435d0,3 0,0 3
90418066-bbb0-11e8-b2ba-ac1f6b6435d0,23 0,0 23
904313e4-bbc0-11e8-b2bb-ac1f6b6435d0,23,23
90431dc8-bbb9-11e8-b2ba-ac1f6b6435d0,2 21,2 21
90445454-bbb4-11e8-b2ba-ac1f6b6435d0,25 7 21,5 7
904cf830-bbc2-11e8-b2bb-ac1f6b6435d0,21,21
904d075e-bbad-11e8-b2ba-ac1f6b6435d0,5,25
904f238e-bbaa-11e8-b2ba-ac1f6b6435d0,7,0 7
904fb37a-bba6-11e8-b2ba-ac1f6b6435d0,25 3,3 25
9051fd60-bbba-11e8-b2ba-ac1f6b6435d0,0,0 25
9053d0e2-bba9-11e8-b2ba-ac1f6b6435d0,2 0,0 2
90543878-bbc9-11e8-b2bc-ac1f6b6435d0,21,21
9054c970-bbb3-11e8-b2ba-ac1f6b6435d0,23 0,0 23
90571036-bba9-11e8-b2ba-ac1f6b6435d0,19 25,19 25
9059ccd8-bba7-11e8-b2ba-ac1f6b6435d0,23 5,5 25
905bb9ac-bbad-11e8-b2ba-ac1f6b6435d0,25 21,6 25
905e51c6-bbc6-11e8-b2bc-ac1f6b6435d0,25 5,5 25
905ff7a8-bbb0-11e8-b2ba-ac1f6b6435d0,14 0,4 14
9060f6a4-bba5-11e8-b2ba-ac1f6b6435d0,16 5 0,0 16
90632af8-bba7-11e8-b2ba-ac1f6b6435d0,14,14
9063f878-bba9-11e8-b2ba-ac1f6b6435d0,2,2
90647b8a-bbb9-11e8-b2ba-ac1f6b6435d0,7,7
90669842-bbc4-11e8-b2bc-ac1f6b6435d0,21,0 21
90671eae-bbb3-11e8-b2ba-ac1f6b6435d0,6,6
9068890c-bbb2-11e8-b2ba-ac1f6b6435d0,5 0,0 5
906f0044-bbbb-11e8-b2ba-ac1f6b6435d0,6,6
9070be6c-bbba-11e8-b2ba-ac1f6b6435d0,25 0,0 25
9070c294-bb9d-11e8-b2b9-ac1f6b6435d0,23 0,0 23
907263e6-bb99-11e8-b2b9-ac1f6b6435d0,25 0,0 25
907458a8-bbc7-11e8-b2bc-ac1f6b6435d0,23 0,0 23
90770e4e-bbbe-11e8-b2ba-ac1f6b6435d0,19,19
90785482-bbb6-11e8-b2ba-ac1f6b6435d0,23 0,0 23
907b98dc-bba6-11e8-b2ba-ac1f6b6435d0,2,2
907e2a16-bb9c-11e8-b2b9-ac1f6b6435d0,3,3
90849436-bbbb-11e8-b2ba-ac1f6b6435d0,25 18 0,18 25
9086c2d8-bba7-11e8-b2ba-ac1f6b6435d0,0,0
90871204-bbbd-11e8-b2ba-ac1f6b6435d0,19 11 0,0 11 19
9087bfdc-bbaf-11e8-b2ba-ac1f6b6435d0,25 0,0 5 25
908a6f34-bbb4-11e8-b2ba-ac1f6b6435d0,25 14 0,0 14 25
908cd8c6-bbc5-11e8-b2bc-ac1f6b6435d0,25,25
908d0f6a-bbc2-11e8-b2bb-ac1f6b6435d0,4,4
908d3332-bbb3-11e8-b2ba-ac1f6b6435d0,14 2,2 14
908e3044-bba3-11e8-b2b9-ac1f6b6435d0,3 0,0 3
908fc0f8-bba3-11e8-b2b9-ac1f6b6435d0,0,0
908fd6d6-bbaa-11e8-b2ba-ac1f6b6435d0,25,25
908ff9ce-bb9e-11e8-b2b9-ac1f6b6435d0,4,4
90914778-bbaa-11e8-b2ba-ac1f6b6435d0,11,2 11
90921db6-bba4-11e8-b2b9-ac1f6b6435d0,25 5 0,5 25
9093616a-bbb5-11e8-b2ba-ac1f6b6435d0,0,0
9094c158-bbb1-11e8-b2ba-ac1f6b6435d0,7,7
9095faec-bbbf-11e8-b2bb-ac1f6b6435d0,7 2,2
9097c584-bbbf-11e8-b2bb-ac1f6b6435d0,5,2
9098fdc2-bba2-11e8-b2b9-ac1f6b6435d0,23,23
9099de1c-bb9e-11e8-b2b9-ac1f6b6435d0,6,2 25
909d6068-bb9f-11e8-b2b9-ac1f6b6435d0,25 21,21 25
909e8246-bbb2-11e8-b2ba-ac1f6b6435d0,25 0,25
90a17e14-bbc2-11e8-b2bb-ac1f6b6435d0,5,4 5
90a44602-bbbe-11e8-b2ba-ac1f6b6435d0,7 0,0 7
90a5630a-bbbb-11e8-b2ba-ac1f6b6435d0,16 14,14
90a6129c-bbb0-11e8-b2ba-ac1f6b6435d0,6,6
90a6a6ee-bbba-11e8-b2ba-ac1f6b6435d0,12 0 21,0
90a7d050-bbc4-11e8-b2bc-ac1f6b6435d0,1 0,1
90a7fabe-bbc2-11e8-b2bb-ac1f6b6435d0,25 7,7
90a94f8e-bba6-11e8-b2ba-ac1f6b6435d0,7 0,0 7
90abc1fc-bb9b-11e8-b2b9-ac1f6b6435d0,18 0,0 18
90b06a68-bbaf-11e8-b2ba-ac1f6b6435d0,11,11
90b0d3fe-bba0-11e8-b2b9-ac1f6b6435d0,2 21,2 25
90b15978-bbc3-11e8-b2bc-ac1f6b6435d0,5,5
90b30fca-bbb9-11e8-b2ba-ac1f6b6435d0,4,4
90b3f22c-bbab-11e8-b2ba-ac1f6b6435d0,7 0,0 7
90b424d0-bba7-11e8-b2ba-ac1f6b6435d0,2,2
90b50b76-bbb0-11e8-b2ba-ac1f6b6435d0,25 18,18 25
90b534c0-bbb0-11e8-b2ba-ac1f6b6435d0,25 0,25
90b95f70-bbb3-11e8-b2ba-ac1f6b6435d0,21,21 25
90bb4cee-bbc3-11e8-b2bc-ac1f6b6435d0,7 0,0 7
90bce08e-bbb1-11e8-b2ba-ac1f6b6435d0,13 21,13
90bd0c9e-bbbb-11e8-b2ba-ac1f6b6435d0,25 13 0,0 13 25
90bfba36-bba5-11e8-b2ba-ac1f6b6435d0,3,3
90ccada4-bbc8-11e8-b2bc-ac1f6b6435d0,7,7
90cd29ec-bbb8-11e8-b2ba-ac1f6b6435d0,25 0,0
90cd5622-bba6-11e8-b2ba-ac1f6b6435d0,23,25
90ced39a-bbb4-11e8-b2ba-ac1f6b6435d0,25 0,0 25
90d2eee6-bbbc-11e8-b2ba-ac1f6b6435d0,25 0,0 25
90d920c8-bbb6-11e8-b2ba-ac1f6b6435d0,5,5
90da4800-bba6-11e8-b2ba-ac1f6b6435d0,23,23
90dcaa8e-bbc2-11e8-b2bb-ac1f6b6435d0,22 21,7 21 25
90dddf30-bba4-11e8-b2b9-ac1f6b6435d0,0,0 25
90df583e-bb99-11e8-b2b9-ac1f6b6435d0,2,2
90e29782-bbc7-11e8-b2bc-ac1f6b6435d0,23 3,23
90e4b33c-bba4-11e8-b2b9-ac1f6b6435d0,0,0
90e6e8f8-bbba-11e8-b2ba-ac1f6b6435d0,4,4
90ec1fb0-bbc1-11e8-b2bb-ac1f6b6435d0,0,0 5 25
90f10e84-bba4-11e8-b2b9-ac1f6b6435d0,24 3,7 21 24
90f199ce-bbb0-11e8-b2ba-ac1f6b6435d0,16 25,14
90f33ac2-bbc9-11e8-b2bc-ac1f6b6435d0,0 21,4 12 21
90fa5a5a-bbb0-11e8-b2ba-ac1f6b6435d0,22,13
90fdfacc-bbb8-11e8-b2ba-ac1f6b6435d0,3,4
90ff1994-bba8-11e8-b2ba-ac1f6b6435d0,25,25
90ff25f4-bbb9-11e8-b2ba-ac1f6b6435d0,23,23
91004368-bbb3-11e8-b2ba-ac1f6b6435d0,12 19 0,12
9109992e-bbc0-11e8-b2bb-ac1f6b6435d0,2,2
910bb2ee-bb99-11e8-b2b9-ac1f6b6435d0,3 0,0 3
91115888-bb9a-11e8-b2b9-ac1f6b6435d0,4,4
9113bbd2-bbc7-11e8-b2bc-ac1f6b6435d0,23 0,0 16
9116378a-bbb4-11e8-b2ba-ac1f6b6435d0,19 25,25
9116eb98-bbba-11e8-b2ba-ac1f6b6435d0,3 0,0 3
91179fe8-bb9c-11e8-b2b9-ac1f6b6435d0,3,3
91184470-bbb5-11e8-b2ba-ac1f6b6435d0,0 21,0 25
911cc9e8-bb9f-11e8-b2b9-ac1f6b6435d0,7 21,25
911fb1bc-bbae-11e8-b2ba-ac1f6b6435d0,7,7
91267428-bba1-11e8-b2b9-ac1f6b6435d0,25 21,4 21 25
91270b0a-bbc3-11e8-b2bc-ac1f6b6435d0,25 0,0 25
912dae06-bbb4-11e8-b2ba-ac1f6b6435d0,5 0,0
91354e96-bb9f-11e8-b2b9-ac1f6b6435d0,11 4,4
9135ec56-bbc3-11e8-b2bc-ac1f6b6435d0,7 0,0 7
91365d06-bbca-11e8-b2bc-ac1f6b6435d0,25 0,0 17 25
91387650-bba6-11e8-b2ba-ac1f6b6435d0,5 0,0
913aa53e-bba0-11e8-b2b9-ac1f6b6435d0,0 21,0 21
913b0ee0-bbb2-11e8-b2ba-ac1f6b6435d0,3,2
913b3584-bbab-11e8-b2ba-ac1f6b6435d0,23 0,0 23
913baad4-bbb8-11e8-b2ba-ac1f6b6435d0,0,5
913e4c62-bbb8-11e8-b2ba-ac1f6b6435d0,23 0,4 23
913fddfc-bb9f-11e8-b2b9-ac1f6b6435d0,7 0,0 23
91419144-bbac-11e8-b2ba-ac1f6b6435d0,23,6
914257e0-bbb2-11e8-b2ba-ac1f6b6435d0,6 3,2 25
9143c696-bbb4-11e8-b2ba-ac1f6b6435d0,19,19
9144e014-bba8-11e8-b2ba-ac1f6b6435d0,19 0,0 19
9148907e-bba8-11e8-b2ba-ac1f6b6435d0,25 0 21,21
914a56fa-bba5-11e8-b2ba-ac1f6b6435d0,6,23
914c4e44-bbc1-11e8-b2bb-ac1f6b6435d0,25 7 0,7
914e90e4-bbc8-11e8-b2bc-ac1f6b6435d0,23,23
914ec7aa-bbc1-11e8-b2bb-ac1f6b6435d0,25 2 0,3 25
914f2e28-bbb9-11e8-b2ba-ac1f6b6435d0,25,25
9151c8b6-bbbb-11e8-b2ba-ac1f6b6435d0,25 0,0 25
9154beea-bba2-11e8-b2b9-ac1f6b6435d0,6,6
91571e46-bbbc-11e8-b2ba-ac1f6b6435d0,0,0
9157627a-bb9e-11e8-b2b9-ac1f6b6435d0,19,0
915a4504-bbc5-11e8-b2bc-ac1f6b6435d0,26 4,0 11
915bd7ce-bb99-11e8-b2b9-ac1f6b6435d0,16 14 0,0 14 16
915eef04-bba3-11e8-b2b9-ac1f6b6435d0,5 1,1
91602c0a-bba5-11e8-b2ba-ac1f6b6435d0,23 1 0,1 23
91605506-bbb7-11e8-b2ba-ac1f6b6435d0,25 5,5 25
916199a2-bb9e-11e8-b2b9-ac1f6b6435d0,25 0,0 25
91648d3e-bba2-11e8-b2b9-ac1f6b6435d0,13,13
9169042e-bba0-11e8-b2b9-ac1f6b6435d0,22,0 22
91697978-bb9a-11e8-b2b9-ac1f6b6435d0,2 0,2
916a7276-bbb6-11e8-b2ba-ac1f6b6435d0,25 0,0 25
916fc382-bbbd-11e8-b2ba-ac1f6b6435d0,20 0,0
9175e5e2-bbc6-11e8-b2bc-ac1f6b6435d0,7,7
9177ff26-bb99-11e8-b2b9-ac1f6b6435d0,0 21,0 25
9178eb1a-bbc2-11e8-b2bb-ac1f6b6435d0,11,11
917d7f22-bbae-11e8-b2ba-ac1f6b6435d0,25 5 0,5 25
91848b9e-bbb5-11e8-b2ba-ac1f6b6435d0,23,23
9186e334-bbc5-11e8-b2bc-ac1f6b6435d0,18 0,0 18
9187255a-bb99-11e8-b2b9-ac1f6b6435d0,4,4 25
9189e702-bbbe-11e8-b2ba-ac1f6b6435d0,23,23
918a9f7c-bbb3-11e8-b2ba-ac1f6b6435d0,25 0,0 7 25
918b7daa-bba1-11e8-b2b9-ac1f6b6435d0,19,19
918c048e-bbc2-11e8-b2bb-ac1f6b6435d0,5 0,0 5
918c726e-bbc9-11e8-b2bc-ac1f6b6435d0,21,12
918dee56-bb9b-11e8-b2b9-ac1f6b6435d0,12 25 0,0
9191fd9a-bbb7-11e8-b2ba-ac1f6b6435d0,25 21,21 25
9195c12c-bbae-11e8-b2ba-ac1f6b6435d0,18 0,0 18 25
91966dc6-bba8-11e8-b2ba-ac1f6b6435d0,1 0,0 1
919a65b4-bb9b-11e8-b2b9-ac1f6b6435d0,5,0
919aff2c-bbb1-11e8-b2ba-ac1f6b6435d0,7 0,0 7 23
919b6210-bbc4-11e8-b2bc-ac1f6b6435d0,25 0,0 25
919ba986-bbac-11e8-b2ba-ac1f6b6435d0,25,25
919d586e-bbbe-11e8-b2ba-ac1f6b6435d0,13 0,0 13
919e60d0-bba8-11e8-b2ba-ac1f6b6435d0,25 18,18 25
91a01e5c-bbbc-11e8-b2ba-ac1f6b6435d0,2 0,0 2
91a05660-bbb2-11e8-b2ba-ac1f6b6435d0,7 0,0 7
91a0a67e-bb9e-11e8-b2b9-ac1f6b6435d0,18 4 21,0 18 21
91a1a956-bbb3-11e8-b2ba-ac1f6b6435d0,25 0,0
91a4a3a4-bbb3-11e8-b2ba-ac1f6b6435d0,26,26
91a60daa-bbb0-11e8-b2ba-ac1f6b6435d0,7,7
91a7d414-bb9c-11e8-b2b9-ac1f6b6435d0,18 0,0
91a869a0-bba7-11e8-b2ba-ac1f6b6435d0,2,2 3
91ae3836-bbab-11e8-b2ba-ac1f6b6435d0,25,25
91b1544c-bbbc-11e8-b2ba-ac1f6b6435d0,12 25,12 25
91b2024e-bbac-11e8-b2ba-ac1f6b6435d0,7,7
91b45e18-bbb1-11e8-b2ba-ac1f6b6435d0,0,0
91b7ffe0-bba8-11e8-b2ba-ac1f6b6435d0,0,0 25
91b8b4d2-bba1-11e8-b2b9-ac1f6b6435d0,6,26
91ba3c68-bbb9-11e8-b2ba-ac1f6b6435d0,25 0,5 25
91bb1820-bbca-11e8-b2bc-ac1f6b6435d0,0 21,0 21
91bb7fae-bbbb-11e8-b2ba-ac1f6b6435d0,0,0
91bce8a0-bb9b-11e8-b2b9-ac1f6b6435d0,0,0 23
91c02712-bbab-11e8-b2ba-ac1f6b6435d0,23 2,2 23
91c035cc-bbba-11e8-b2ba-ac1f6b6435d0,25 0,0 25
91c1bbde-bbb7-11e8-b2ba-ac1f6b6435d0,22 0,0 21 22
91c4acb2-bbbd-11e8-b2ba-ac1f6b6435d0,23,23
91c7a246-bba9-11e8-b2ba-ac1f6b6435d0,18 14,14
91c87e54-bbbe-11e8-b2ba-ac1f6b6435d0,3,3
91cb527a-bbc6-11e8-b2bc-ac1f6b6435d0,2 0,0 2
91ce4508-bba7-11e8-b2ba-ac1f6b6435d0,3,3
91d01a36-bbc5-11e8-b2bc-ac1f6b6435d0,6 7,7
91d36b3e-bba5-11e8-b2ba-ac1f6b6435d0,23,23
91d55216-bbb7-11e8-b2ba-ac1f6b6435d0,25 2 0,0 25
91d9cfd8-bbbe-11e8-b2ba-ac1f6b6435d0,3,3
91dc5bba-bba3-11e8-b2b9-ac1f6b6435d0,2 0,2
91e08726-bbc6-11e8-b2bc-ac1f6b6435d0,6,25
91e50cd6-bbaa-11e8-b2ba-ac1f6b6435d0,7,14
91e7b7b4-bb9c-11e8-b2b9-ac1f6b6435d0,18,18
91e7b9ac-bbc5-11e8-b2bc-ac1f6b6435d0,19,19 21
91e7e19e-bbc9-11e8-b2bc-ac1f6b6435d0,2 0,0 2 25
91e8d71c-bbbe-11e8-b2ba-ac1f6b6435d0,3 0,0 5
91eaf5b6-bb9a-11e8-b2b9-ac1f6b6435d0,2,2
91edccdc-bbc7-11e8-b2bc-ac1f6b6435d0,16 25 17 0,0 16 17 25
91ee8398-bb9f-11e8-b2b9-ac1f6b6435d0,23,23
91f08266-bbb7-11e8-b2ba-ac1f6b6435d0,22 21,22
91f1611a-bbbf-11e8-b2bb-ac1f6b6435d0,13 0,0 7
91f17b56-bbc8-11e8-b2bc-ac1f6b6435d0,25 0,0 25
91f4385e-bbbf-11e8-b2bb-ac1f6b6435d0,22,21
91fd9c3c-bbbf-11e8-b2bb-ac1f6b6435d0,4 21,4 21
92016892-bbb2-11e8-b2ba-ac1f6b6435d0,12 25 0,0 11
9208b700-bbbc-11e8-b2ba-ac1f6b6435d0,5,5 25
920a6de6-bbc8-11e8-b2bc-ac1f6b6435d0,21,21
920d3d3e-bbc6-11e8-b2bc-ac1f6b6435d0,19 2,2 19
920e17aa-bbac-11e8-b2ba-ac1f6b6435d0,26 2 0,0 2
920ee73e-bbb1-11e8-b2ba-ac1f6b6435d0,6 20,6 20
920f0ee0-bbb5-11e8-b2ba-ac1f6b6435d0,25 5,20
92105614-bbac-11e8-b2ba-ac1f6b6435d0,7,7
92116698-bba8-11e8-b2ba-ac1f6b6435d0,11,11
921401a4-bb9a-11e8-b2b9-ac1f6b6435d0,2 0,0 2 22
92165578-bbb1-11e8-b2ba-ac1f6b6435d0,24,24
9217d6ac-bbbe-11e8-b2ba-ac1f6b6435d0,7,7
9219be94-bbc9-11e8-b2bc-ac1f6b6435d0,7,2 7
921b908c-bbc6-11e8-b2bc-ac1f6b6435d0,16 25 0,25
921c4d46-bba9-11e8-b2ba-ac1f6b6435d0,21,21
9221de94-bba1-11e8-b2b9-ac1f6b6435d0,19 25,25
9222e6c0-bbc6-11e8-b2bc-ac1f6b6435d0,25 0,0 25
92238ff4-bbc5-11e8-b2bc-ac1f6b6435d0,25 2 0,2 6
922b4ebc-bbb4-11e8-b2ba-ac1f6b6435d0,22,16 22
922b9592-bbab-11e8-b2ba-ac1f6b6435d0,19,0 19
922d1624-bbb5-11e8-b2ba-ac1f6b6435d0,6,6
92308526-bb9b-11e8-b2b9-ac1f6b6435d0,2,0 2
92309296-bbaf-11e8-b2ba-ac1f6b6435d0,25 3,18 19 25
92316bbc-bb9b-11e8-b2b9-ac1f6b6435d0,25 2,2 25
92318ee8-bbc4-11e8-b2bc-ac1f6b6435d0,22,21
923347c0-bbc3-11e8-b2bc-ac1f6b6435d0,5,5
9233dcc6-bbb9-11e8-b2ba-ac1f6b6435d0,5 0,0
92368220-bbb2-11e8-b2ba-ac1f6b6435d0,7 0,0 7
9236aab6-bbad-11e8-b2ba-ac1f6b6435d0,25 7,7
92389ea0-bbc8-11e8-b2bc-ac1f6b6435d0,7 5,0 7
923aa13a-bbb6-11e8-b2ba-ac1f6b6435d0,1 2,1 2 25
923c6018-bbc7-11e8-b2bc-ac1f6b6435d0,2 0,0 2
92404756-bb9e-11e8-b2b9-ac1f6b6435d0,25 0,0 25
9241e720-bbc9-11e8-b2bc-ac1f6b6435d0,25 0,0 16 25
92449014-bbca-11e8-b2bc-ac1f6b6435d0,6 21,6
924540ec-bba0-11e8-b2b9-ac1f6b6435d0,23 0,0 23
924ef6cc-bbb5-11e8-b2ba-ac1f6b6435d0,25,25
92545aba-bb9a-11e8-b2b9-ac1f6b6435d0,7,7
9254986e-bbc1-11e8-b2bb-ac1f6b6435d0,25 4,4 25
9255d7da-bba6-11e8-b2ba-ac1f6b6435d0,5,5
92589834-bb9d-11e8-b2b9-ac1f6b6435d0,18,18 25
92593312-bbab-11e8-b2ba-ac1f6b6435d0,19,19
925ace74-bba2-11e8-b2b9-ac1f6b6435d0,21,21
925b3c84-bbc9-11e8-b2bc-ac1f6b6435d0,19,19
925dd11e-bb9d-11e8-b2b9-ac1f6b6435d0,25,25
92630e14-bba1-11e8-b2b9-ac1f6b6435d0,23,23
9264678c-bb9c-11e8-b2b9-ac1f6b6435d0,25 5,0 5 25
926804cc-bba7-11e8-b2ba-ac1f6b6435d0,21,4 21
926f2698-bbc6-11e8-b2bc-ac1f6b6435d0,25,21 25
927511ce-bb9a-11e8-b2b9-ac1f6b6435d0,6 2,2 6 25
927a0be0-bb9d-11e8-b2b9-ac1f6b6435d0,25 0,0 2 21
927a951c-bba0-11e8-b2b9-ac1f6b6435d0,0 21,4 25
9280e59e-bba9-11e8-b2ba-ac1f6b6435d0,25 0,0 25
92812e06-bba3-11e8-b2b9-ac1f6b6435d0,25 0,0 21
92819858-bbc8-11e8-b2bc-ac1f6b6435d0,2 0,0 3
928add5a-bbc3-11e8-b2bc-ac1f6b6435d0,25 6,0 25
928cc2f4-bbbf-11e8-b2bb-ac1f6b6435d0,25 0,25
9291e7ee-bbc3-11e8-b2bc-ac1f6b6435d0,6,6
9291fda4-bbac-11e8-b2ba-ac1f6b6435d0,23,23
92938b16-bbb0-11e8-b2ba-ac1f6b6435d0,25,25
9293c94a-bbc5-11e8-b2bc-ac1f6b6435d0,7,7
9294c808-bbad-11e8-b2ba-ac1f6b6435d0,25 21,21
9298817c-bbc2-11e8-b2bb-ac1f6b6435d0,23,23
929c152e-bbbf-11e8-b2bb-ac1f6b6435d0,1 0,0 1 2
929dd708-bba9-11e8-b2ba-ac1f6b6435d0,12 5,0 12
929e13a0-bbac-11e8-b2ba-ac1f6b6435d0,3,3
92a17cfe-bba5-11e8-b2ba-ac1f6b6435d0,0,0
92a3aa44-bbc6-11e8-b2bc-ac1f6b6435d0,0,0
92a45b98-bbbb-11e8-b2ba-ac1f6b6435d0,14,14
92a5a0ec-bbc6-11e8-b2bc-ac1f6b6435d0,22 25 2,25
92a95cfc-bbb5-11e8-b2ba-ac1f6b6435d0,25 0,0 25
92b1c690-bbc3-11e8-b2bc-ac1f6b6435d0,25,25
92b37eb8-bbc8-11e8-b2bc-ac1f6b6435d0,23 1,1 23
92b3ed2e-bbbb-11e8-b2ba-ac1f6b6435d0,25 0 21,0 21
92b46488-bba8-11e8-b2ba-ac1f6b6435d0,5,5
92b69df8-bbc0-11e8-b2bb-ac1f6b6435d0,25 0 21,0 21 25
92ba3d92-bba1-11e8-b2b9-ac1f6b6435d0,16 14 17 0,0 14 16
92bab66c-bbbc-11e8-b2ba-ac1f6b6435d0,3,3
92bc200a-bba9-11e8-b2ba-ac1f6b6435d0,0 21,0 21
92c63b40-bbc6-11e8-b2bc-ac1f6b6435d0,25 7,7 25
92c6ad22-bbc7-11e8-b2bc-ac1f6b6435d0,21,21
92c82d08-bbc4-11e8-b2bc-ac1f6b6435d0,7,7
92caee08-bbab-11e8-b2ba-ac1f6b6435d0,25 2 0,0 2
92cf00ae-bbbc-11e8-b2ba-ac1f6b6435d0,25 2 0,0 25
92cf4c44-bba3-11e8-b2b9-ac1f6b6435d0,25 4,4 25
92cf4eaa-bbbd-11e8-b2ba-ac1f6b6435d0,19 0,0 23
92cfc060-bba4-11e8-b2b9-ac1f6b6435d0,25 0,0 25
92cfca50-bbbe-11e8-b2ba-ac1f6b6435d0,3 0,0 3
92d4d9ac-bbad-11e8-b2ba-ac1f6b6435d0,25 0,0
92d8b486-bbb3-11e8-b2ba-ac1f6b6435d0,12,12
92dad3fc-bbb2-11e8-b2ba-ac1f6b6435d0,25 3 0,3 21 25
92dae40e-bbb8-11e8-b2ba-ac1f6b6435d0,3,0 3
92dc31e4-bbb6-11e8-b2ba-ac1f6b6435d0,25,25
92e0111e-bb9e-11e8-b2b9-ac1f6b6435d0,3 0,0 3
92e23a6a-bbb8-11e8-b2ba-ac1f6b6435d0,25 0,0 25
92e34e30-bbab-11e8-b2ba-ac1f6b6435d0,26 3 0,0 3 25 26
92e3841e-bbc3-11e8-b2bc-ac1f6b6435d0,16,16
92e7bb40-bbb1-11e8-b2ba-ac1f6b6435d0,0,0
92e9ad20-bbba-11e8-b2ba-ac1f6b6435d0,22,22
92ea16a0-bbbc-11e8-b2ba-ac1f6b6435d0,5 0,4
92ecbd50-bba4-11e8-b2b9-ac1f6b6435d0,2 0,0 2
92f1f0b2-bbc3-11e8-b2bc-ac1f6b6435d0,11,11 25
92f2a3ae-bb9b-11e8-b2b9-ac1f6b6435d0,2,2
92f2f00a-bbc5-11e8-b2bc-ac1f6b6435d0,25 2,25
92f54e64-bbba-11e8-b2ba-ac1f6b6435d0,0 21,0 25
92f5e6f0-bbc2-11e8-b2bb-ac1f6b6435d0,2 0,0 2
92f8f296-bba9-11e8-b2ba-ac1f6b6435d0,5,5
92fbc6c6-bbc0-11e8-b2bb-ac1f6b6435d0,25 23 0,0 23
92fcbd94-bbaf-11e8-b2ba-ac1f6b6435d0,19,19
92fd9e20-bbbf-11e8-b2bb-ac1f6b6435d0,2,2
930000f2-bba6-11e8-b2ba-ac1f6b6435d0,3,2
930003ee-bb9d-11e8-b2b9-ac1f6b6435d0,25 0,0 4 25
9301b10a-bbbe-11e8-b2ba-ac1f6b6435d0,7 2 0,0 25
93060340-bba0-11e8-b2b9-ac1f6b6435d0,5 0,0
93063250-bbbb-11e8-b2ba-ac1f6b6435d0,4 0,2
930cdbaa-bbac-11e8-b2ba-ac1f6b6435d0,23 0 21,5
930f3fe6-bbb9-11e8-b2ba-ac1f6b6435d0,0 21,21 25
930f4bfc-bbb5-11e8-b2ba-ac1f6b6435d0,25 4,4 5 25
93154aa4-bba4-11e8-b2b9-ac1f6b6435d0,25 2,25
9316f0b6-bbbd-11e8-b2ba-ac1f6b6435d0,2 0,0 2
9317c9e4-bba1-11e8-b2b9-ac1f6b6435d0,0,0
9319cd9a-bbb8-11e8-b2ba-ac1f6b6435d0,5 1 0,0 1
931cdf1e-bbbb-11e8-b2ba-ac1f6b6435d0,6,6 25
931defe0-bbc4-11e8-b2bc-ac1f6b6435d0,25,25
9321df8c-bbb1-11e8-b2ba-ac1f6b6435d0,25 0,0
9324510e-bbca-11e8-b2bc-ac1f6b6435d0,25 0,0
93257b56-bb9d-11e8-b2b9-ac1f6b6435d0,0,0
932b4fae-bba2-11e8-b2b9-ac1f6b6435d0,13 21,22
932c4a5e-bb9c-11e8-b2b9-ac1f6b6435d0,4,4
932f7b16-bbb5-11e8-b2ba-ac1f6b6435d0,4,4
933060e6-bb9a-11e8-b2b9-ac1f6b6435d0,23 0,0 23
93323904-bba2-11e8-b2b9-ac1f6b6435d0,4 21,0 2
9338700c-bba8-11e8-b2ba-ac1f6b6435d0,11,11
93387104-bbb4-11e8-b2ba-ac1f6b6435d0,21,21
933bec40-bbb8-11e8-b2ba-ac1f6b6435d0,7,7
933c0b5e-bbad-11e8-b2ba-ac1f6b6435d0,25 18,18 25
9343a87c-bba4-11e8-b2b9-ac1f6b6435d0,7 2,2 7
9343c5dc-bb9f-11e8-b2b9-ac1f6b6435d0,19 2 0,0 2
9344cdb2-bbb1-11e8-b2ba-ac1f6b6435d0,4,4
934506fc-bbba-11e8-b2ba-ac1f6b6435d0,16 0,16
93467f8e-bbc7-11e8-b2bc-ac1f6b6435d0,23,23
93468be0-bbaa-11e8-b2ba-ac1f6b6435d0,21,21
9348caaa-bbc7-11e8-b2bc-ac1f6b6435d0,19,19
934acb9a-bbb6-11e8-b2ba-ac1f6b6435d0,25 17,25
934be9ae-bbb5-11e8-b2ba-ac1f6b6435d0,2 0,0 19
934c65c0-bbbd-11e8-b2ba-ac1f6b6435d0,19 0,0 19
934cafa8-bbb3-11e8-b2ba-ac1f6b6435d0,26,26
93516f24-bbbe-11e8-b2ba-ac1f6b6435d0,7,21
9351fc88-bbbd-11e8-b2ba-ac1f6b6435d0,6,6
9359eaae-bbab-11e8-b2ba-ac1f6b6435d0,0 21,0 21
935d4cb2-bbba-11e8-b2ba-ac1f6b6435d0,23,23
9362e414-bb9d-11e8-b2b9-ac1f6b6435d0,25 18,21
9365e388-bbae-11e8-b2ba-ac1f6b6435d0,16 14 5,5 14 16
9365ff5e-bba3-11e8-b2b9-ac1f6b6435d0,25 0 21,0 25
9367ece6-bbae-11e8-b2ba-ac1f6b6435d0,0,0
936b9a02-bba0-11e8-b2b9-ac1f6b6435d0,5,4
936cd660-bba0-11e8-b2b9-ac1f6b6435d0,21,12
9372be70-bbb1-11e8-b2ba-ac1f6b6435d0,23 2 0,2 23
9379bf4a-bba2-11e8-b2b9-ac1f6b6435d0,19 25 0,0 25
937a1ac2-bbc9-11e8-b2bc-ac1f6b6435d0,7 3,3 7
937a7286-bbb2-11e8-b2ba-ac1f6b6435d0,25 4,0 5 25
937b4788-bbad-11e8-b2ba-ac1f6b6435d0,25 0,0 25
937cf1ae-bbbd-11e8-b2ba-ac1f6b6435d0,25 0,0
937e4718-bbca-11e8-b2bc-ac1f6b6435d0,1 2,1 3
938027fa-bbc9-11e8-b2bc-ac1f6b6435d0,4,4
93832046-bbb4-11e8-b2ba-ac1f6b6435d0,25 21,0 21
93837b5c-bbc0-11e8-b2bb-ac1f6b6435d0,5,5
9383b3aa-bb9e-11e8-b2b9-ac1f6b6435d0,24 25 0,0 24
93855802-bbbe-11e8-b2ba-ac1f6b6435d0,23,8 20 23
9386fbae-bbb8-11e8-b2ba-ac1f6b6435d0,18 14,14
9388871e-bba7-11e8-b2ba-ac1f6b6435d0,23,23
9388fd96-bbb8-11e8-b2ba-ac1f6b6435d0,21,25
938953d4-bbc9-11e8-b2bc-ac1f6b6435d0,19 25 0,0 25
938c28a0-bb99-11e8-b2b9-ac1f6b6435d0,12 2 21,2 12
938dd144-bbb4-11e8-b2ba-ac1f6b6435d0,3,3
93904a96-bb9b-11e8-b2b9-ac1f6b6435d0,25 18,18 25
93937830-bb99-11e8-b2b9-ac1f6b6435d0,19 0,0 19
9396439e-bbbc-11e8-b2ba-ac1f6b6435d0,25 21,25
9399b486-bbc4-11e8-b2bc-ac1f6b6435d0,25 0,2 25
939a7df4-bbbe-11e8-b2ba-ac1f6b6435d0,5,5
939d0618-bb9c-11e8-b2b9-ac1f6b6435d0,7,7
939db488-bbc3-11e8-b2bc-ac1f6b6435d0,25 0,0 25
939e4772-bb9b-11e8-b2b9-ac1f6b6435d0,23 0,0 23
93a02e38-bbc9-11e8-b2bc-ac1f6b6435d0,25 0,0 25
93a08c3c-bbb2-11e8-b2ba-ac1f6b6435d0,6,6 23
93a2b7ee-bbb4-11e8-b2ba-ac1f6b6435d0,23 0,0 2 23
93a4370c-bba2-11e8-b2b9-ac1f6b6435d0,25 21,0 2 25
93a70adc-bb9c-11e8-b2b9-ac1f6b6435d0,23,23
93a762be-bbc6-11e8-b2bc-ac1f6b6435d0,13,22
93a7f188-bb9f-11e8-b2b9-ac1f6b6435d0,25 0,0 23 25
93acf54e-bbc1-11e8-b2bb-ac1f6b6435d0,6,6
93ad936c-bbaa-11e8-b2ba-ac1f6b6435d0,23 0,0 23 25
93b18a1c-bbaa-11e8-b2ba-ac1f6b6435d0,4,0
93b31414-bbae-11e8-b2ba-ac1f6b6435d0,5,5
93b8306e-bbc9-11e8-b2bc-ac1f6b6435d0,22 21,0 22
93bb505a-bba1-11e8-b2b9-ac1f6b6435d0,19,0 19
93bd9598-bb99-11e8-b2b9-ac1f6b6435d0,0 21,0
93bed780-bbaf-11e8-b2ba-ac1f6b6435d0,19,18 25
93bfacfe-bbb5-11e8-b2ba-ac1f6b6435d0,19 25,25
93c13246-bbc8-11e8-b2bc-ac1f6b6435d0,22,22
93c26bd4-bbbe-11e8-b2ba-ac1f6b6435d0,11,11
93c6dc9a-bb9c-11e8-b2b9-ac1f6b6435d0,25,25
93c8c6be-bba5-11e8-b2ba-ac1f6b6435d0,3 0,0 2 3
93c8c8e6-bbbc-11e8-b2ba-ac1f6b6435d0,23,23
93c8e3f8-bbb7-11e8-b2ba-ac1f6b6435d0,19 5,0 19
93c90bdc-bbba-11e8-b2ba-ac1f6b6435d0,19,19
93cc5f90-bbb9-11e8-b2ba-ac1f6b6435d0,23,23
93ce3946-bbaa-11e8-b2ba-ac1f6b6435d0,6,23
93d02cca-bb9a-11e8-b2b9-ac1f6b6435d0,25 21,21 25
93d1ff24-bb9e-11e8-b2b9-ac1f6b6435d0,11,11
93d2a15c-bbaa-11e8-b2ba-ac1f6b6435d0,23 0,0 23
93d50742-bbac-11e8-b2ba-ac1f6b6435d0,7,7
93d85e2e-bb9d-11e8-b2b9-ac1f6b6435d0,5,3
93d96be8-bbb6-11e8-b2ba-ac1f6b6435d0,7 0,0 7
93da542a-bbbd-11e8-b2ba-ac1f6b6435d0,23,23
93dae218-bbc8-11e8-b2bc-ac1f6b6435d0,19 0,18
93df4b96-bba0-11e8-b2b9-ac1f6b6435d0,19,19
93e09988-bb9b-11e8-b2b9-ac1f6b6435d0,5 0,5
93e203e6-bbb3-11e8-b2ba-ac1f6b6435d0,11,11
93e81e04-bb9d-11e8-b2b9-ac1f6b6435d0,7,7
93e9727a-bbc7-11e8-b2bc-ac1f6b6435d0,2,2
93ec497a-bbbb-11e8-b2ba-ac1f6b6435d0,11,11
93ee802a-bbaf-11e8-b2ba-ac1f6b6435d0,4,4
93f559f8-bbab-11e8-b2ba-ac1f6b6435d0,3,0 3
93f6e194-bbc2-11e8-b2bb-ac1f6b6435d0,1,1
93f7893a-bba6-11e8-b2ba-ac1f6b6435d0,23 4,4 23
93f92d64-bba4-11e8-b2b9-ac1f6b6435d0,25 0,0 25
93f99234-bbb5-11e8-b2ba-ac1f6b6435d0,18,17 18
93fb94ac-bb9d-11e8-b2b9-ac1f6b6435d0,6,6
93fccf8a-bbba-11e8-b2ba-ac1f6b6435d0,0,0 25
94025d7e-bbbf-11e8-b2bb-ac1f6b6435d0,5,0 5
94037de0-bbc3-11e8-b2bc-ac1f6b6435d0,18 0,0 19
9407c75c-bbae-11e8-b2ba-ac1f6b6435d0,25 4,4 25
940a5edc-bbad-11e8-b2ba-ac1f6b6435d0,13,13
940a77b4-bb9e-11e8-b2b9-ac1f6b6435d0,0,0 19
940b882a-bba3-11e8-b2b9-ac1f6b6435d0,3,3 25
940cc122-bb99-11e8-b2b9-ac1f6b6435d0,25,25
940cfce2-bbb1-11e8-b2ba-ac1f6b6435d0,0 21,0 25
940dbd80-bbca-11e8-b2bc-ac1f6b6435d0,6,6
940f418a-bba4-11e8-b2b9-ac1f6b6435d0,23,0
9411ed4a-bba9-11e8-b2ba-ac1f6b6435d0,22 25 0,0 21 25
9412a892-bbaa-11e8-b2ba-ac1f6b6435d0,0,0 25
94157780-bbb3-11e8-b2ba-ac1f6b6435d0,5 0 21,0 22
9417fccc-bbc1-11e8-b2bb-ac1f6b6435d0,12 4 21,12 21
94197d42-bbba-11e8-b2ba-ac1f6b6435d0,18,18
9419a64e-bbb2-11e8-b2ba-ac1f6b6435d0,7 0,0 7
9420b528-bb9f-11e8-b2b9-ac1f6b6435d0,22 3,3
9420d870-bbb1-11e8-b2ba-ac1f6b6435d0,12,12 21
94215bc8-bbad-11e8-b2ba-ac1f6b6435d0,7,7
9423c126-bbb0-11e8-b2ba-ac1f6b6435d0,7 0,0 7
94261c68-bba7-11e8-b2ba-ac1f6b6435d0,13 21,13
9426a414-bbc8-11e8-b2bc-ac1f6b6435d0,5,25
94292550-bba9-11e8-b2ba-ac1f6b6435d0,5,5
942ba3aa-bb9c-11e8-b2b9-ac1f6b6435d0,25 0,0 25
942bd9d8-bbab-11e8-b2ba-ac1f6b6435d0,25,25
942eec14-bba5-11e8-b2ba-ac1f6b6435d0,7,2 7
942f0c58-bb9b-11e8-b2b9-ac1f6b6435d0,5 21,5
9439861a-bb9b-11e8-b2b9-ac1f6b6435d0,2 0,0 2
943b545e-bbb4-11e8-b2ba-ac1f6b6435d0,3 0,0 3
943d597c-bbb7-11e8-b2ba-ac1f6b6435d0,25 18 0,0 18 21
94428bf6-bba1-11e8-b2b9-ac1f6b6435d0,4,4
94448a4a-bba7-11e8-b2ba-ac1f6b6435d0,25 0,0 25
9444d95a-bbc5-11e8-b2bc-ac1f6b6435d0,24 3,24
94468b90-bbc7-11e8-b2bc-ac1f6b6435d0,4,4
944738b4-bba5-11e8-b2ba-ac1f6b6435d0,7,7 25
94499a44-bba7-11e8-b2ba-ac1f6b6435d0,25 21,25
9449d2da-bbba-11e8-b2ba-ac1f6b6435d0,0,5
944c63da-bbc7-11e8-b2bc-ac1f6b6435d0,16 25,0 25
944ced6c-bbb5-11e8-b2ba-ac1f6b6435d0,0,0 25
944eb154-bbbc-11e8-b2ba-ac1f6b6435d0,19 0,0 18 19
94526d8c-bba1-11e8-b2b9-ac1f6b6435d0,7 0,0 7
9453d22a-bbb1-11e8-b2ba-ac1f6b6435d0,26,3 26
94589662-bba1-11e8-b2b9-ac1f6b6435d0,25 14,14
9459819e-bbc9-11e8-b2bc-ac1f6b6435d0,23,23
945b8250-bbc4-11e8-b2bc-ac1f6b6435d0,19,19
945ce356-bbca-11e8-b2bc-ac1f6b6435d0,12 21,12 21
9460570a-bbc2-11e8-b2bb-ac1f6b6435d0,2,2
9462138e-bbad-11e8-b2ba-ac1f6b6435d0,25 21,21 25
94622ab2-bb9f-11e8-b2b9-ac1f6b6435d0,7,11
94673d7c-bba4-11e8-b2b9-ac1f6b6435d0,23,23
9468bf9e-bba4-11e8-b2b9-ac1f6b6435d0,5,0 5
946a9e56-bbbb-11e8-b2ba-ac1f6b6435d0,4,4
946b0d22-bbc1-11e8-b2bb-ac1f6b6435d0,25 0,0 25
946b2eea-bbc8-11e8-b2bc-ac1f6b6435d0,19 0,0 19
946cff5e-bbaf-11e8-b2ba-ac1f6b6435d0,26 0,0 26
946e576e-bbc3-11e8-b2bc-ac1f6b6435d0,5 0,5
94713954-bb99-11e8-b2b9-ac1f6b6435d0,23,23
94713cca-bba7-11e8-b2ba-ac1f6b6435d0,4,4
94742420-bbc6-11e8-b2bc-ac1f6b6435d0,5,5
94743bc4-bbc9-11e8-b2bc-ac1f6b6435d0,25 1,25
94786142-bb9a-11e8-b2b9-ac1f6b6435d0,23 0,0 23
94798f2a-bbba-11e8-b2ba-ac1f6b6435d0,4,4
947aef9e-bbbc-11e8-b2ba-ac1f6b6435d0,20,25
947b36ec-bba9-11e8-b2ba-ac1f6b6435d0,7,7
9483c700-bbc5-11e8-b2bc-ac1f6b6435d0,13 0,0
94890854-bb9e-11e8-b2b9-ac1f6b6435d0,2,2 25
9489da16-bbaa-11e8-b2ba-ac1f6b6435d0,3,3
948ec382-bbb4-11e8-b2ba-ac1f6b6435d0,25,5 25
948f05bc-bba6-11e8-b2ba-ac1f6b6435d0,3 0,3
94918284-bba5-11e8-b2ba-ac1f6b6435d0,25,25
94948ccc-bbc3-11e8-b2bc-ac1f6b6435d0,25 3 0,0 25
94970792-bbad-11e8-b2ba-ac1f6b6435d0,19,18 19 25
949a311e-bba9-11e8-b2ba-ac1f6b6435d0,21,2 21
949c3a0a-bbad-11e8-b2ba-ac1f6b6435d0,0,0 4
949db8ac-bba4-11e8-b2b9-ac1f6b6435d0,7,7
949e5338-bbc3-11e8-b2bc-ac1f6b6435d0,14,14
949e6baa-bba7-11e8-b2ba-ac1f6b6435d0,7,7
949f634c-bba3-11e8-b2b9-ac1f6b6435d0,0,0
94a32f92-bbba-11e8-b2ba-ac1f6b6435d0,25 0,0 25
94a60968-bba8-11e8-b2ba-ac1f6b6435d0,18,23
94a6c720-bba5-11e8-b2ba-ac1f6b6435d0,23,23
94a7abfa-bba9-11e8-b2ba-ac1f6b6435d0,25 0,0 25
94a7ef28-bbab-11e8-b2ba-ac1f6b6435d0,21,21
94aa1956-bbb5-11e8-b2ba-ac1f6b6435d0,25 21,21
94aa52b0-bbc7-11e8-b2bc-ac1f6b6435d0,24 0,4
94b2c700-bbbe-11e8-b2ba-ac1f6b6435d0,25 0,0 26
94b41236-bbc8-11e8-b2bc-ac1f6b6435d0,11,11
94b602d4-bbc4-11e8-b2bc-ac1f6b6435d0,14 0,0 14
94b60a00-bba5-11e8-b2ba-ac1f6b6435d0,0,0
94b78aae-bbc5-11e8-b2bc-ac1f6b6435d0,1 0,0 1
94b871fa-bbc3-11e8-b2bc-ac1f6b6435d0,2,2
94baba96-bbaa-11e8-b2ba-ac1f6b6435d0,7,7
94bd518a-bbb3-11e8-b2ba-ac1f6b6435d0,19,19
94bfd2ac-bbb8-11e8-b2ba-ac1f6b6435d0,21,21
94c102d0-bbbd-11e8-b2ba-ac1f6b6435d0,7 0,0 7
94c17dca-bbac-11e8-b2ba-ac1f6b6435d0,22 7 0,0 22
94c5c2de-bb9a-11e8-b2b9-ac1f6b6435d0,23,23
94c7135e-bbbe-11e8-b2ba-ac1f6b6435d0,3,3
94cb9f30-bbc5-11e8-b2bc-ac1f6b6435d0,2,2
94cc2bfa-bbb9-11e8-b2ba-ac1f6b6435d0,25 2,0 2 25
94ccc19a-bbb0-11e8-b2ba-ac1f6b6435d0,19 7 0,0
94cded10-bbae-11e8-b2ba-ac1f6b6435d0,23,6
94cebf42-bba4-11e8-b2b9-ac1f6b6435d0,19 0,0
94cfbca2-bb9b-11e8-b2b9-ac1f6b6435d0,25 0,0 25
94cfd79e-bbb6-11e8-b2ba-ac1f6b6435d0,19,19
94d0e624-bb99-11e8-b2b9-ac1f6b6435d0,25 0,0
94d31896-bbca-11e8-b2bc-ac1f6b6435d0,25 0,0 21 25
94d48294-bbc0-11e8-b2bb-ac1f6b6435d0,25 1,1
94d8c0de-bbc0-11e8-b2bb-ac1f6b6435d0,25 0,0 25
94dbb096-bbbb-11e8-b2ba-ac1f6b6435d0,0,4
94e15b94-bbad-11e8-b2ba-ac1f6b6435d0,7,7
94e1e0d0-bbb9-11e8-b2ba-ac1f6b6435d0,25 11,11 25
94e322b0-bbc8-11e8-b2bc-ac1f6b6435d0,25 0,25
94e33c64-bb9b-11e8-b2b9-ac1f6b6435d0,12 25 21,12 21 25
94e476d8-bbaf-11e8-b2ba-ac1f6b6435d0,7 0,0 23
94e5d62c-bbb4-11e8-b2ba-ac1f6b6435d0,11,4
94e97d08-bbbf-11e8-b2bb-ac1f6b6435d0,0,0
94eb5e20-bbab-11e8-b2ba-ac1f6b6435d0,2 0,0 2
94ee3aec-bbaa-11e8-b2ba-ac1f6b6435d0,0 21,0 21
94eee580-bb9d-11e8-b2b9-ac1f6b6435d0,25 21,21
94f2bdf2-bb9a-11e8-b2b9-ac1f6b6435d0,25 14,2 25
94f6e1c2-bba2-11e8-b2b9-ac1f6b6435d0,3 0,3
94f77fea-bba4-11e8-b2b9-ac1f6b6435d0,23,6 23
94f8ad8c-bbb0-11e8-b2ba-ac1f6b6435d0,25 0,0 25
94f8b3a0-bbaf-11e8-b2ba-ac1f6b6435d0,22 21,0 22
94fa2a8a-bbca-11e8-b2bc-ac1f6b6435d0,12 0 21,0 12 21
94fb93e2-bbc6-11e8-b2bc-ac1f6b6435d0,4,0 4
94fd2fec-bbb5-11e8-b2ba-ac1f6b6435d0,16 14 0,14
9502b7bc-bbb7-11e8-b2ba-ac1f6b6435d0,14 2 0,0 14
9508bcae-bba6-11e8-b2ba-ac1f6b6435d0,6,11 25
950e21fc-bbbb-11e8-b2ba-ac1f6b6435d0,12,0 12
951084a6-bbac-11e8-b2ba-ac1f6b6435d0,6,6
9512feb8-bbb4-11e8-b2ba-ac1f6b6435d0,0,0
9515e652-bbb7-11e8-b2ba-ac1f6b6435d0,15 0,0 12
95171caa-bba5-11e8-b2ba-ac1f6b6435d0,25 5 2,2 5
9517ad78-bba0-11e8-b2b9-ac1f6b6435d0,1,1
9519a572-bbc5-11e8-b2bc-ac1f6b6435d0,3,0 3 25
951a13b4-bbb5-11e8-b2ba-ac1f6b6435d0,6,25
951dc0a4-bbc9-11e8-b2bc-ac1f6b6435d0,12 23 21,0 23
951e7c42-bba6-11e8-b2ba-ac1f6b6435d0,0 21,21
951eb51e-bbaf-11e8-b2ba-ac1f6b6435d0,25 4,4 25
9520e8ee-bbb3-11e8-b2ba-ac1f6b6435d0,11 3,11
952315a0-bbaf-11e8-b2ba-ac1f6b6435d0,14 3 0,0 3 14
95265750-bb9c-11e8-b2b9-ac1f6b6435d0,2 0,0 2
95275802-bbc0-11e8-b2bb-ac1f6b6435d0,3,3
9528ab88-bbc2-11e8-b2bb-ac1f6b6435d0,25,23
9529a3da-bb9a-11e8-b2b9-ac1f6b6435d0,1 2,1
952a63e0-bba6-11e8-b2ba-ac1f6b6435d0,25 4,4 25
95327332-bbc4-11e8-b2bc-ac1f6b6435d0,23 2,2 23
9533be0a-bbaa-11e8-b2ba-ac1f6b6435d0,12 25 21,12 21 25
95384666-bbc6-11e8-b2bc-ac1f6b6435d0,19 25,19 25
953d8bd8-bbbe-11e8-b2ba-ac1f6b6435d0,12 25,12 21
953e935e-bbc6-11e8-b2bc-ac1f6b6435d0,0,0
9544ee3c-bbc8-11e8-b2bc-ac1f6b6435d0,19 25,25
9546a6e6-bba5-11e8-b2ba-ac1f6b6435d0,25,25
9547bd36-bbb1-11e8-b2ba-ac1f6b6435d0,0,0
954886ce-bbbd-11e8-b2ba-ac1f6b6435d0,25,25
9549b5ce-bbbf-11e8-b2bb-ac1f6b6435d0,0,0
954b1a48-bbb2-11e8-b2ba-ac1f6b6435d0,7,7
954e5e02-bb9d-11e8-b2b9-ac1f6b6435d0,0,0
954ea85c-bba8-11e8-b2ba-ac1f6b6435d0,7,13
954fb0e8-bbb3-11e8-b2ba-ac1f6b6435d0,5,5
9551c324-bb9a-11e8-b2b9-ac1f6b6435d0,4,0
95536086-bba8-11e8-b2ba-ac1f6b6435d0,25 0,0 25
955389ac-bbc7-11e8-b2bc-ac1f6b6435d0,23,23
95586764-bbaa-11e8-b2ba-ac1f6b6435d0,4,0
955a56ae-bbc9-11e8-b2bc-ac1f6b6435d0,23 0,0 23
955e5d1a-bb99-11e8-b2b9-ac1f6b6435d0,14,14
955f485a-bb9f-11e8-b2b9-ac1f6b6435d0,22,22
95627fcc-bbc5-11e8-b2bc-ac1f6b6435d0,22 25,22 25
95683c42-bbab-11e8-b2ba-ac1f6b6435d0,4,5
9568c74a-bbbd-11e8-b2ba-ac1f6b6435d0,5 0,0
9568c808-bba9-11e8-b2ba-ac1f6b6435d0,23,23
9574941a-bbb0-11e8-b2ba-ac1f6b6435d0,7 5 1,0 1 5 7
95805f8c-bbb2-11e8-b2ba-ac1f6b6435d0,25 2,0 2 25
9583343e-bbc4-11e8-b2bc-ac1f6b6435d0,5,0
95850fb4-bb99-11e8-b2b9-ac1f6b6435d0,21,21 25
95887fea-bbae-11e8-b2ba-ac1f6b6435d0,1,1 6 25
9588d192-bba5-11e8-b2ba-ac1f6b6435d0,4 2,4
95894168-bba5-11e8-b2ba-ac1f6b6435d0,4,4
95898e12-bbae-11e8-b2ba-ac1f6b6435d0,22 25 3 21,13 21 25
9593383a-bbaf-11e8-b2ba-ac1f6b6435d0,25,6
9594bc22-bbab-11e8-b2ba-ac1f6b6435d0,0,0
9594d236-bbbd-11e8-b2ba-ac1f6b6435d0,18 0,0 18
9595ded6-bbab-11e8-b2ba-ac1f6b6435d0,16 7,7
959b8e90-bbc8-11e8-b2bc-ac1f6b6435d0,25 2 21,2 25
959c4496-bbc5-11e8-b2bc-ac1f6b6435d0,25,0 25
95a078a8-bbb2-11e8-b2ba-ac1f6b6435d0,2 0,0 2
95a55208-bbb5-11e8-b2ba-ac1f6b6435d0,25 23 0,0
95a59b66-bb9a-11e8-b2b9-ac1f6b6435d0,25 14,14
95a73a38-bbc3-11e8-b2bc-ac1f6b6435d0,25 0,0 25
95a7f2a6-bbbf-11e8-b2bb-ac1f6b6435d0,22,21 22
95ad0b44-bbb8-11e8-b2ba-ac1f6b6435d0,25 7 4,4 7 25
95af9900-bbad-11e8-b2ba-ac1f6b6435d0,0,0 3
95b35dc2-bba0-11e8-b2b9-ac1f6b6435d0,2 0,0 2
95b52fe2-bbac-11e8-b2ba-ac1f6b6435d0,23,0 23
95b6fea8-bbc5-11e8-b2bc-ac1f6b6435d0,7 5,0 7
95bce7bc-bbc7-11e8-b2bc-ac1f6b6435d0,19,18
95bf9c90-bbc3-11e8-b2bc-ac1f6b6435d0,11 0,0 24
95c1f304-bbab-11e8-b2ba-ac1f6b6435d0,4,4
95c201da-bba3-11e8-b2b9-ac1f6b6435d0,7,7
95c2a73a-bb9d-11e8-b2b9-ac1f6b6435d0,0,0
95c5771e-bbaa-11e8-b2ba-ac1f6b6435d0,23 4,23
95c58500-bbc9-11e8-b2bc-ac1f6b6435d0,3 0,0 3
95c5fc6e-bbb1-11e8-b2ba-ac1f6b6435d0,4,4
95c65180-bb9f-11e8-b2b9-ac1f6b6435d0,23 0,0 23
95c67da0-bbb2-11e8-b2ba-ac1f6b6435d0,3,3
95c87a1c-bbbf-11e8-b2bb-ac1f6b6435d0,25 0,0
95c93484-bbba-11e8-b2ba-ac1f6b6435d0,25 4,4
95cb792e-bb9c-11e8-b2b9-ac1f6b6435d0,1 0,0 1
95cc6252-bba7-11e8-b2ba-ac1f6b6435d0,26 4,4 26
95d5b530-bbc7-11e8-b2bc-ac1f6b6435d0,20,8 20 25
95d76e00-bba6-11e8-b2ba-ac1f6b6435d0,14 4,4 14
95d85fae-bbbf-11e8-b2bb-ac1f6b6435d0,3 0,0 19
95d8ee08-bbb8-11e8-b2ba-ac1f6b6435d0,18,18
95d9bbe4-bba9-11e8-b2ba-ac1f6b6435d0,0,26
95dab09c-bbc4-11e8-b2bc-ac1f6b6435d0,25 23 0,0 25
95db42d4-bb9a-11e8-b2b9-ac1f6b6435d0,1 0,0 1
95e18aec-bbb6-11e8-b2ba-ac1f6b6435d0,19 25 0,0 19 25
95e1e5e6-bbc0-11e8-b2bb-ac1f6b6435d0,5 0,0 5
95e333fc-bbb5-11e8-b2ba-ac1f6b6435d0,16,0 25
95e3606e-bbc6-11e8-b2bc-ac1f6b6435d0,11,11
95e56752-bbb6-11e8-b2ba-ac1f6b6435d0,25,25
95e6d0f2-bbc9-11e8-b2bc-ac1f6b6435d0,25 0,0 25
95e7d7e8-bbc1-11e8-b2bb-ac1f6b6435d0,25 0,0 25
95ed21cc-bbb1-11e8-b2ba-ac1f6b6435d0,0,0
95ed3c70-bbbb-11e8-b2ba-ac1f6b6435d0,22 0,0 22
95ee4318-bbb1-11e8-b2ba-ac1f6b6435d0,2 0,0 2
95ef75b2-bbca-11e8-b2bc-ac1f6b6435d0,11,11
95f0c6bc-bbb9-11e8-b2ba-ac1f6b6435d0,0,0
95f24764-bb9e-11e8-b2b9-ac1f6b6435d0,23 0,0 23 25
95f2dc76-bbb0-11e8-b2ba-ac1f6b6435d0,19 0,0 19
95f3233e-bba1-11e8-b2b9-ac1f6b6435d0,6,6
95f3d602-bbc5-11e8-b2bc-ac1f6b6435d0,2,2
95f3ecb2-bbae-11e8-b2ba-ac1f6b6435d0,4 0,0
95f64d44-bbb9-11e8-b2ba-ac1f6b6435d0,2 0,0
95f94eca-bb9d-11e8-b2b9-ac1f6b6435d0,18 0,0 25
95f989c4-bba4-11e8-b2b9-ac1f6b6435d0,25 0,5 25
95fb3ffa-bba7-11e8-b2ba-ac1f6b6435d0,0,0
95fbe00a-bba1-11e8-b2b9-ac1f6b6435d0,7,7
95fc5f1a-bbad-11e8-b2ba-ac1f6b6435d0,2,2
95fea1f6-bb9b-11e8-b2b9-ac1f6b6435d0,21,21
95ff5e88-bba6-11e8-b2ba-ac1f6b6435d0,25 0,0 25
95ff68f4-bbbc-11e8-b2ba-ac1f6b6435d0,3 0,0 25
9602bce0-bbb0-11e8-b2ba-ac1f6b6435d0,23 0,0 23
96068776-bbc4-11e8-b2bc-ac1f6b6435d0,19,18
96068a60-bbbe-11e8-b2ba-ac1f6b6435d0,25 0,0 25
9606e3a4-bb9e-11e8-b2b9-ac1f6b6435d0,25 18 21,18 25
960829e0-bbb6-11e8-b2ba-ac1f6b6435d0,3,3
960bc4de-bba1-11e8-b2b9-ac1f6b6435d0,25 5 0,5
9610cae6-bbc0-11e8-b2bb-ac1f6b6435d0,0,0
961833b8-bbb5-11e8-b2ba-ac1f6b6435d0,12,12
9618d35e-bbba-11e8-b2ba-ac1f6b6435d0,7 5 0,0 7
961adcb8-bba0-11e8-b2b9-ac1f6b6435d0,7 0,0
961d418c-bb9c-11e8-b2b9-ac1f6b6435d0,7 0,0 7
962290f0-bbbb-11e8-b2ba-ac1f6b6435d0,25 0,26
9622bc5c-bbc9-11e8-b2bc-ac1f6b6435d0,23 0,23
96277046-bbbd-11e8-b2ba-ac1f6b6435d0,19 0,0 18 19
9627bd58-bb9a-11e8-b2b9-ac1f6b6435d0,11,11
962a9eb2-bbbb-11e8-b2ba-ac1f6b6435d0,7,7
962acc9a-bbb9-11e8-b2ba-ac1f6b6435d0,4,4
962b2cba-bbb6-11e8-b2ba-ac1f6b6435d0,2 0,0
962c85f0-bbb7-11e8-b2ba-ac1f6b6435d0,2,2
9630597e-bbbb-11e8-b2ba-ac1f6b6435d0,0,0
9636ae56-bb9c-11e8-b2b9-ac1f6b6435d0,25 5,5 25
963909e8-bba2-11e8-b2b9-ac1f6b6435d0,22 2 0,0 2
96394f08-bb9c-11e8-b2b9-ac1f6b6435d0,6,1 25
963c3d24-bb99-11e8-b2b9-ac1f6b6435d0,19 0,0 19
963d1844-bb9d-11e8-b2b9-ac1f6b6435d0,6,6
963e33d2-bbb6-11e8-b2ba-ac1f6b6435d0,25 0,6
963ebfee-bb9a-11e8-b2b9-ac1f6b6435d0,25,25
96418518-bbc6-11e8-b2bc-ac1f6b6435d0,23,25
96427802-bbac-11e8-b2ba-ac1f6b6435d0,24 25,25
964b0d14-bba2-11e8-b2b9-ac1f6b6435d0,0,0
9650b0e4-bbb5-11e8-b2ba-ac1f6b6435d0,21,21
9651bd2c-bbc9-11e8-b2bc-ac1f6b6435d0,5 0,0 26
9654a992-bbc9-11e8-b2bc-ac1f6b6435d0,6 5,5 6
965cadc6-bbb1-11e8-b2ba-ac1f6b6435d0,25 0,25
965e5954-bbbc-11e8-b2ba-ac1f6b6435d0,23,23
96603792-bba3-11e8-b2b9-ac1f6b6435d0,25 0,0 7 25
96624392-bbc7-11e8-b2bc-ac1f6b6435d0,2 0,0 2
9662468e-bba0-11e8-b2b9-ac1f6b6435d0,19,25
96643398-bbac-11e8-b2ba-ac1f6b6435d0,19 0,0 19
966e1382-bbc4-11e8-b2bc-ac1f6b6435d0,4,4
96743052-bb9f-11e8-b2b9-ac1f6b6435d0,3,0 3
96773df4-bba6-11e8-b2ba-ac1f6b6435d0,23 3,3 23
967757bc-bba6-11e8-b2ba-ac1f6b6435d0,25,25
967826d0-bb9f-11e8-b2b9-ac1f6b6435d0,21,0 21
967e2b98-bba4-11e8-b2b9-ac1f6b6435d0,21,6
967f9cb6-bbaa-11e8-b2ba-ac1f6b6435d0,6,6
9681f156-bbc2-11e8-b2bb-ac1f6b6435d0,25 1 21,1 21 25
96883b86-bbbf-11e8-b2bb-ac1f6b6435d0,16 25 0,0 16 25
968d28f6-bbad-11e8-b2ba-ac1f6b6435d0,0,0
96916bec-bbc5-11e8-b2bc-ac1f6b6435d0,21,2
96971788-bbc3-11e8-b2bc-ac1f6b6435d0,0,0
96971e16-bba2-11e8-b2b9-ac1f6b6435d0,25 5,2 11 25
9698a620-bbaf-11e8-b2ba-ac1f6b6435d0,3 0,0 2
9698ee10-bbb8-11e8-b2ba-ac1f6b6435d0,0,0
969c1830-bbbb-11e8-b2ba-ac1f6b6435d0,1 4,0
969cdc94-bbb0-11e8-b2ba-ac1f6b6435d0,0,0
969cefda-bbca-11e8-b2bc-ac1f6b6435d0,7,7
969f9a40-bbb7-11e8-b2ba-ac1f6b6435d0,5 0,0 5
96a0e154-bbbf-11e8-b2bb-ac1f6b6435d0,25 0,0
96a21a12-bba9-11e8-b2ba-ac1f6b6435d0,25 18,25
96a2e2ee-bbbd-11e8-b2ba-ac1f6b6435d0,25 3 0,0 3
96a5b8d4-bbc2-11e8-b2bb-ac1f6b6435d0,6,6
96a6d238-bbbc-11e8-b2ba-ac1f6b6435d0,0 21,0 21
96a7c766-bbb1-11e8-b2ba-ac1f6b6435d0,0 21,25
96a8a528-bba7-11e8-b2ba-ac1f6b6435d0,23,23
96a8e73a-bb99-11e8-b2b9-ac1f6b6435d0,7,7
96aa54be-bbb0-11e8-b2ba-ac1f6b6435d0,25 0,0 25
96aa80fa-bba7-11e8-b2ba-ac1f6b6435d0,22 0,0
96ac3ccc-bbae-11e8-b2ba-ac1f6b6435d0,5 21,5 21
96acd73a-bba5-11e8-b2ba-ac1f6b6435d0,7 0,0 7
96b35d6c-bbb4-11e8-b2ba-ac1f6b6435d0,23 0,0 23
96b5c63e-bbbd-11e8-b2ba-ac1f6b6435d0,0,0 11
96b824fe-bbab-11e8-b2ba-ac1f6b6435d0,22 0,0
96ba1d1c-bb9d-11e8-b2b9-ac1f6b6435d0,14,14 25
96ba2ade-bbbe-11e8-b2ba-ac1f6b6435d0,3,3 23
96bf77c4-bb9f-11e8-b2b9-ac1f6b6435d0,25,23
96bfd502-bb9a-11e8-b2b9-ac1f6b6435d0,6,6
96bff280-bb9f-11e8-b2b9-ac1f6b6435d0,21,21
96c1daf4-bbaf-11e8-b2ba-ac1f6b6435d0,0,0 25
96c2d694-bbb8-11e8-b2ba-ac1f6b6435d0,25 0 21,0 25
96c2f376-bbc8-11e8-b2bc-ac1f6b6435d0,5,5
96c65808-bbc4-11e8-b2bc-ac1f6b6435d0,6,6
96c7616a-bba8-11e8-b2ba-ac1f6b6435d0,7 0,0 7
96c88a50-bba2-11e8-b2b9-ac1f6b6435d0,1 0,0 4 5
96c8f03e-bbc6-11e8-b2bc-ac1f6b6435d0,22 0,0 22
96ca4bce-bba2-11e8-b2b9-ac1f6b6435d0,23 0,0
96cac5c8-bbc4-11e8-b2bc-ac1f6b6435d0,7 0,0 7
96cc12a4-bbc7-11e8-b2bc-ac1f6b6435d0,25 18,23
96cc16fe-bb9b-11e8-b2b9-ac1f6b6435d0,19 0,0
96cea5ca-bbbb-11e8-b2ba-ac1f6b6435d0,7,25
96d022d6-bbae-11e8-b2ba-ac1f6b6435d0,1 0,0 1
96d5c30e-bb9e-11e8-b2b9-ac1f6b6435d0,25,25
96d64a9c-bbbf-11e8-b2bb-ac1f6b6435d0,5,5
96d6dc2a-bba9-11e8-b2ba-ac1f6b6435d0,21,21
96d80e48-bba3-11e8-b2b9-ac1f6b6435d0,0 21,0 21
96d828a0-bbae-11e8-b2ba-ac1f6b6435d0,25 2 0,0 2
96da3498-bbad-11e8-b2ba-ac1f6b6435d0,19 0,0
96da5504-bba8-11e8-b2ba-ac1f6b6435d0,7,7
96db8c22-bba2-11e8-b2b9-ac1f6b6435d0,12,12 21
96dde456-bbb4-11e8-b2ba-ac1f6b6435d0,0,0
96dee75a-bba2-11e8-b2b9-ac1f6b6435d0,6 0,6
96e4b482-bbb1-11e8-b2ba-ac1f6b6435d0,4,4 19 25
96e4b916-bbc8-11e8-b2bc-ac1f6b6435d0,25,21
96e7e014-bbb9-11e8-b2ba-ac1f6b6435d0,5,5
96eab75e-bba9-11e8-b2ba-ac1f6b6435d0,25 0,25
96eb4174-bbae-11e8-b2ba-ac1f6b6435d0,25 3,0 3 25
96ec137a-bbbc-11e8-b2ba-ac1f6b6435d0,7,7
96f063c2-bbca-11e8-b2bc-ac1f6b6435d0,18,18
96f2069a-bbc1-11e8-b2bb-ac1f6b6435d0,12 25 0,12
96f487f6-bb9b-11e8-b2b9-ac1f6b6435d0,1 0,0 1
96f83fde-bbca-11e8-b2bc-ac1f6b6435d0,23,23
96f84308-bbc5-11e8-b2bc-ac1f6b6435d0,2 0,2
96f9e96a-bbc5-11e8-b2bc-ac1f6b6435d0,14,14
96fa5c48-bb9c-11e8-b2b9-ac1f6b6435d0,23 2,2 23
96fb0a0a-bba4-11e8-b2b9-ac1f6b6435d0,4,4
96fc2aaa-bbba-11e8-b2ba-ac1f6b6435d0,3,3
96fd4076-bbaf-11e8-b2ba-ac1f6b6435d0,25 5,0 5 25
96fd612c-bbbf-11e8-b2bb-ac1f6b6435d0,14,14
96fd6e28-bba7-11e8-b2ba-ac1f6b6435d0,13 21,13
9700b00e-bb9a-11e8-b2b9-ac1f6b6435d0,12 0 21,0 12
9701bbe8-bb9a-11e8-b2b9-ac1f6b6435d0,7 2 0,0 2 7
97033b82-bbac-11e8-b2ba-ac1f6b6435d0,0,0 25
9704aca0-bbad-11e8-b2ba-ac1f6b6435d0,0,0
97056704-bb9d-11e8-b2b9-ac1f6b6435d0,0,0 25
9708196c-bbb2-11e8-b2ba-ac1f6b6435d0,7,7
9709d93e-bb9c-11e8-b2b9-ac1f6b6435d0,12 0,0 12
9712fd7a-bba1-11e8-b2b9-ac1f6b6435d0,22,22
971643f6-bbc7-11e8-b2bc-ac1f6b6435d0,23,23
9716b492-bbc4-11e8-b2bc-ac1f6b6435d0,25 5 0,0 5
9719b582-bb99-11e8-b2b9-ac1f6b6435d0,25 5,0 25
971eee8e-bba9-11e8-b2ba-ac1f6b6435d0,23 2 0,0 2 23
971fa27a-bb9a-11e8-b2b9-ac1f6b6435d0,23,23
97202a8a-bbac-11e8-b2ba-ac1f6b6435d0,19,19
97227d30-bbc0-11e8-b2bb-ac1f6b6435d0,11,11
9724c57e-bbbe-11e8-b2ba-ac1f6b6435d0,7,7
97289074-bbc7-11e8-b2bc-ac1f6b6435d0,2,2
9728edf8-bba4-11e8-b2b9-ac1f6b6435d0,0,0
97294ef2-bbc1-11e8-b2bb-ac1f6b6435d0,2 0,0 2
972ac9b4-bbba-11e8-b2ba-ac1f6b6435d0,25 4,25
972e1982-bba3-11e8-b2b9-ac1f6b6435d0,25 0,0 21
972f5d08-bbab-11e8-b2ba-ac1f6b6435d0,23,6
972f755a-bba5-11e8-b2ba-ac1f6b6435d0,25,25
9730b59e-bbac-11e8-b2ba-ac1f6b6435d0,25 0,0 25
9730b7cc-bbb8-11e8-b2ba-ac1f6b6435d0,5,5
9730baf8-bba7-11e8-b2ba-ac1f6b6435d0,0,0
97313322-bbc8-11e8-b2bc-ac1f6b6435d0,19,19
97363a30-bba9-11e8-b2ba-ac1f6b6435d0,0,0 25
9736deca-bba6-11e8-b2ba-ac1f6b6435d0,25,25
973e1604-bbbf-11e8-b2bb-ac1f6b6435d0,7,0 7
974179d8-bbb6-11e8-b2ba-ac1f6b6435d0,25,25
9741a426-bbc5-11e8-b2bc-ac1f6b6435d0,7 0,7
9742861e-bbb8-11e8-b2ba-ac1f6b6435d0,7,7 20
9745782a-bbc1-11e8-b2bb-ac1f6b6435d0,25 4,0 7
97457ae2-bbbb-11e8-b2ba-ac1f6b6435d0,22 0,0 22
9746380a-bbb7-11e8-b2ba-ac1f6b6435d0,0,0
97471440-bbc7-11e8-b2bc-ac1f6b6435d0,4,4
9747222c-bbaf-11e8-b2ba-ac1f6b6435d0,25 18,19 25
974dd7ae-bba8-11e8-b2ba-ac1f6b6435d0,23 2,2 23
974e9518-bba8-11e8-b2ba-ac1f6b6435d0,11,11
974f8490-bb9a-11e8-b2b9-ac1f6b6435d0,6,6
97500c82-bb9d-11e8-b2b9-ac1f6b6435d0,23,23
97528162-bbb9-11e8-b2ba-ac1f6b6435d0,21,21
9756ceb2-bba9-11e8-b2ba-ac1f6b6435d0,3 0,0 3
975c8fc2-bbaa-11e8-b2ba-ac1f6b6435d0,5,5
975fc608-bba3-11e8-b2b9-ac1f6b6435d0,14,14
97637dca-bbbc-11e8-b2ba-ac1f6b6435d0,7,7
97659216-bbbe-11e8-b2ba-ac1f6b6435d0,25 18 0,0 18
9769cb00-bbba-11e8-b2ba-ac1f6b6435d0,6,0 2 25
976b0392-bb99-11e8-b2b9-ac1f6b6435d0,23,23
976e2b02-bbb3-11e8-b2ba-ac1f6b6435d0,1 0,0 1
976e8f20-bbc7-11e8-b2bc-ac1f6b6435d0,23,0
9772b884-bba9-11e8-b2ba-ac1f6b6435d0,25 5,5 25
9773f938-bbbd-11e8-b2ba-ac1f6b6435d0,19 0,0 25
9773fe1e-bbaf-11e8-b2ba-ac1f6b6435d0,20,20
9774de96-bbab-11e8-b2ba-ac1f6b6435d0,16 0,0
977550a8-bba4-11e8-b2b9-ac1f6b6435d0,25 23 0,0 23 25
9779de44-bbc1-11e8-b2bb-ac1f6b6435d0,21,21
977b90d6-bbb2-11e8-b2ba-ac1f6b6435d0,12 4,12 25
977ccb6e-bbca-11e8-b2bc-ac1f6b6435d0,0,0 23
977ebdbe-bbae-11e8-b2ba-ac1f6b6435d0,0,0
9780cd7e-bbaa-11e8-b2ba-ac1f6b6435d0,0,0 1
9782b7f4-bbbb-11e8-b2ba-ac1f6b6435d0,7 0,6
9783321e-bbb7-11e8-b2ba-ac1f6b6435d0,25 0 21,0
97866db0-bbc3-11e8-b2bc-ac1f6b6435d0,25,25
9786f128-bbbd-11e8-b2ba-ac1f6b6435d0,25 2,3
9787662c-bbc1-11e8-b2bb-ac1f6b6435d0,7 0,0 7
9789d912-bbca-11e8-b2bc-ac1f6b6435d0,21,21
978aa4ca-bbaf-11e8-b2ba-ac1f6b6435d0,25 4,4
978ae766-bb99-11e8-b2b9-ac1f6b6435d0,6,6
97915e76-bba2-11e8-b2b9-ac1f6b6435d0,7 2 0,0 2 7
9794dd78-bbc3-11e8-b2bc-ac1f6b6435d0,2,0 2
9795515e-bba0-11e8-b2b9-ac1f6b6435d0,11,23
979b85c0-bba4-11e8-b2b9-ac1f6b6435d0,11,11
979c3384-bbaf-11e8-b2ba-ac1f6b6435d0,23,23
979d7e0a-bba1-11e8-b2b9-ac1f6b6435d0,0 21,0 25
979ecd78-bbab-11e8-b2ba-ac1f6b6435d0,19 3 0,0 3
979f4900-bbc0-11e8-b2bb-ac1f6b6435d0,1,1
97a0cb1c-bb9e-11e8-b2b9-ac1f6b6435d0,0,0
97a34230-bba2-11e8-b2b9-ac1f6b6435d0,6 7,7 25
97a43df6-bbb2-11e8-b2ba-ac1f6b6435d0,6,23
97a9561a-bbad-11e8-b2ba-ac1f6b6435d0,21,21
97aa35a8-bbc6-11e8-b2bc-ac1f6b6435d0,26,25
97aabc98-bbb8-11e8-b2ba-ac1f6b6435d0,18 0,0 7 25
97aac740-bbc9-11e8-b2bc-ac1f6b6435d0,5 0,0 7
97aaf9c6-bbac-11e8-b2ba-ac1f6b6435d0,24 0,25
97ab6006-bba1-11e8-b2b9-ac1f6b6435d0,2 0,0 2
97acc8c0-bbc8-11e8-b2bc-ac1f6b6435d0,4,4
97ad7b9e-bbb9-11e8-b2ba-ac1f6b6435d0,25,6 25
97aea894-bba9-11e8-b2ba-ac1f6b6435d0,7 0,0 7
97b396c6-bba2-11e8-b2b9-ac1f6b6435d0,4,4
97b3acbc-bba5-11e8-b2ba-ac1f6b6435d0,0,0 25
97b6aaae-bbc1-11e8-b2bb-ac1f6b6435d0,25 0,0 25
97b8a87c-bbc6-11e8-b2bc-ac1f6b6435d0,7,7
97bbb41a-bbc4-11e8-b2bc-ac1f6b6435d0,2 0,0 2
97bd4ae0-bbc0-11e8-b2bb-ac1f6b6435d0,0,0
97be692a-bbca-11e8-b2bc-ac1f6b6435d0,5,5
97bfdf88-bbb3-11e8-b2ba-ac1f6b6435d0,23 0,0 23
97c1c32c-bba2-11e8-b2b9-ac1f6b6435d0,5,5
97c6925c-bba3-11e8-b2b9-ac1f6b6435d0,23,7 23
97c90600-bbbb-11e8-b2ba-ac1f6b6435d0,7,21
97cadfd2-bbae-11e8-b2ba-ac1f6b6435d0,25 21,14 21
97cc3d3c-bbb3-11e8-b2ba-ac1f6b6435d0,21,21
97d033d8-bb9a-11e8-b2b9-ac1f6b6435d0,23,23
97d27fc4-bbc9-11e8-b2bc-ac1f6b6435d0,25,0 25
97d2804a-bbac-11e8-b2ba-ac1f6b6435d0,5 0,0 5
97d4797a-bbbd-11e8-b2ba-ac1f6b6435d0,7,0 7
97d480dc-bba4-11e8-b2b9-ac1f6b6435d0,12 25,12
97d6721a-bba5-11e8-b2ba-ac1f6b6435d0,7 1 2 0,0 1 2 7
97d68a82-bbc0-11e8-b2bb-ac1f6b6435d0,7 4,4
97d784bc-bbb8-11e8-b2ba-ac1f6b6435d0,25 0,0 21
97d7bc6a-bbbe-11e8-b2ba-ac1f6b6435d0,18,18
97d81910-bbac-11e8-b2ba-ac1f6b6435d0,18,19
97d83a20-bbbc-11e8-b2ba-ac1f6b6435d0,7 5 0,0 5 7
97db980e-bbae-11e8-b2ba-ac1f6b6435d0,25 0,0 25
97e4e4e2-bba7-11e8-b2ba-ac1f6b6435d0,23,23
97e8e616-bbaa-11e8-b2ba-ac1f6b6435d0,0 21,0 21
97ec69ba-bbb6-11e8-b2ba-ac1f6b6435d0,14,14
97ed3768-bb9e-11e8-b2b9-ac1f6b6435d0,12 25 0,0
97ed4a38-bb9d-11e8-b2b9-ac1f6b6435d0,23,23
97ee81d0-bb9f-11e8-b2b9-ac1f6b6435d0,25 0,0 25
97f08e4e-bba4-11e8-b2b9-ac1f6b6435d0,11,11
97f1a69a-bba3-11e8-b2b9-ac1f6b6435d0,6 9 10,7
97f4953e-bbc2-11e8-b2bb-ac1f6b6435d0,21,22
97f523de-bbca-11e8-b2bc-ac1f6b6435d0,7,7
97f6d7da-bbaa-11e8-b2ba-ac1f6b6435d0,22,22
97f71fc0-bbb8-11e8-b2ba-ac1f6b6435d0,25 0,0 25
97fa286a-bba8-11e8-b2ba-ac1f6b6435d0,23,21
97ff4e94-bba3-11e8-b2b9-ac1f6b6435d0,23,5 23
97ffc59a-bbb7-11e8-b2ba-ac1f6b6435d0,4,4
980429a0-bb99-11e8-b2b9-ac1f6b6435d0,25 0,25
9805cf68-bbca-11e8-b2bc-ac1f6b6435d0,25 7,7 25
980c1428-bbba-11e8-b2ba-ac1f6b6435d0,5,0 3 5
980c6868-bbc1-11e8-b2bb-ac1f6b6435d0,7,7
980efe5e-bbb0-11e8-b2ba-ac1f6b6435d0,25,23 25
98108da2-bbc2-11e8-b2bb-ac1f6b6435d0,4,4
9816dcc4-bbc8-11e8-b2bc-ac1f6b6435d0,25 3,3 25
981827a8-bbac-11e8-b2ba-ac1f6b6435d0,0,5
98195390-bba6-11e8-b2ba-ac1f6b6435d0,25,25
981a82a8-bbb3-11e8-b2ba-ac1f6b6435d0,5 0 21,0 5 25
981cafdc-bbaf-11e8-b2ba-ac1f6b6435d0,0,0 7
981ce0be-bbc4-11e8-b2bc-ac1f6b6435d0,25 3 21,3 25
981fdda0-bbc4-11e8-b2bc-ac1f6b6435d0,0,0
98233b7e-bb99-11e8-b2b9-ac1f6b6435d0,23,23
9823dbcc-bba5-11e8-b2ba-ac1f6b6435d0,25,25
9828506e-bba8-11e8-b2ba-ac1f6b6435d0,14,14 25
982ab414-bbb0-11e8-b2ba-ac1f6b6435d0,23,23
982b2284-bbc7-11e8-b2bc-ac1f6b6435d0,25 2,2 25
982bf832-bbca-11e8-b2bc-ac1f6b6435d0,23,23
982c921a-bbb1-11e8-b2ba-ac1f6b6435d0,2,2
9832a714-bbba-11e8-b2ba-ac1f6b6435d0,2 0,0 2
9833005e-bba8-11e8-b2ba-ac1f6b6435d0,26,26
9836147e-bbc1-11e8-b2bb-ac1f6b6435d0,25 21,25
98372542-bba5-11e8-b2ba-ac1f6b6435d0,21,21
9837c2f6-bba8-11e8-b2ba-ac1f6b6435d0,7,2
9839980e-bbb9-11e8-b2ba-ac1f6b6435d0,0 21,0 21
983c0dd2-bbc8-11e8-b2bc-ac1f6b6435d0,16 25 0,0 16
983d83c6-bbc6-11e8-b2bc-ac1f6b6435d0,0 21,0 21
983f7aca-bbab-11e8-b2ba-ac1f6b6435d0,12 25,12
9840baee-bbb4-11e8-b2ba-ac1f6b6435d0,19 0,7
98410e28-bb9a-11e8-b2b9-ac1f6b6435d0,25 7 0,0 25
98459ee6-bbc4-11e8-b2bc-ac1f6b6435d0,25 18,25
9846c68c-bbb9-11e8-b2ba-ac1f6b6435d0,4,4
9846eb14-bbb2-11e8-b2ba-ac1f6b6435d0,0 21,0 21
984a5dd6-bbac-11e8-b2ba-ac1f6b6435d0,25 0,21 25
984a619c-bbbf-11e8-b2bb-ac1f6b6435d0,7 0,0 7
984b6fae-bba3-11e8-b2b9-ac1f6b6435d0,23,23
984ec8e4-bba7-11e8-b2ba-ac1f6b6435d0,25 3 0,5 25
9850dad8-bbc7-11e8-b2bc-ac1f6b6435d0,2,2 25
98512a98-bbb7-11e8-b2ba-ac1f6b6435d0,23,23
98545902-bbad-11e8-b2ba-ac1f6b6435d0,22 25 21,25
985498f6-bbab-11e8-b2ba-ac1f6b6435d0,3,3
9854c01e-bbb1-11e8-b2ba-ac1f6b6435d0,7 0,0 25
985cc034-bbc0-11e8-b2bb-ac1f6b6435d0,0 21,0 21 25
985ccc5a-bbbb-11e8-b2ba-ac1f6b6435d0,22 18,0
985dccbe-bbbf-11e8-b2bb-ac1f6b6435d0,21,21
9861f56c-bbb7-11e8-b2ba-ac1f6b6435d0,25,25
98623234-bba3-11e8-b2b9-ac1f6b6435d0,12 1 0 21,0 1 12
986248b0-bbb6-11e8-b2ba-ac1f6b6435d0,7,7
9862df48-bbaa-11e8-b2ba-ac1f6b6435d0,11,11
9864fcce-bbaa-11e8-b2ba-ac1f6b6435d0,14,14
986702ea-bba9-11e8-b2ba-ac1f6b6435d0,25 14,14 16 25
9869351c-bba7-11e8-b2ba-ac1f6b6435d0,23 4,4 23
986a5e7c-bbb3-11e8-b2ba-ac1f6b6435d0,6,6
986a857c-bba5-11e8-b2ba-ac1f6b6435d0,23 2,2 23
986b1108-bbc9-11e8-b2bc-ac1f6b6435d0,26,21
987794f0-bbba-11e8-b2ba-ac1f6b6435d0,0 21,21
9877d294-bba6-11e8-b2ba-ac1f6b6435d0,7,7
98785640-bba3-11e8-b2b9-ac1f6b6435d0,1 2,0 1 2
987b54b8-bbac-11e8-b2ba-ac1f6b6435d0,7 0,0 7
987d7236-bbb9-11e8-b2ba-ac1f6b6435d0,18 0,0 18 19
987e5e94-bbaf-11e8-b2ba-ac1f6b6435d0,22 0,4 25
9880c36a-bbc2-11e8-b2bb-ac1f6b6435d0,26,26
988175f2-bbc8-11e8-b2bc-ac1f6b6435d0,19,19
98823afe-bba1-11e8-b2b9-ac1f6b6435d0,22,22
9882b338-bbb7-11e8-b2ba-ac1f6b6435d0,4,0 2 7
988305b8-bbb7-11e8-b2ba-ac1f6b6435d0,25 0,0 25
9886369c-bbc7-11e8-b2bc-ac1f6b6435d0,5,0 5
9886665e-bbb2-11e8-b2ba-ac1f6b6435d0,23 4,4 23
98869a40-bbb5-11e8-b2ba-ac1f6b6435d0,5,5
9888ac9c-bbae-11e8-b2ba-ac1f6b6435d0,24 25,25
98895382-bba3-11e8-b2b9-ac1f6b6435d0,22 0,0 22
988a0a30-bbc0-11e8-b2bb-ac1f6b6435d0,23,23
988e79fc-bbad-11e8-b2ba-ac1f6b6435d0,25,25
9890bbce-bbc4-11e8-b2bc-ac1f6b6435d0,25,25
9891a4fa-bba4-11e8-b2b9-ac1f6b6435d0,23 0,0 5 23
98944d06-bba7-11e8-b2ba-ac1f6b6435d0,23,23
989a7b52-bba9-11e8-b2ba-ac1f6b6435d0,25,25
989d180e-bbc1-11e8-b2bb-ac1f6b6435d0,11,23
98a42cb2-bbb1-11e8-b2ba-ac1f6b6435d0,19,19
98a6b8d0-bbbe-11e8-b2ba-ac1f6b6435d0,25,25
98a7e044-bb9a-11e8-b2b9-ac1f6b6435d0,25 0,0 21
98aa9938-bba4-11e8-b2b9-ac1f6b6435d0,5 2,0 2
98ab1c72-bbb9-11e8-b2ba-ac1f6b6435d0,4,4
98ac565a-bbbe-11e8-b2ba-ac1f6b6435d0,23,23
98b00a36-bbb7-11e8-b2ba-ac1f6b6435d0,7,7
98b277fc-bba4-11e8-b2b9-ac1f6b6435d0,25 0 21,0 21 25
98b486f0-bbae-11e8-b2ba-ac1f6b6435d0,23 0,0 23
98b4f98c-bbbd-11e8-b2ba-ac1f6b6435d0,16 18 17 0,25
98b5f6c8-bba1-11e8-b2b9-ac1f6b6435d0,14,14
98b92380-bbaf-11e8-b2ba-ac1f6b6435d0,25 0,25 26
98baf6a8-bbc1-11e8-b2bb-ac1f6b6435d0,25 14,14 25
98bb984c-bba3-11e8-b2b9-ac1f6b6435d0,1 0,0 1
98bcf2d6-bbae-11e8-b2ba-ac1f6b6435d0,6,6
98be9d36-bbb6-11e8-b2ba-ac1f6b6435d0,26 0,0 5
98c19e26-bbb3-11e8-b2ba-ac1f6b6435d0,12,0 12
98c336b4-bbc7-11e8-b2bc-ac1f6b6435d0,11,5 11 25
98c4705c-bbc6-11e8-b2bc-ac1f6b6435d0,25 7 21,25
98c7888a-bba0-11e8-b2b9-ac1f6b6435d0,6 0,0 21
98c8e1b4-bb99-11e8-b2b9-ac1f6b6435d0,13,0 25
98d01c9c-bbc4-11e8-b2bc-ac1f6b6435d0,21,21
98db8826-bbaa-11e8-b2ba-ac1f6b6435d0,12 21,21 25
98dd9ed8-bbbc-11e8-b2ba-ac1f6b6435d0,7,7 25
98ddb604-bbb5-11e8-b2ba-ac1f6b6435d0,25 3,3 25
98ddb9aa-bbac-11e8-b2ba-ac1f6b6435d0,2,2
98dffbaa-bbb3-11e8-b2ba-ac1f6b6435d0,7 21,0 5
98dffe50-bba6-11e8-b2ba-ac1f6b6435d0,2,2
98e2dc22-bb9e-11e8-b2b9-ac1f6b6435d0,7 2,2 7
98e4ee22-bb99-11e8-b2b9-ac1f6b6435d0,25 4 3 21,3 25
98e757f6-bbbd-11e8-b2ba-ac1f6b6435d0,25,25
98e81aea-bbc9-11e8-b2bc-ac1f6b6435d0,23,23
98e83bca-bbaa-11e8-b2ba-ac1f6b6435d0,7,7
98e8e592-bb9c-11e8-b2b9-ac1f6b6435d0,23 2,2 23
98e9b65c-bb9c-11e8-b2b9-ac1f6b6435d0,7,7
98ecc24a-bbae-11e8-b2ba-ac1f6b6435d0,25 5,0 21 25
98f06b6c-bbbc-11e8-b2ba-ac1f6b6435d0,2,2
98f19ff6-bbc5-11e8-b2bc-ac1f6b6435d0,14,14
98f25664-bbc3-11e8-b2bc-ac1f6b6435d0,2 0,3
98f3922e-bbbc-11e8-b2ba-ac1f6b6435d0,6,1 6
98f5b638-bbbe-11e8-b2ba-ac1f6b6435d0,22 1 0,0 1 21
98fbf2b6-bbb7-11e8-b2ba-ac1f6b6435d0,24 25,24 25
98fc3f92-bbb6-11e8-b2ba-ac1f6b6435d0,7,7
98fcb6fe-bbaa-11e8-b2ba-ac1f6b6435d0,24 5,24
98fd9c5a-bbc7-11e8-b2bc-ac1f6b6435d0,19 0,0
98fe90ac-bbad-11e8-b2ba-ac1f6b6435d0,0,0
9900b7f4-bba0-11e8-b2b9-ac1f6b6435d0,25,25 26
99033496-bbb6-11e8-b2ba-ac1f6b6435d0,25 0,0 25
99096f08-bbb3-11e8-b2ba-ac1f6b6435d0,0,0
990aae74-bbc0-11e8-b2bb-ac1f6b6435d0,18 0,0 7 18
990bb6c0-bbc0-11e8-b2bb-ac1f6b6435d0,7 0,0 7
990c3efc-bbab-11e8-b2ba-ac1f6b6435d0,0,0
990c53ac-bba5-11e8-b2ba-ac1f6b6435d0,7,7
990dae16-bbad-11e8-b2ba-ac1f6b6435d0,13,25
990fa87a-bba2-11e8-b2b9-ac1f6b6435d0,5,3
99115644-bbb0-11e8-b2ba-ac1f6b6435d0,23,23
99117668-bba3-11e8-b2b9-ac1f6b6435d0,25,25
9911d5ec-bba1-11e8-b2b9-ac1f6b6435d0,22,21 25
991710bc-bbc3-11e8-b2bc-ac1f6b6435d0,23 0,0 5 25
9918a696-bbbb-11e8-b2ba-ac1f6b6435d0,25 5,11 25
9919e594-bbb4-11e8-b2ba-ac1f6b6435d0,23,23
991ab532-bb9b-11e8-b2b9-ac1f6b6435d0,6,6
991cd592-bba5-11e8-b2ba-ac1f6b6435d0,2,2
991ce44c-bbc8-11e8-b2bc-ac1f6b6435d0,25 0,0 25
9920a1fa-bba9-11e8-b2ba-ac1f6b6435d0,25 6,6 25
99265982-bbb9-11e8-b2ba-ac1f6b6435d0,4,4
9926d5a8-bbad-11e8-b2ba-ac1f6b6435d0,23,23
9926f5b8-bbaf-11e8-b2ba-ac1f6b6435d0,1 4 2 0,0
99298fb4-bbb7-11e8-b2ba-ac1f6b6435d0,21,21
992d8cda-bbb3-11e8-b2ba-ac1f6b6435d0,7 0 21,21
992ed91c-bbb0-11e8-b2ba-ac1f6b6435d0,0,0 25
992f1d26-bbb2-11e8-b2ba-ac1f6b6435d0,0,0
99311548-bbc3-11e8-b2bc-ac1f6b6435d0,21,21
99358284-bbb6-11e8-b2ba-ac1f6b6435d0,24 5,5 24
9935c712-bbc5-11e8-b2bc-ac1f6b6435d0,14,14
9936a972-bbb9-11e8-b2ba-ac1f6b6435d0,11 2,0 2
993a72a0-bbbe-11e8-b2ba-ac1f6b6435d0,3,3
993b3b54-bba5-11e8-b2ba-ac1f6b6435d0,0,0
993cbbd2-bba0-11e8-b2b9-ac1f6b6435d0,25 1 0,0 1 21 25
994296cc-bbca-11e8-b2bc-ac1f6b6435d0,23,23
994a5c46-bba6-11e8-b2ba-ac1f6b6435d0,25 4,4 25
994b4a50-bb99-11e8-b2b9-ac1f6b6435d0,0,0
994d3778-bb9b-11e8-b2b9-ac1f6b6435d0,25 0,0 25
994d3ff8-bb9a-11e8-b2b9-ac1f6b6435d0,25,25 26
994dc330-bbca-11e8-b2bc-ac1f6b6435d0,3,0
994e3826-bbb9-11e8-b2ba-ac1f6b6435d0,12,12
995078b2-bbb3-11e8-b2ba-ac1f6b6435d0,25,25 26
9952e1d0-bbca-11e8-b2bc-ac1f6b6435d0,23,0 23
995a24b0-bb9b-11e8-b2b9-ac1f6b6435d0,23,23
995e110e-bba2-11e8-b2b9-ac1f6b6435d0,4,4
9966273e-bbc2-11e8-b2bb-ac1f6b6435d0,5,5
99699dcc-bba6-11e8-b2ba-ac1f6b6435d0,23 2 0,0 25
9969d9f6-bbb8-11e8-b2ba-ac1f6b6435d0,14 2,2 14
996c78c2-bb9b-11e8-b2b9-ac1f6b6435d0,25 21,21 25
996cd6c0-bbc1-11e8-b2bb-ac1f6b6435d0,2,2
9971bf40-bbb8-11e8-b2ba-ac1f6b6435d0,2,0 2 25
9971dd2a-bbc9-11e8-b2bc-ac1f6b6435d0,25,7 25
99723930-bbb2-11e8-b2ba-ac1f6b6435d0,25,25
9973ef40-bb9f-11e8-b2b9-ac1f6b6435d0,3 0,0 3
99770fd2-bba8-11e8-b2ba-ac1f6b6435d0,25 0,0 25
99775390-bba6-11e8-b2ba-ac1f6b6435d0,2,2
99776978-bbb2-11e8-b2ba-ac1f6b6435d0,22 0,0 21
99786ace-bba5-11e8-b2ba-ac1f6b6435d0,25 7 0,25
99786f48-bbc7-11e8-b2bc-ac1f6b6435d0,23,23
997c3d3c-bbb1-11e8-b2ba-ac1f6b6435d0,0 21,0 21
997d65a6-bbc8-11e8-b2bc-ac1f6b6435d0,6,0 1
997e4fea-bbad-11e8-b2ba-ac1f6b6435d0,22 25,13 21 25
99815a7a-bbab-11e8-b2ba-ac1f6b6435d0,23,23
99825706-bb9a-11e8-b2b9-ac1f6b6435d0,25,25
9984a93e-bba4-11e8-b2b9-ac1f6b6435d0,25 0,5
99851fcc-bbbd-11e8-b2ba-ac1f6b6435d0,11 0,0 11
99863f1e-bbaf-11e8-b2ba-ac1f6b6435d0,25,25
998a2a34-bbb4-11e8-b2ba-ac1f6b6435d0,14 2,2 14
998dd0ea-bbae-11e8-b2ba-ac1f6b6435d0,4,0
998e5014-bba5-11e8-b2ba-ac1f6b6435d0,19,20 26
998fd6ae-bb9c-11e8-b2b9-ac1f6b6435d0,25 0,5 25
9991ae7c-bb9f-11e8-b2b9-ac1f6b6435d0,0,0
99928c0c-bbc2-11e8-b2bb-ac1f6b6435d0,0,0
99934838-bba7-11e8-b2ba-ac1f6b6435d0,0 21,0 21
999398e0-bbb8-11e8-b2ba-ac1f6b6435d0,24 2,24
999626c2-bbaa-11e8-b2ba-ac1f6b6435d0,25 18,25
999a0fa2-bba6-11e8-b2ba-ac1f6b6435d0,18,18
99a28e1c-bbc3-11e8-b2bc-ac1f6b6435d0,7,0 7
99a830ec-bbaa-11e8-b2ba-ac1f6b6435d0,0,0
99a86462-bbb5-11e8-b2ba-ac1f6b6435d0,4,4
99a8928e-bbc4-11e8-b2bc-ac1f6b6435d0,25 0,25
99a90592-bbc0-11e8-b2bb-ac1f6b6435d0,0,0
99abe586-bba8-11e8-b2ba-ac1f6b6435d0,23,23
99afb5b0-bbaf-11e8-b2ba-ac1f6b6435d0,25 5 1,1 25
99b13f6c-bbbd-11e8-b2ba-ac1f6b6435d0,11,11
99b36546-bb9d-11e8-b2b9-ac1f6b6435d0,25 0,25
99b44596-bba3-11e8-b2b9-ac1f6b6435d0,25 0,0 25
99b5d8ce-bbb3-11e8-b2ba-ac1f6b6435d0,5,0 5
99b6b9b6-bba3-11e8-b2b9-ac1f6b6435d0,22,22
99b78eb4-bbb6-11e8-b2ba-ac1f6b6435d0,23,23
99b8494a-bba6-11e8-b2ba-ac1f6b6435d0,0,0
99b9db18-bbb8-11e8-b2ba-ac1f6b6435d0,25 18 3 0,0
99ba2fb6-bba7-11e8-b2ba-ac1f6b6435d0,16 0,0 16
99bee274-bbc3-11e8-b2bc-ac1f6b6435d0,25 5,5 25
99c1df80-bba3-11e8-b2b9-ac1f6b6435d0,25,25
99c1f076-bbb5-11e8-b2ba-ac1f6b6435d0,4,4
99c3fbb0-bba0-11e8-b2b9-ac1f6b6435d0,14,14
99c49c6c-bbb6-11e8-b2ba-ac1f6b6435d0,25 18 0,0 14
99c96690-bba0-11e8-b2b9-ac1f6b6435d0,25 0,0
99cb9352-bbc8-11e8-b2bc-ac1f6b6435d0,14 2 0,0 14
99cba220-bbc3-11e8-b2bc-ac1f6b6435d0,4 0,4
99ccd3aa-bbb6-11e8-b2ba-ac1f6b6435d0,12,12
99cd2cb8-bbbd-11e8-b2ba-ac1f6b6435d0,12,12
99cfa3a8-bb9f-11e8-b2b9-ac1f6b6435d0,25 3,3 25
99d0821c-bbab-11e8-b2ba-ac1f6b6435d0,25 0 21,0 21 25
99d586f0-bbb4-11e8-b2ba-ac1f6b6435d0,7,7
99d7b080-bbb2-11e8-b2ba-ac1f6b6435d0,11,11
99d7de24-bbb3-11e8-b2ba-ac1f6b6435d0,7,7
99d8c1ec-bbc0-11e8-b2bb-ac1f6b6435d0,5 0,0 5
99dd290c-bbc1-11e8-b2bb-ac1f6b6435d0,7 0,0 7
99e2c262-bbbd-11e8-b2ba-ac1f6b6435d0,2 0,0 2
99e34284-bbc5-11e8-b2bc-ac1f6b6435d0,25 0,0 25
99e7a0de-bbc7-11e8-b2bc-ac1f6b6435d0,6,6
99e83aaa-bbca-11e8-b2bc-ac1f6b6435d0,6,23
99e84f48-bbc2-11e8-b2bb-ac1f6b6435d0,0 21,0 13 21
99e8dc38-bb9f-11e8-b2b9-ac1f6b6435d0,25 0,0 25
99ea85e0-bbb5-11e8-b2ba-ac1f6b6435d0,25 3,3 25
99eb9ce2-bbaa-11e8-b2ba-ac1f6b6435d0,16 25 0,0 16 25
99ed2524-bb9d-11e8-b2b9-ac1f6b6435d0,0,0 25
99ed4e12-bbb3-11e8-b2ba-ac1f6b6435d0,25 0,0 25
99ee93a0-bbac-11e8-b2ba-ac1f6b6435d0,25 21,21 25
99ef262c-bbbf-11e8-b2bb-ac1f6b6435d0,21,21
99f2ab06-bbc1-11e8-b2bb-ac1f6b6435d0,2 0,0 2
99f373d0-bbc4-11e8-b2bc-ac1f6b6435d0,2 0,5
99f84aaa-bbbe-11e8-b2ba-ac1f6b6435d0,0,0
99fc0b96-bbb8-11e8-b2ba-ac1f6b6435d0,23 0,0 23
9a027472-bbb3-11e8-b2ba-ac1f6b6435d0,23,23
9a03937a-bb9a-11e8-b2b9-ac1f6b6435d0,16 21,12
9a04b35c-bba1-11e8-b2b9-ac1f6b6435d0,7,5 25
9a078aac-bbc7-11e8-b2bc-ac1f6b6435d0,25,21
9a0d270c-bbc0-11e8-b2bb-ac1f6b6435d0,25 0 21,0 21 25
9a0d3aee-bbca-11e8-b2bc-ac1f6b6435d0,0,0
9a147558-bbc4-11e8-b2bc-ac1f6b6435d0,7,7
9a1603ae-bbc0-11e8-b2bb-ac1f6b6435d0,25 0 21,0 21 22
9a16bc46-bba6-11e8-b2ba-ac1f6b6435d0,23,23
9a1a3c76-bbbb-11e8-b2ba-ac1f6b6435d0,25 5 0,0 25
9a1ce528-bb9f-11e8-b2b9-ac1f6b6435d0,12 26 5 0,0 12
9a20eb52-bbbb-11e8-b2ba-ac1f6b6435d0,23 2,2 23
9a229698-bbb9-11e8-b2ba-ac1f6b6435d0,25,20 25
9a233dc2-bba1-11e8-b2b9-ac1f6b6435d0,26,25 26
9a23c244-bb9a-11e8-b2b9-ac1f6b6435d0,3,3
9a23c832-bb9c-11e8-b2b9-ac1f6b6435d0,0,23
9a2550ec-bbb7-11e8-b2ba-ac1f6b6435d0,25,0 25
9a2555a8-bbbf-11e8-b2bb-ac1f6b6435d0,2,3
9a257830-bbab-11e8-b2ba-ac1f6b6435d0,19 0,0 19
9a26698e-bbb5-11e8-b2ba-ac1f6b6435d0,25,25
9a297408-bbb0-11e8-b2ba-ac1f6b6435d0,2 0,0 2
9a2f06ea-bbae-11e8-b2ba-ac1f6b6435d0,5,5
9a3518ca-bba7-11e8-b2ba-ac1f6b6435d0,25 23,6
9a35aa42-bbc0-11e8-b2bb-ac1f6b6435d0,25 0,0
9a37ccc6-bbae-11e8-b2ba-ac1f6b6435d0,4,4
9a3b60ac-bb9a-11e8-b2b9-ac1f6b6435d0,25 7 0,0 7 25
9a3b6844-bbbe-11e8-b2ba-ac1f6b6435d0,7,0 7
9a3c91b2-bbc1-11e8-b2bb-ac1f6b6435d0,5 21,0
9a3e9c84-bb9c-11e8-b2b9-ac1f6b6435d0,12 21,12 21
9a3f918a-bba5-11e8-b2ba-ac1f6b6435d0,23,12
9a40bba2-bba3-11e8-b2b9-ac1f6b6435d0,25 5 0,0 25
9a43a5f2-bba2-11e8-b2b9-ac1f6b6435d0,11,11
9a45289c-bbb0-11e8-b2ba-ac1f6b6435d0,26 25,25
9a45fdca-bbb1-11e8-b2ba-ac1f6b6435d0,5 0,0 5
9a4691bc-bbbc-11e8-b2ba-ac1f6b6435d0,13 21,13 21
9a4ab6ae-bbc9-11e8-b2bc-ac1f6b6435d0,25 0,0 25 26
9a4c3342-bbb2-11e8-b2ba-ac1f6b6435d0,23,23
9a50cf88-bbad-11e8-b2ba-ac1f6b6435d0,3,3
9a51940e-bb99-11e8-b2b9-ac1f6b6435d0,23 4,25
9a52b9de-bb9d-11e8-b2b9-ac1f6b6435d0,25 0,0 25
9a53b752-bba3-11e8-b2b9-ac1f6b6435d0,2,2 21
9a569240-bba0-11e8-b2b9-ac1f6b6435d0,2,2
9a57a4b0-bbb8-11e8-b2ba-ac1f6b6435d0,25 18 17,21
9a588ba4-bbb9-11e8-b2ba-ac1f6b6435d0,25 14,14
9a616e34-bba2-11e8-b2b9-ac1f6b6435d0,0,0
9a641a74-bbc2-11e8-b2bb-ac1f6b6435d0,13 0,0 13
9a646324-bbb5-11e8-b2ba-ac1f6b6435d0,23,25
9a649160-bb9b-11e8-b2b9-ac1f6b6435d0,25 0,0 25
9a64d05a-bbb7-11e8-b2ba-ac1f6b6435d0,25 0,0 25
9a64e5f0-bbc0-11e8-b2bb-ac1f6b6435d0,4,4
9a65f902-bbae-11e8-b2ba-ac1f6b6435d0,25,0 25
9a665168-bbc2-11e8-b2bb-ac1f6b6435d0,25 0,0
9a6b8954-bbbc-11e8-b2ba-ac1f6b6435d0,2 0,0 2 7
9a6c3ce0-bbc7-11e8-b2bc-ac1f6b6435d0,25 0,25
9a6e1fa4-bbba-11e8-b2ba-ac1f6b6435d0,7,7
9a72148c-bb9d-11e8-b2b9-ac1f6b6435d0,21,21
9a721b9a-bbc9-11e8-b2bc-ac1f6b6435d0,25 2 0,0 2 25
9a74a038-bb9a-11e8-b2b9-ac1f6b6435d0,23,23
9a777dc6-bbc2-11e8-b2bb-ac1f6b6435d0,0,0
9a777eca-bbc2-11e8-b2bc-ac1f6b6435d0,26 25,25 26
9a779d02-bbbc-11e8-b2ba-ac1f6b6435d0,0 21,0 25
9a786436-bb9d-11e8-b2b9-ac1f6b6435d0,0,0
9a7a12a4-bba2-11e8-b2b9-ac1f6b6435d0,2 0,0
9a7af630-bbb4-11e8-b2ba-ac1f6b6435d0,2 0,0 2
9a7ed558-bb9a-11e8-b2b9-ac1f6b6435d0,11 5,5
9a829442-bba2-11e8-b2b9-ac1f6b6435d0,23,23
9a83a51e-bbbe-11e8-b2ba-ac1f6b6435d0,25 0,0 25
9a8427ee-bba7-11e8-b2ba-ac1f6b6435d0,12 0,12
9a846dc8-bbb9-11e8-b2ba-ac1f6b6435d0,19,19
9a8482f6-bbc6-11e8-b2bc-ac1f6b6435d0,19,19
9a8a26c0-bb9e-11e8-b2b9-ac1f6b6435d0,3 0,0 3
9a90df4a-bba0-11e8-b2b9-ac1f6b6435d0,22 0,4 22
9a917f04-bbb9-11e8-b2ba-ac1f6b6435d0,12 2 0,0
9a91ea6a-bbab-11e8-b2ba-ac1f6b6435d0,25 2,2 25
9a92003a-bbc0-11e8-b2bb-ac1f6b6435d0,0,0
9a923b4a-bbb1-11e8-b2ba-ac1f6b6435d0,22 0,0 22
9a937064-bbac-11e8-b2ba-ac1f6b6435d0,25 0,0
9a96cf48-bba2-11e8-b2b9-ac1f6b6435d0,0,0 19
9a9bf614-bbbe-11e8-b2ba-ac1f6b6435d0,2,2
9a9cb6a0-bbc6-11e8-b2bc-ac1f6b6435d0,22 21,21
9a9e1900-bbb2-11e8-b2ba-ac1f6b6435d0,2 0,0 2
9aa11620-bbc4-11e8-b2bc-ac1f6b6435d0,2 0,0 2
9aad68fe-bba5-11e8-b2ba-ac1f6b6435d0,4,4
9ab15b40-bbb3-11e8-b2ba-ac1f6b6435d0,12,12 21
9ab3cf50-bbc8-11e8-b2bc-ac1f6b6435d0,1 0,0 1
9ab8210a-bba9-11e8-b2ba-ac1f6b6435d0,25 0,0 25
9ab8be20-bbbe-11e8-b2ba-ac1f6b6435d0,5,5
9aba2712-bba3-11e8-b2b9-ac1f6b6435d0,14,14
9abe701a-bbc6-11e8-b2bc-ac1f6b6435d0,7 0 21,0 21
9ac4f2c6-bbb9-11e8-b2ba-ac1f6b6435d0,12,12
9ac52d68-bbc3-11e8-b2bc-ac1f6b6435d0,25 3,3 25
9ac70c24-bba4-11e8-b2b9-ac1f6b6435d0,14 2 0,2 14
9aca7fec-bb9c-11e8-b2b9-ac1f6b6435d0,7 1 0 21,0 1 7 21
9acb5c1a-bbb4-11e8-b2ba-ac1f6b6435d0,1,1
9acc1788-bb99-11e8-b2b9-ac1f6b6435d0,21,21
9acce30e-bba6-11e8-b2ba-ac1f6b6435d0,23,23
9acdb712-bbb9-11e8-b2ba-ac1f6b6435d0,25,25
9aceb874-bbaf-11e8-b2ba-ac1f6b6435d0,4,4
9ad31f74-bb9e-11e8-b2b9-ac1f6b6435d0,4,4
9ad397ce-bbb2-11e8-b2ba-ac1f6b6435d0,25 14 0,0 14
9ad6337e-bbaf-11e8-b2ba-ac1f6b6435d0,14 0,0 14
9ad700a8-bba8-11e8-b2ba-ac1f6b6435d0,2 0,0 2
9ad7372e-bbb4-11e8-b2ba-ac1f6b6435d0,12 25,12 14
9ad9dc0e-bbc3-11e8-b2bc-ac1f6b6435d0,18,18
9adb50bc-bbbd-11e8-b2ba-ac1f6b6435d0,25 0,0 21
9ade6bb6-bbb4-11e8-b2ba-ac1f6b6435d0,5,5
9ae0dd70-bbc2-11e8-b2bc-ac1f6b6435d0,23 0,0
9ae0e9b8-bbaf-11e8-b2ba-ac1f6b6435d0,5 0,0 5
9ae1a82a-bbba-11e8-b2ba-ac1f6b6435d0,2 21,0 2 25
9ae2b7b4-bba2-11e8-b2b9-ac1f6b6435d0,25,25
9ae30474-bba4-11e8-b2b9-ac1f6b6435d0,0,0 2 25
9ae39e26-bbbc-11e8-b2ba-ac1f6b6435d0,18,18
9ae3fb62-bbb4-11e8-b2ba-ac1f6b6435d0,0,0
9ae43656-bb9e-11e8-b2b9-ac1f6b6435d0,5,5
9ae60388-bbb1-11e8-b2ba-ac1f6b6435d0,3 0,0 3
9ae8ab7e-bbbb-11e8-b2ba-ac1f6b6435d0,7 0,0 5
9aeab70a-bb9f-11e8-b2b9-ac1f6b6435d0,25 0,0 26
9aeb578a-bbab-11e8-b2ba-ac1f6b6435d0,25 2,2 25
9aed96f8-bbba-11e8-b2ba-ac1f6b6435d0,16 14,14
9aef423a-bbbc-11e8-b2ba-ac1f6b6435d0,5 0,0 5
9af26480-bba1-11e8-b2b9-ac1f6b6435d0,7,7
9af32af6-bbaf-11e8-b2ba-ac1f6b6435d0,24 0,0 24
9af5c5cc-bb9b-11e8-b2b9-ac1f6b6435d0,7 0,0 7 25
9af71c4c-bbbe-11e8-b2ba-ac1f6b6435d0,7 0,0 7
9af818f8-bba6-11e8-b2ba-ac1f6b6435d0,25 1,25
9af9d994-bbb6-11e8-b2ba-ac1f6b6435d0,22,1 25
9afa44ee-bba5-11e8-b2ba-ac1f6b6435d0,6,6 23
9b00c9c4-bbad-11e8-b2ba-ac1f6b6435d0,13,13
9b02669e-bba8-11e8-b2ba-ac1f6b6435d0,23,23
9b08168a-bba7-11e8-b2ba-ac1f6b6435d0,25 0,0 25
9b085f5a-bba7-11e8-b2ba-ac1f6b6435d0,21,0
9b09a1de-bbb2-11e8-b2ba-ac1f6b6435d0,21,21
9b0d8b32-bbbc-11e8-b2ba-ac1f6b6435d0,0,0
9b0e9ba4-bba7-11e8-b2ba-ac1f6b6435d0,2 21,21
9b109f56-bba9-11e8-b2ba-ac1f6b6435d0,25 18 0,0 21
9b12875e-bbb7-11e8-b2ba-ac1f6b6435d0,25 0,0 25
9b15da14-bbbf-11e8-b2bb-ac1f6b6435d0,0,0 19
9b18c078-bbbd-11e8-b2ba-ac1f6b6435d0,17 0 21,0 17
9b1d02ae-bbaf-11e8-b2ba-ac1f6b6435d0,5 1,5
9b233838-bbc6-11e8-b2bc-ac1f6b6435d0,4,4
9b26619a-bbbf-11e8-b2bb-ac1f6b6435d0,4,0
9b2bae62-bbc8-11e8-b2bc-ac1f6b6435d0,5 0,0 5
9b2de0d4-bbbd-11e8-b2ba-ac1f6b6435d0,2 0,0 2
9b34e052-bb9d-11e8-b2b9-ac1f6b6435d0,23,23
9b35e238-bbc3-11e8-b2bc-ac1f6b6435d0,11 0,0
9b391022-bba8-11e8-b2ba-ac1f6b6435d0,23,23
9b39a344-bbac-11e8-b2ba-ac1f6b6435d0,25 18,18 25
9b39de56-bb9b-11e8-b2b9-ac1f6b6435d0,11,11
9b3c4ddc-bba8-11e8-b2ba-ac1f6b6435d0,25,25
9b3cbff8-bbbf-11e8-b2bb-ac1f6b6435d0,25 0,0 25
9b3e4364-bbb0-11e8-b2ba-ac1f6b6435d0,21,21
9b3ee16c-bba0-11e8-b2b9-ac1f6b6435d0,25,25
9b3f00a4-bbc1-11e8-b2bb-ac1f6b6435d0,25 18 17,17 18
9b46e692-bbb8-11e8-b2ba-ac1f6b6435d0,7 0 21,0 7 21
9b4844ae-bbba-11e8-b2ba-ac1f6b6435d0,21,0 25
9b5084f8-bbc8-11e8-b2bc-ac1f6b6435d0,3,2
9b5258aa-bbb9-11e8-b2ba-ac1f6b6435d0,21,21
9b5650a0-bb9f-11e8-b2b9-ac1f6b6435d0,2 0,0 2
9b5a0566-bbbc-11e8-b2ba-ac1f6b6435d0,5 0,5
9b5a6cf8-bbc7-11e8-b2bc-ac1f6b6435d0,23,23
9b5ba7aa-bbbb-11e8-b2ba-ac1f6b6435d0,23,23
9b5c7540-bbc5-11e8-b2bc-ac1f6b6435d0,23 0,0 23
9b5cff7e-bbb6-11e8-b2ba-ac1f6b6435d0,25 2,2 25
9b6157e4-bb9e-11e8-b2b9-ac1f6b6435d0,0,0
9b6399fc-bbc4-11e8-b2bc-ac1f6b6435d0,0,0
9b64fc9c-bb9d-11e8-b2b9-ac1f6b6435d0,26,26
9b652a02-bba0-11e8-b2b9-ac1f6b6435d0,19,19
9b67b672-bba1-11e8-b2b9-ac1f6b6435d0,25 2,2 25
9b687f4e-bbab-11e8-b2ba-ac1f6b6435d0,21,21
9b6cca7c-bbb0-11e8-b2ba-ac1f6b6435d0,16 7 17,17 18
9b6ef6c8-bbb3-11e8-b2ba-ac1f6b6435d0,19 0,0 19
9b70e9c0-bbad-11e8-b2ba-ac1f6b6435d0,25 18 0,18
9b7135fe-bbaf-11e8-b2ba-ac1f6b6435d0,19 5,19 25
9b7158b2-bb9c-11e8-b2b9-ac1f6b6435d0,25 8 21,25 26
9b737d6c-bbbb-11e8-b2ba-ac1f6b6435d0,25 21,12 25
9b75daac-bbb7-11e8-b2ba-ac1f6b6435d0,25 2,2 25
9b7b7b6a-bbad-11e8-b2ba-ac1f6b6435d0,1 0,0 1
9b877506-bbc0-11e8-b2bb-ac1f6b6435d0,14,14 25
9b8ac5e6-bb9b-11e8-b2b9-ac1f6b6435d0,4,4
9b8e3796-bb9e-11e8-b2b9-ac1f6b6435d0,19,19
9b8e7b32-bbaa-11e8-b2ba-ac1f6b6435d0,0 21,0 21
9b92c94c-bbac-11e8-b2ba-ac1f6b6435d0,23 5,4 23
9b939b12-bbaa-11e8-b2ba-ac1f6b6435d0,0,0 2
9b93a598-bbb0-11e8-b2ba-ac1f6b6435d0,25 21,21 25
9b949910-bbb7-11e8-b2ba-ac1f6b6435d0,25 21,21
9b952cc6-bbae-11e8-b2ba-ac1f6b6435d0,23,23
9b96ccd0-bbbc-11e8-b2ba-ac1f6b6435d0,0,0
9b97ee90-bbc0-11e8-b2bb-ac1f6b6435d0,0,0 2
9b98951a-bbad-11e8-b2ba-ac1f6b6435d0,22 0,0 22
9b9c5eda-bbac-11e8-b2ba-ac1f6b6435d0,20 0,0 20
9b9d600a-bbc5-11e8-b2bc-ac1f6b6435d0,11,0 25
9b9fb530-bbbb-11e8-b2ba-ac1f6b6435d0,23,23
9ba08d8e-bbca-11e8-b2bc-ac1f6b6435d0,0,0
9ba272c6-bbb0-11e8-b2ba-ac1f6b6435d0,19,19
9ba6c84a-bbb4-11e8-b2ba-ac1f6b6435d0,7 0,0 7
9ba8b968-bba3-11e8-b2b9-ac1f6b6435d0,25 2 0,0 2 25
9babb84e-bbb6-11e8-b2ba-ac1f6b6435d0,25,25
9bafef8a-bb99-11e8-b2b9-ac1f6b6435d0,5,5
9bb09f0c-bbad-11e8-b2ba-ac1f6b6435d0,14,14
9bb0eac6-bbb6-11e8-b2ba-ac1f6b6435d0,7 21,7
9bb113f6-bbc6-11e8-b2bc-ac1f6b6435d0,4,4 5
9bb24cdc-bbba-11e8-b2ba-ac1f6b6435d0,23,23
9bb46dcc-bba7-11e8-b2ba-ac1f6b6435d0,1 0,0 1
9bb5165a-bba2-11e8-b2b9-ac1f6b6435d0,25 0,0 1 21 25
9bb5c66e-bbb5-11e8-b2ba-ac1f6b6435d0,4,4
9bba0f92-bbad-11e8-b2ba-ac1f6b6435d0,21,21
9bba1b56-bbba-11e8-b2ba-ac1f6b6435d0,4,4
9bba6f9c-bbbb-11e8-b2ba-ac1f6b6435d0,25 5 0,0 21 25
9bbd0398-bbc9-11e8-b2bc-ac1f6b6435d0,0,7 25
9bbec9b4-bbbd-11e8-b2ba-ac1f6b6435d0,18,18 19
9bc13520-bbb6-11e8-b2ba-ac1f6b6435d0,21,25
9bc257f4-bbbe-11e8-b2ba-ac1f6b6435d0,23 5,5 23
9bc32ac0-bbba-11e8-b2ba-ac1f6b6435d0,25 7 0,0 7 25
9bc99ea8-bbc6-11e8-b2bc-ac1f6b6435d0,22 0,0
9bce2ad4-bb9b-11e8-b2b9-ac1f6b6435d0,21,21 25
9bd35bfa-bb99-11e8-b2b9-ac1f6b6435d0,12 1 21,1 21
9bd46d2c-bbb4-11e8-b2ba-ac1f6b6435d0,21,0 25
9bd65e68-bb99-11e8-b2b9-ac1f6b6435d0,5 0,5
9bd7a35a-bbac-11e8-b2ba-ac1f6b6435d0,11 2,6
9bd810ec-bbb6-11e8-b2ba-ac1f6b6435d0,7,25
9bd8e9aa-bbc9-11e8-b2bc-ac1f6b6435d0,0 21,0 21
9bd90cd0-bb99-11e8-b2b9-ac1f6b6435d0,23 0,0 12
9bdaf6ba-bbb4-11e8-b2ba-ac1f6b6435d0,23,23
9bddbfb2-bbaf-11e8-b2ba-ac1f6b6435d0,19 0,0
9bdeb0be-bba2-11e8-b2b9-ac1f6b6435d0,5,5 25
9be0cbca-bba6-11e8-b2ba-ac1f6b6435d0,25 23,23
9be10b44-bba6-11e8-b2ba-ac1f6b6435d0,25,25
9be1c346-bbb4-11e8-b2ba-ac1f6b6435d0,11,2
9be43d82-bbab-11e8-b2ba-ac1f6b6435d0,7,7
9be51942-bba5-11e8-b2ba-ac1f6b6435d0,25 7,7 25
9be5ab04-bbba-11e8-b2ba-ac1f6b6435d0,11,11
9be60094-bbac-11e8-b2ba-ac1f6b6435d0,0,0
9be6a58a-bba7-11e8-b2ba-ac1f6b6435d0,0,0
9be7a090-bb9b-11e8-b2b9-ac1f6b6435d0,25 0,0 25
9be84f30-bbab-11e8-b2ba-ac1f6b6435d0,2 0,0 1 3
9be94026-bba0-11e8-b2b9-ac1f6b6435d0,7 0,0 7
9bedf85a-bbaf-11e8-b2ba-ac1f6b6435d0,22 0,0 22
9bee8c3c-bbc5-11e8-b2bc-ac1f6b6435d0,0,0
9bf5fdd4-bbaa-11e8-b2ba-ac1f6b6435d0,0,0
9bf68f5e-bbca-11e8-b2bc-ac1f6b6435d0,0,0
9bf7900e-bbc8-11e8-b2bc-ac1f6b6435d0,12 21,12 21
9bfb4344-bba9-11e8-b2ba-ac1f6b6435d0,23,23
9bfc8ad8-bb9a-11e8-b2b9-ac1f6b6435d0,23 2,23
9bfe4bf6-bbbe-11e8-b2ba-ac1f6b6435d0,21,21
9c01b91e-bbb2-11e8-b2ba-ac1f6b6435d0,25 2,0 2 25
9c041038-bb99-11e8-b2b9-ac1f6b6435d0,2 0,0 2
9c054a3c-bbc3-11e8-b2bc-ac1f6b6435d0,23 0,0 23
9c09315a-bbb0-11e8-b2ba-ac1f6b6435d0,14,14
9c0a6672-bbb7-11e8-b2ba-ac1f6b6435d0,21,21 22
9c0f5742-bb9c-11e8-b2b9-ac1f6b6435d0,7 0,0 2 7
9c0fb1c2-bbb7-11e8-b2ba-ac1f6b6435d0,0,0 25
9c144660-bbc1-11e8-b2bb-ac1f6b6435d0,25 0,0 25
9c16561c-bbbc-11e8-b2ba-ac1f6b6435d0,25 2 0,0 21
9c18a43e-bb9a-11e8-b2b9-ac1f6b6435d0,4 2,4
9c1a9896-bbc4-11e8-b2bc-ac1f6b6435d0,25,25
9c1d2afc-bbba-11e8-b2ba-ac1f6b6435d0,2 0,0 2
9c20a1c0-bbb8-11e8-b2ba-ac1f6b6435d0,25 3 0,0 3 25
9c20ae3c-bbb7-11e8-b2ba-ac1f6b6435d0,25 7 0,0 1 25
9c215196-bbaa-11e8-b2ba-ac1f6b6435d0,25 0 21,21 25
9c2544d2-bbbd-11e8-b2ba-ac1f6b6435d0,7 2,25
9c2599ba-bba8-11e8-b2ba-ac1f6b6435d0,5,3
9c268190-bbad-11e8-b2ba-ac1f6b6435d0,12 21,12 21
9c275e4c-bba5-11e8-b2ba-ac1f6b6435d0,25,25
9c2797aa-bbb8-11e8-b2ba-ac1f6b6435d0,0,0 25
9c28e258-bbaa-11e8-b2ba-ac1f6b6435d0,7,7 23
9c2c592e-bba5-11e8-b2ba-ac1f6b6435d0,3,3
9c2df81e-bbbf-11e8-b2bb-ac1f6b6435d0,1,0 1
9c2f13a4-bbc7-11e8-b2bc-ac1f6b6435d0,19 25 0,0 21
9c31e32a-bbb0-11e8-b2ba-ac1f6b6435d0,25 21,21
9c3447f0-bba6-11e8-b2ba-ac1f6b6435d0,23 0,0
9c4066e8-bba1-11e8-b2b9-ac1f6b6435d0,7,7
9c42e842-bbc8-11e8-b2bc-ac1f6b6435d0,4,4
9c442056-bba3-11e8-b2b9-ac1f6b6435d0,0,0
9c47d392-bba6-11e8-b2ba-ac1f6b6435d0,11,11
9c49d498-bba2-11e8-b2b9-ac1f6b6435d0,7 0,0 2 7
9c4f2a5c-bba1-11e8-b2b9-ac1f6b6435d0,2 0,0 2
9c51ad0c-bba8-11e8-b2ba-ac1f6b6435d0,25 2,0 2 25
9c52da74-bbb2-11e8-b2ba-ac1f6b6435d0,5,0
9c53da5c-bbb0-11e8-b2ba-ac1f6b6435d0,25 5 0,0 3
9c54e58a-bba8-11e8-b2ba-ac1f6b6435d0,2 0,0 2 21
9c55a820-bbae-11e8-b2ba-ac1f6b6435d0,25 14 0,0 14
9c57ddb6-bb9f-11e8-b2b9-ac1f6b6435d0,5,5
9c57e726-bbb2-11e8-b2ba-ac1f6b6435d0,23,23
9c5bde72-bbb6-11e8-b2ba-ac1f6b6435d0,11 5,11
9c5d3b22-bbc6-11e8-b2bc-ac1f6b6435d0,23,21
9c5de500-bbca-11e8-b2bc-ac1f6b6435d0,25 0 21,0 22
9c5f3314-bba8-11e8-b2ba-ac1f6b6435d0,25,25
9c6098f8-bbb7-11e8-b2ba-ac1f6b6435d0,19 2 0,0 18
9c6309fa-bbb5-11e8-b2ba-ac1f6b6435d0,25 2,2 6 25
9c63657c-bbc8-11e8-b2bc-ac1f6b6435d0,18,18
9c65a934-bbb1-11e8-b2ba-ac1f6b6435d0,25,16 17 25
9c65d6b0-bbc6-11e8-b2bc-ac1f6b6435d0,19 0,0 19
9c6ed696-bbc3-11e8-b2bc-ac1f6b6435d0,0,0
9c726162-bba0-11e8-b2b9-ac1f6b6435d0,19 7 16,7 16
9c757162-bba1-11e8-b2b9-ac1f6b6435d0,2,2
9c75b8ee-bbbe-11e8-b2ba-ac1f6b6435d0,2 0,0
9c767dca-bba9-11e8-b2ba-ac1f6b6435d0,23 4,4 23
9c77b238-bbc9-11e8-b2bc-ac1f6b6435d0,21,21
9c7867c2-bbca-11e8-b2bc-ac1f6b6435d0,4 21,4 25
9c7a9f6a-bbbb-11e8-b2ba-ac1f6b6435d0,12,12
9c7c2c5a-bba6-11e8-b2ba-ac1f6b6435d0,19 0,4
9c7cb59a-bbb9-11e8-b2ba-ac1f6b6435d0,6,6
9c7d066a-bbb6-11e8-b2ba-ac1f6b6435d0,22 21,0
9c814d10-bbbb-11e8-b2ba-ac1f6b6435d0,2 0,0 2
9c81e8b0-bbc5-11e8-b2bc-ac1f6b6435d0,19 0,0 19
9c89e552-bbab-11e8-b2ba-ac1f6b6435d0,5,5
9c8b8f14-bbc5-11e8-b2bc-ac1f6b6435d0,2,3
9c8be280-bbc9-11e8-b2bc-ac1f6b6435d0,19 25 0,0 25
9c8c3968-bbc6-11e8-b2bc-ac1f6b6435d0,4,4
9c92ab2e-bba1-11e8-b2b9-ac1f6b6435d0,1 2 0,0 2 21
9c9548b6-bbb0-11e8-b2ba-ac1f6b6435d0,19 0,0 19
9c9602ca-bba5-11e8-b2ba-ac1f6b6435d0,23,23
9c97db7c-bbc3-11e8-b2bc-ac1f6b6435d0,25,5 25
9c9ad6d0-bba8-11e8-b2ba-ac1f6b6435d0,25 2,2 25
9c9b891c-bbb8-11e8-b2ba-ac1f6b6435d0,25 5,0 25
9c9c608a-bb9f-11e8-b2b9-ac1f6b6435d0,24 2 0,0 2
9c9de18c-bbac-11e8-b2ba-ac1f6b6435d0,2,21 22
9ca66812-bbba-11e8-b2ba-ac1f6b6435d0,11 0,0 11
9caad06c-bbbc-11e8-b2ba-ac1f6b6435d0,0,0 25
9cab3ac2-bbb5-11e8-b2ba-ac1f6b6435d0,23,0 23
9cae321c-bba7-11e8-b2ba-ac1f6b6435d0,2 0,0 2
9cae5950-bbc4-11e8-b2bc-ac1f6b6435d0,25,21 25
9cb1e342-bbbd-11e8-b2ba-ac1f6b6435d0,7 2 0,0 2 7
9cb47b12-bba3-11e8-b2b9-ac1f6b6435d0,25 6,6 25
9cb5060a-bbca-11e8-b2bc-ac1f6b6435d0,25 0,0 25
9cb5a562-bb9b-11e8-b2b9-ac1f6b6435d0,23,8
9cb5b7da-bbc0-11e8-b2bb-ac1f6b6435d0,14,14
9cb5d28c-bba8-11e8-b2ba-ac1f6b6435d0,23 21,23
9cb82a42-bbc0-11e8-b2bb-ac1f6b6435d0,12,12
9cbb6762-bbbf-11e8-b2bb-ac1f6b6435d0,12 25,12
9cbb8988-bbb8-11e8-b2ba-ac1f6b6435d0,13 21,21 22
9cbcc426-bba7-11e8-b2ba-ac1f6b6435d0,5,0 5
9cc05cf0-bb9b-11e8-b2b9-ac1f6b6435d0,0,0 19
9cc2eecc-bba3-11e8-b2b9-ac1f6b6435d0,0,5 25
9cc307fa-bbb1-11e8-b2ba-ac1f6b6435d0,2,2
9cc4ae8a-bbab-11e8-b2ba-ac1f6b6435d0,19 4,4
9cc86a68-bb9f-11e8-b2b9-ac1f6b6435d0,0,0 7
9ccd965e-bbaa-11e8-b2ba-ac1f6b6435d0,6,25
9cce07dc-bbba-11e8-b2ba-ac1f6b6435d0,5 1 0,0 1 5
9ccf5aa8-bbae-11e8-b2ba-ac1f6b6435d0,25 7,7 25
9cd0eed6-bbb8-11e8-b2ba-ac1f6b6435d0,22,22
9cd1d4d8-bbb1-11e8-b2ba-ac1f6b6435d0,25 0,0 25
9cd3aa70-bbb0-11e8-b2ba-ac1f6b6435d0,0,0
9cd3aaa8-bbaa-11e8-b2ba-ac1f6b6435d0,23,23
9cd794b8-bbbb-11e8-b2ba-ac1f6b6435d0,12,12
9cdfa286-bb9b-11e8-b2b9-ac1f6b6435d0,4,4
9ce13122-bbb5-11e8-b2ba-ac1f6b6435d0,23,23
9ce2734e-bbc3-11e8-b2bc-ac1f6b6435d0,25,25
9ce44b24-bbc3-11e8-b2bc-ac1f6b6435d0,19 0,0 22
9ce4f734-bbca-11e8-b2bc-ac1f6b6435d0,25 0,25
9ce600bc-bbc9-11e8-b2bc-ac1f6b6435d0,23,2
9cea0e18-bbb1-11e8-b2ba-ac1f6b6435d0,0,25
9ceba63a-bb9b-11e8-b2b9-ac1f6b6435d0,23,23
9cf03fe2-bbc8-11e8-b2bc-ac1f6b6435d0,2,2
9cf132e0-bba4-11e8-b2b9-ac1f6b6435d0,7 0,0 7
9cf21aaa-bbb0-11e8-b2ba-ac1f6b6435d0,2,2
9cf24f1a-bba2-11e8-b2b9-ac1f6b6435d0,25 0,0 26
9cf2ef9a-bb9f-11e8-b2b9-ac1f6b6435d0,20,8 20 23
9cf46ddc-bbc9-11e8-b2bc-ac1f6b6435d0,25 2,2 21
9cf79f62-bbc8-11e8-b2bc-ac1f6b6435d0,7 4,4 7
9cf9a3ea-bbb2-11e8-b2ba-ac1f6b6435d0,23 2 0,2 23
9cfd87a2-bb9f-11e8-b2b9-ac1f6b6435d0,0,0
9d020ebe-bbac-11e8-b2ba-ac1f6b6435d0,4,4
9d04d730-bbb5-11e8-b2ba-ac1f6b6435d0,7,7 25
9d09c7e0-bb9c-11e8-b2b9-ac1f6b6435d0,4,4
9d0a7012-bbc6-11e8-b2bc-ac1f6b6435d0,0,0
9d10ecec-bba0-11e8-b2b9-ac1f6b6435d0,25 0,0
9d114136-bbb6-11e8-b2ba-ac1f6b6435d0,7 0,7
9d1809a8-bbc5-11e8-b2bc-ac1f6b6435d0,23,23
9d18836e-bb99-11e8-b2b9-ac1f6b6435d0,25 23 0,0 23
9d1a4e36-bbbe-11e8-b2ba-ac1f6b6435d0,14,14
9d1a7ec2-bbbb-11e8-b2ba-ac1f6b6435d0,25 0,0 19
9d1bfacc-bbbb-11e8-b2ba-ac1f6b6435d0,18,19
9d1cff48-bbad-11e8-b2ba-ac1f6b6435d0,23 2,2 23
9d1d4a76-bbb6-11e8-b2ba-ac1f6b6435d0,0,0
9d1e1d84-bba7-11e8-b2ba-ac1f6b6435d0,23 2 0,0 23
9d1e75cc-bbac-11e8-b2ba-ac1f6b6435d0,7,7
9d223fd4-bbae-11e8-b2ba-ac1f6b6435d0,3 0,0
9d231f72-bb9e-11e8-b2b9-ac1f6b6435d0,21,21
9d25ecec-bb9a-11e8-b2b9-ac1f6b6435d0,25 0,25
9d26ce70-bba7-11e8-b2ba-ac1f6b6435d0,0,0
9d26e40c-bbc3-11e8-b2bc-ac1f6b6435d0,25 2,2 25
9d29c71a-bbca-11e8-b2bc-ac1f6b6435d0,22 21,23
9d2f287e-bbb4-11e8-b2ba-ac1f6b6435d0,21,21
9d350064-bbbe-11e8-b2ba-ac1f6b6435d0,23,23
9d35a1f8-bbbf-11e8-b2bb-ac1f6b6435d0,24 25 0,0 24
9d37568a-bbb3-11e8-b2ba-ac1f6b6435d0,16 25 0,0 5 25
9d3af00e-bbc4-11e8-b2bc-ac1f6b6435d0,7,7 25
9d3bff88-bb99-11e8-b2b9-ac1f6b6435d0,23,23
9d3c25a0-bba6-11e8-b2ba-ac1f6b6435d0,0 21,0 21
9d3da518-bbc6-11e8-b2bc-ac1f6b6435d0,5,5
9d3f788a-bbc0-11e8-b2bb-ac1f6b6435d0,24 0,0
9d427118-bbc8-11e8-b2bc-ac1f6b6435d0,0,0
9d474338-bbb3-11e8-b2ba-ac1f6b6435d0,11 2 0,0 2
9d494814-bbad-11e8-b2ba-ac1f6b6435d0,25 2 0,0 2 25
9d4cb4fc-bbb4-11e8-b2ba-ac1f6b6435d0,25 4,25
9d4d040c-bbc8-11e8-b2bc-ac1f6b6435d0,25 18 14,20
9d4eb9d4-bbc1-11e8-b2bb-ac1f6b6435d0,23,7 23
9d4fe39e-bbbd-11e8-b2ba-ac1f6b6435d0,19 0,0 19
9d500dee-bbb1-11e8-b2ba-ac1f6b6435d0,25 21,25
9d52267e-bbb1-11e8-b2ba-ac1f6b6435d0,7,7
9d546694-bbb8-11e8-b2ba-ac1f6b6435d0,7 0,0 7
9d5533e8-bbbe-11e8-b2ba-ac1f6b6435d0,7,7
9d582254-bbca-11e8-b2bc-ac1f6b6435d0,7 5,5
9d59fde6-bbab-11e8-b2ba-ac1f6b6435d0,25,25
9d5a179a-bbc9-11e8-b2bc-ac1f6b6435d0,25,25
9d5ba7a2-bbb2-11e8-b2ba-ac1f6b6435d0,12 21,21
9d6238c0-bbc0-11e8-b2bb-ac1f6b6435d0,23,6
9d637f4e-bb9a-11e8-b2b9-ac1f6b6435d0,0 21,0 21
9d64080a-bbaa-11e8-b2ba-ac1f6b6435d0,2 0,0 2
9d657b86-bb9b-11e8-b2b9-ac1f6b6435d0,2 0,0 2
9d66367e-bba1-11e8-b2b9-ac1f6b6435d0,7 0,0 7
9d67c912-bbab-11e8-b2ba-ac1f6b6435d0,7,23
9d684fde-bba8-11e8-b2ba-ac1f6b6435d0,12,12
9d693818-bbc6-11e8-b2bc-ac1f6b6435d0,23,23
9d693b20-bb9d-11e8-b2b9-ac1f6b6435d0,25 2,2 25
9d69891a-bbaa-11e8-b2ba-ac1f6b6435d0,0,0 5
9d6a0498-bbb0-11e8-b2ba-ac1f6b6435d0,7,7
9d6a734a-bbc6-11e8-b2bc-ac1f6b6435d0,23,23
9d6aa7f6-bbb3-11e8-b2ba-ac1f6b6435d0,25 5,25
9d6ba280-bba1-11e8-b2b9-ac1f6b6435d0,19 25 21,19 21 25
9d6d6822-bbc4-11e8-b2bc-ac1f6b6435d0,7 0 21,0 7
9d7538fe-bb9c-11e8-b2b9-ac1f6b6435d0,24 25 0,0 11
9d7c0742-bbb5-11e8-b2ba-ac1f6b6435d0,11,26
9d7f48d6-bbc3-11e8-b2bc-ac1f6b6435d0,23,23
9d7f8222-bbc5-11e8-b2bc-ac1f6b6435d0,25 23 0,0 25
9d811c9e-bbb2-11e8-b2ba-ac1f6b6435d0,6,6
9d825542-bbc5-11e8-b2bc-ac1f6b6435d0,23,7 23
9d83cd26-bba4-11e8-b2b9-ac1f6b6435d0,19 14,14 19
9d851ac6-bbc9-11e8-b2bc-ac1f6b6435d0,23,23
9d85af06-bbb3-11e8-b2ba-ac1f6b6435d0,19 2,2
9d86931a-bbc9-11e8-b2bc-ac1f6b6435d0,2,2
9d886680-bbac-11e8-b2ba-ac1f6b6435d0,25 1,1 25
9d895c60-bbad-11e8-b2ba-ac1f6b6435d0,12 13 0,0 12 13
9d8aaa6a-bba4-11e8-b2b9-ac1f6b6435d0,7 2 0,0 2 7
9d8ae700-bbb8-11e8-b2ba-ac1f6b6435d0,25 21,0 21 25
9d8bdb66-bb99-11e8-b2b9-ac1f6b6435d0,14 0,0 14
9d8ec522-bb9b-11e8-b2b9-ac1f6b6435d0,25 0,0 2
9d905388-bbaa-11e8-b2ba-ac1f6b6435d0,2 0,0 2
9d937546-bbb8-11e8-b2ba-ac1f6b6435d0,23 0,0 23 25
9d944e32-bbc0-11e8-b2bb-ac1f6b6435d0,25,6
9d950404-bbb5-11e8-b2ba-ac1f6b6435d0,5,5
9d95d438-bbba-11e8-b2ba-ac1f6b6435d0,25 2 0 21,0 21
9d961842-bba3-11e8-b2b9-ac1f6b6435d0,0 21,21
9d99eb28-bbb4-11e8-b2ba-ac1f6b6435d0,26,25 26
9da1fc90-bbbf-11e8-b2bb-ac1f6b6435d0,2 0,0 2
9da3368e-bbb3-11e8-b2ba-ac1f6b6435d0,5 0,0 5
9da34558-bbc6-11e8-b2bc-ac1f6b6435d0,25 0,0 21 25
9da42016-bbb9-11e8-b2ba-ac1f6b6435d0,25,25
9da5e832-bba6-11e8-b2ba-ac1f6b6435d0,21,21
9da6cdbc-bbc7-11e8-b2bc-ac1f6b6435d0,21,21
9da813c8-bbb5-11e8-b2ba-ac1f6b6435d0,7 0,0 7
9da88ad6-bb99-11e8-b2b9-ac1f6b6435d0,25 5,5 18
9daafc3c-bbbf-11e8-b2bb-ac1f6b6435d0,23,23
9dae4f52-bbb2-11e8-b2ba-ac1f6b6435d0,25 0,0
9db04432-bbbd-11e8-b2ba-ac1f6b6435d0,23 2,2 7
9db105fa-bbb5-11e8-b2ba-ac1f6b6435d0,7,7
9db26d3a-bbb2-11e8-b2ba-ac1f6b6435d0,7 0,0 7 25
9db4f82a-bb99-11e8-b2b9-ac1f6b6435d0,25 13,13
9db5d858-bbc1-11e8-b2bb-ac1f6b6435d0,25,25
9dbad7fc-bba0-11e8-b2b9-ac1f6b6435d0,17 21,14 16 17 25
9dbb2438-bba9-11e8-b2ba-ac1f6b6435d0,3,3
9dbfec42-bbaa-11e8-b2ba-ac1f6b6435d0,2 0 21,0 2 21
9dc1b1ee-bbb4-11e8-b2ba-ac1f6b6435d0,26,26
9dc4f69e-bbc6-11e8-b2bc-ac1f6b6435d0,3 0,5
9dc79d30-bbc2-11e8-b2bc-ac1f6b6435d0,2,2
9dc85892-bbc7-11e8-b2bc-ac1f6b6435d0,5,5
9dd205fe-bb9a-11e8-b2b9-ac1f6b6435d0,7,23
9dd21e6a-bbb6-11e8-b2ba-ac1f6b6435d0,7 2,2 25
9dd31e88-bbb5-11e8-b2ba-ac1f6b6435d0,25 2,2 25
9dd6c07c-bba3-11e8-b2b9-ac1f6b6435d0,25 7,7 21 25
9dd6f540-bba0-11e8-b2b9-ac1f6b6435d0,25,6 25
9ddc1516-bb9b-11e8-b2b9-ac1f6b6435d0,5,25
9dddb308-bbb4-11e8-b2ba-ac1f6b6435d0,25 1 0,0 25
9dddec4a-bbbb-11e8-b2ba-ac1f6b6435d0,25 0,0 25
9ddf290a-bbbd-11e8-b2ba-ac1f6b6435d0,5 21,21
9de1344c-bbc8-11e8-b2bc-ac1f6b6435d0,7 0,0 7
9de37844-bb9e-11e8-b2b9-ac1f6b6435d0,0,0 5
9de3a122-bbbf-11e8-b2bb-ac1f6b6435d0,23,23
9de48d46-bbb8-11e8-b2ba-ac1f6b6435d0,0,0
9de54ea4-bbac-11e8-b2ba-ac1f6b6435d0,25 0,0 1 25
9de65a44-bba5-11e8-b2ba-ac1f6b6435d0,0,0
9de9e0d4-bba4-11e8-b2b9-ac1f6b6435d0,25 2 0 21,0 2 21 25
9debd5ee-bba7-11e8-b2ba-ac1f6b6435d0,0,0
9dedcaa0-bbc2-11e8-b2bc-ac1f6b6435d0,14,0
9dee7cde-bbc7-11e8-b2bc-ac1f6b6435d0,19 25 0,0 25
9df04740-bb99-11e8-b2b9-ac1f6b6435d0,21,21
9df093ec-bba0-11e8-b2b9-ac1f6b6435d0,5,5
9df2132c-bb99-11e8-b2b9-ac1f6b6435d0,16 0,0
9df695ca-bbba-11e8-b2ba-ac1f6b6435d0,25,25
9df9ffd8-bb9e-11e8-b2b9-ac1f6b6435d0,11,11
9dfac918-bbc1-11e8-b2bb-ac1f6b6435d0,6,6
9dfe9472-bbb1-11e8-b2ba-ac1f6b6435d0,25 4,25
9dfefcfc-bba0-11e8-b2b9-ac1f6b6435d0,25 6,0 6
9e01b98a-bbbc-11e8-b2ba-ac1f6b6435d0,24,0 24
9e0323b0-bbbc-11e8-b2ba-ac1f6b6435d0,25 0,0 7 25
9e0654be-bbb6-11e8-b2ba-ac1f6b6435d0,4 21,4
9e07a8f6-bbbf-11e8-b2bb-ac1f6b6435d0,6,25
9e07d88e-bbb6-11e8-b2ba-ac1f6b6435d0,25 6 21,21
9e0ab886-bba4-11e8-b2b9-ac1f6b6435d0,7,7
9e0ca092-bba4-11e8-b2b9-ac1f6b6435d0,5 0,0 5
9e0e94c2-bbc9-11e8-b2bc-ac1f6b6435d0,23,21 23
9e11b672-bbbd-11e8-b2ba-ac1f6b6435d0,25 0,5
9e1393dc-bbb0-11e8-b2ba-ac1f6b6435d0,5,5
9e18df8c-bba5-11e8-b2ba-ac1f6b6435d0,19 25 5,19 25
9e1f1b10-bbc6-11e8-b2bc-ac1f6b6435d0,23,23
9e1fbcb6-bbbf-11e8-b2bb-ac1f6b6435d0,23,23
9e204774-bb99-11e8-b2b9-ac1f6b6435d0,3 0,0 3
9e21defa-bbb1-11e8-b2ba-ac1f6b6435d0,21,21
9e233706-bbab-11e8-b2ba-ac1f6b6435d0,7 0,7
9e240ce2-bbc6-11e8-b2bc-ac1f6b6435d0,25 4,4 25
9e26a696-bba3-11e8-b2b9-ac1f6b6435d0,1 0,0 1
9e273104-bbb9-11e8-b2ba-ac1f6b6435d0,11,25
9e316a7e-bbc9-11e8-b2bc-ac1f6b6435d0,6 0,0
9e3179fe-bba8-11e8-b2ba-ac1f6b6435d0,0,0
9e3658a6-bbbd-11e8-b2ba-ac1f6b6435d0,5,5
9e39f7fc-bbc9-11e8-b2bc-ac1f6b6435d0,25,25
9e3ebcf4-bbad-11e8-b2ba-ac1f6b6435d0,21,21 25
9e43445a-bbac-11e8-b2ba-ac1f6b6435d0,23,11 23
9e454102-bba1-11e8-b2b9-ac1f6b6435d0,21,26
9e45985c-bba9-11e8-b2ba-ac1f6b6435d0,16 7,7
9e4646b2-bba9-11e8-b2ba-ac1f6b6435d0,5,21
9e46677e-bb9e-11e8-b2b9-ac1f6b6435d0,14,14 21
9e474928-bbb2-11e8-b2ba-ac1f6b6435d0,6,6
9e4a1ef8-bba0-11e8-b2b9-ac1f6b6435d0,26,26
9e4e19de-bbbb-11e8-b2ba-ac1f6b6435d0,0,0
9e4e62d0-bbc1-11e8-b2bb-ac1f6b6435d0,25 2 0,2 25
9e4e85e8-bbbd-11e8-b2ba-ac1f6b6435d0,18,0 18 25
9e4f3f06-bba9-11e8-b2ba-ac1f6b6435d0,12,12
9e53afa8-bbc4-11e8-b2bc-ac1f6b6435d0,25 2 0,0 2 25
9e564f32-bbc0-11e8-b2bb-ac1f6b6435d0,4 2,0 3
9e579bda-bba2-11e8-b2b9-ac1f6b6435d0,7,7
9e595abc-bbc3-11e8-b2bc-ac1f6b6435d0,5,5 7
9e5b2162-bb9b-11e8-b2b9-ac1f6b6435d0,25 0,0 21 25
9e678260-bbad-11e8-b2ba-ac1f6b6435d0,11,14 17
9e67c592-bba1-11e8-b2b9-ac1f6b6435d0,2 0 21,0 2 25
9e68c722-bbb9-11e8-b2ba-ac1f6b6435d0,25 21,25
9e68db26-bbb5-11e8-b2ba-ac1f6b6435d0,25,25
9e6a620c-bbba-11e8-b2ba-ac1f6b6435d0,12,12
9e6c6b28-bbc0-11e8-b2bb-ac1f6b6435d0,25 5,0 25
9e6e3028-bbc7-11e8-b2bc-ac1f6b6435d0,25 21,21 25
9e7030c0-bba0-11e8-b2b9-ac1f6b6435d0,11,11 12
9e75c1e8-bbc8-11e8-b2bc-ac1f6b6435d0,4,0 22
9e76107a-bbba-11e8-b2ba-ac1f6b6435d0,2 21,2 21
9e761582-bbbc-11e8-b2ba-ac1f6b6435d0,25,25
9e7744ac-bbad-11e8-b2ba-ac1f6b6435d0,25 0,0 25
9e7774fe-bbb7-11e8-b2ba-ac1f6b6435d0,5 0,0 5
9e781b78-bbc8-11e8-b2bc-ac1f6b6435d0,0,0 21 25
9e7ee542-bb9c-11e8-b2b9-ac1f6b6435d0,0 21,2 21 25
9e7ee552-bbaf-11e8-b2ba-ac1f6b6435d0,19 25,25
9e8196a2-bbbf-11e8-b2bb-ac1f6b6435d0,12,12
9e82d34c-bbbe-11e8-b2ba-ac1f6b6435d0,21,21
9e846738-bbba-11e8-b2ba-ac1f6b6435d0,0 21,0 5 21
9e84bbbc-bbaa-11e8-b2ba-ac1f6b6435d0,22 11,11
9e84bdd0-bbb2-11e8-b2ba-ac1f6b6435d0,0,0
9e8581da-bbc0-11e8-b2bb-ac1f6b6435d0,4,4
9e87636a-bba7-11e8-b2ba-ac1f6b6435d0,19 25,19 25
9e88b96c-bbc1-11e8-b2bb-ac1f6b6435d0,4,4
9e893d1c-bbc4-11e8-b2bc-ac1f6b6435d0,1 2,1 2
9e8ad50c-bbae-11e8-b2ba-ac1f6b6435d0,14,14
9e8f5702-bba5-11e8-b2ba-ac1f6b6435d0,0,0 21
9e922320-bbb3-11e8-b2ba-ac1f6b6435d0,24,24
9e92e5a0-bbb1-11e8-b2ba-ac1f6b6435d0,25 0,0 17 25
9e9835ba-bba1-11e8-b2b9-ac1f6b6435d0,21,21
9e996c10-bbb9-11e8-b2ba-ac1f6b6435d0,2 0,0 2
9e9aa5de-bbb0-11e8-b2ba-ac1f6b6435d0,25 1 0,1 7
9e9b192a-bb9b-11e8-b2b9-ac1f6b6435d0,26 0,0 26
9e9f7468-bbc1-11e8-b2bb-ac1f6b6435d0,4,4
9ea0bdda-bbbe-11e8-b2ba-ac1f6b6435d0,6,6
9ea11694-bbc9-11e8-b2bc-ac1f6b6435d0,25 0,0 25
9ea2cd60-bbc7-11e8-b2bc-ac1f6b6435d0,2 0,0 2
9ea31d12-bbbb-11e8-b2ba-ac1f6b6435d0,23,23
9ea44210-bb9c-11e8-b2b9-ac1f6b6435d0,5 2,0 2
9ea4791c-bbb3-11e8-b2ba-ac1f6b6435d0,23,23
9ea47eb4-bbc5-11e8-b2bc-ac1f6b6435d0,23,23
9ea78788-bba4-11e8-b2b9-ac1f6b6435d0,25 0,0 25
9ea9831c-bbb3-11e8-b2ba-ac1f6b6435d0,21,21
9eaea6e2-bba6-11e8-b2ba-ac1f6b6435d0,4 0,0
9eb2afda-bbb5-11e8-b2ba-ac1f6b6435d0,0,0
9eb70746-bbbb-11e8-b2ba-ac1f6b6435d0,0,0 4
9ebb42ee-bbc9-11e8-b2bc-ac1f6b6435d0,25 14,14
9ebca160-bba7-11e8-b2ba-ac1f6b6435d0,7 0,0
9ebe23e2-bb9c-11e8-b2b9-ac1f6b6435d0,21,21
9ebf50dc-bbab-11e8-b2ba-ac1f6b6435d0,18 5,5 18
9ebfc5f4-bbaf-11e8-b2ba-ac1f6b6435d0,3,3
9ec48a16-bbba-11e8-b2ba-ac1f6b6435d0,0,0
9ec5ade6-bbb6-11e8-b2ba-ac1f6b6435d0,19 25 13,13 19 25
9ec6f4cc-bba1-11e8-b2b9-ac1f6b6435d0,3,3
9ecdd49e-bbca-11e8-b2bc-ac1f6b6435d0,24 16 0,0 24
9ecf92ea-bbc8-11e8-b2bc-ac1f6b6435d0,26,0
9ed02ffe-bbb7-11e8-b2ba-ac1f6b6435d0,2 0,0 2
9ed27f9c-bba4-11e8-b2b9-ac1f6b6435d0,7 11 14,7 14
9ed5c2b4-bbb4-11e8-b2ba-ac1f6b6435d0,0,0
9ed97d8c-bbbe-11e8-b2ba-ac1f6b6435d0,25 0,0 25
9eda3cd6-bb9b-11e8-b2b9-ac1f6b6435d0,25 18,18 25
9edc34ca-bbb7-11e8-b2ba-ac1f6b6435d0,5 21,5 21
9edd375a-bba1-11e8-b2b9-ac1f6b6435d0,2,2
9ee1e450-bbb8-11e8-b2ba-ac1f6b6435d0,23,23
9ee3ab26-bba6-11e8-b2ba-ac1f6b6435d0,21,6 21
9ee596b8-bbbd-11e8-b2ba-ac1f6b6435d0,25,21
9ee8590e-bba2-11e8-b2b9-ac1f6b6435d0,5 0,0 5
9eeac94e-bbbd-11e8-b2ba-ac1f6b6435d0,6,6
9eeb4e0a-bbbd-11e8-b2ba-ac1f6b6435d0,23 0,0 23
9eeb8f90-bbaf-11e8-b2ba-ac1f6b6435d0,0 21,0 21
9ef1bc92-bbb1-11e8-b2ba-ac1f6b6435d0,25 5,0
9efb7bb2-bb9b-11e8-b2b9-ac1f6b6435d0,7,7
9efbc240-bbb2-11e8-b2ba-ac1f6b6435d0,16 0,0 11
9f030070-bbb0-11e8-b2ba-ac1f6b6435d0,21,21
9f069698-bbbc-11e8-b2ba-ac1f6b6435d0,0,0
9f099dda-bba2-11e8-b2b9-ac1f6b6435d0,8,8 25
9f0ab1ae-bbb4-11e8-b2ba-ac1f6b6435d0,19,18 25
9f11b8cc-bbbf-11e8-b2bb-ac1f6b6435d0,25 0,6 25
9f14313e-bbb9-11e8-b2ba-ac1f6b6435d0,25,25
9f1a3da6-bbb2-11e8-b2ba-ac1f6b6435d0,3,3
9f1d8834-bb9a-11e8-b2b9-ac1f6b6435d0,0 21,0 12 21
9f206bc2-bbad-11e8-b2ba-ac1f6b6435d0,25 7,7
9f2b6d46-bb9f-11e8-b2b9-ac1f6b6435d0,18,18
9f31c1e4-bbc4-11e8-b2bc-ac1f6b6435d0,25 17,17 25
9f3204e8-bbaf-11e8-b2ba-ac1f6b6435d0,0,0 7
9f3465f0-bbbc-11e8-b2ba-ac1f6b6435d0,25,25
9f349982-bb9c-11e8-b2b9-ac1f6b6435d0,19 2,0 2 19
9f382060-bbc5-11e8-b2bc-ac1f6b6435d0,25 0,0
9f39211e-bbc4-11e8-b2bc-ac1f6b6435d0,23 0,0 23
9f3a4c92-bb9c-11e8-b2b9-ac1f6b6435d0,3,3
9f3c2616-bba1-11e8-b2b9-ac1f6b6435d0,11 1 0,0 1 11
9f3ead6a-bbaf-11e8-b2ba-ac1f6b6435d0,14,14 25
9f4275f6-bbca-11e8-b2bc-ac1f6b6435d0,5,5
9f4eedb8-bbca-11e8-b2bc-ac1f6b6435d0,3,3 23
9f5041a0-bbab-11e8-b2ba-ac1f6b6435d0,25 1 0,0
9f5362ec-bbae-11e8-b2ba-ac1f6b6435d0,5 0,0 5
9f565606-bbad-11e8-b2ba-ac1f6b6435d0,2,2
9f5688ae-bba0-11e8-b2b9-ac1f6b6435d0,25 5,5
9f58bdfe-bb9b-11e8-b2b9-ac1f6b6435d0,25 2,2 23 25
9f598bf2-bbb0-11e8-b2ba-ac1f6b6435d0,25,16 17 25
9f5a43fc-bba7-11e8-b2ba-ac1f6b6435d0,24,24
9f5ae6fc-bbc7-11e8-b2bc-ac1f6b6435d0,25 4,4 25
9f5e0720-bb99-11e8-b2b9-ac1f6b6435d0,1 2,1 2
9f5ead16-bb9d-11e8-b2b9-ac1f6b6435d0,26,26
9f5ed094-bbc4-11e8-b2bc-ac1f6b6435d0,25 5,5 25
9f5f3730-bbb7-11e8-b2ba-ac1f6b6435d0,19 25 0,0 18
9f60169c-bbb1-11e8-b2ba-ac1f6b6435d0,4,0
9f61ee80-bbbc-11e8-b2ba-ac1f6b6435d0,0,0
9f62dcba-bbac-11e8-b2ba-ac1f6b6435d0,4,4
9f639fc6-bbaf-11e8-b2ba-ac1f6b6435d0,4,0
9f64d0ea-bbb3-11e8-b2ba-ac1f6b6435d0,13,13
9f65e4aa-bbc5-11e8-b2bc-ac1f6b6435d0,2 0,0
9f6adadc-bbbb-11e8-b2ba-ac1f6b6435d0,25 7,25
9f6c1cba-bb9a-11e8-b2b9-ac1f6b6435d0,25,25
9f6c2004-bbc0-11e8-b2bb-ac1f6b6435d0,5,0
9f6c5e24-bbad-11e8-b2ba-ac1f6b6435d0,3,3
9f71c3e2-bbb6-11e8-b2ba-ac1f6b6435d0,7 2,2 7
9f77cc58-bbaa-11e8-b2ba-ac1f6b6435d0,6,11
9f78873c-bbc4-11e8-b2bc-ac1f6b6435d0,7,7
9f788eb4-bbae-11e8-b2ba-ac1f6b6435d0,2 0,0 2
9f7904b0-bbc3-11e8-b2bc-ac1f6b6435d0,0,0
9f7907ae-bb9a-11e8-b2b9-ac1f6b6435d0,25 5 0,25
9f79e076-bbb2-11e8-b2ba-ac1f6b6435d0,0 21,0 21
9f7aebc6-bbb5-11e8-b2ba-ac1f6b6435d0,25 0 21,0 21 25
9f7c350c-bbca-11e8-b2bc-ac1f6b6435d0,5 21,5
9f7d4b54-bbbb-11e8-b2ba-ac1f6b6435d0,7 0,0 7
9f7f1db6-bbb7-11e8-b2ba-ac1f6b6435d0,25 0,0 25
9f80e1fc-bbb0-11e8-b2ba-ac1f6b6435d0,26,26
9f80e636-bba4-11e8-b2b9-ac1f6b6435d0,0,0 25
9f8114ac-bbc8-11e8-b2bc-ac1f6b6435d0,5 0,0 5
9f84493a-bbbc-11e8-b2ba-ac1f6b6435d0,3 0,0 3
9f860af8-bbb8-11e8-b2ba-ac1f6b6435d0,7,7
9f877a6e-bbae-11e8-b2ba-ac1f6b6435d0,25 4,4 25
9f88372c-bbab-11e8-b2ba-ac1f6b6435d0,0,0
9f8967ec-bbc8-11e8-b2bc-ac1f6b6435d0,25 21,0
9f93cc10-bba4-11e8-b2b9-ac1f6b6435d0,1,1
9f94fd0e-bbc9-11e8-b2bc-ac1f6b6435d0,0,0 25
9f9b0160-bba9-11e8-b2ba-ac1f6b6435d0,25 14 21,14 25
9f9ba1f0-bbb9-11e8-b2ba-ac1f6b6435d0,0,0 2
9f9e0450-bbbd-11e8-b2ba-ac1f6b6435d0,4 0,0
9f9fc8b2-bb9f-11e8-b2b9-ac1f6b6435d0,0 21,0 21
9fa0b1ca-bbca-11e8-b2bc-ac1f6b6435d0,12 6 21,21
9fa26d2a-bb9e-11e8-b2b9-ac1f6b6435d0,0 21,0 21
9fa31228-bba5-11e8-b2ba-ac1f6b6435d0,21,21
9fa353a6-bba9-11e8-b2ba-ac1f6b6435d0,0,0
9fa4e762-bb9e-11e8-b2b9-ac1f6b6435d0,7,7
9fad77ae-bba5-11e8-b2ba-ac1f6b6435d0,7 0,0 7
9fb28b24-bba8-11e8-b2ba-ac1f6b6435d0,25 0 21,21 25
9fb5cbf8-bb9a-11e8-b2b9-ac1f6b6435d0,6 2,25
9fb77aea-bbac-11e8-b2ba-ac1f6b6435d0,7 0,0 7
9fba560a-bbc2-11e8-b2bc-ac1f6b6435d0,2,2
9fbaa794-bbc3-11e8-b2bc-ac1f6b6435d0,22 25,26
9fbfeb66-bb9e-11e8-b2b9-ac1f6b6435d0,25 2 0,0 2 16
9fc01ac0-bbc9-11e8-b2bc-ac1f6b6435d0,14,14
9fc05138-bbc5-11e8-b2bc-ac1f6b6435d0,7,7 21
9fc6daa8-bb9d-11e8-b2b9-ac1f6b6435d0,21,21
9fc8f268-bba5-11e8-b2ba-ac1f6b6435d0,2,2
9fca6d76-bba7-11e8-b2ba-ac1f6b6435d0,24,24
9fcceef6-bbc1-11e8-b2bb-ac1f6b6435d0,18,18
9fcd1840-bbb2-11e8-b2ba-ac1f6b6435d0,12,12
9fce2cb2-bbbc-11e8-b2ba-ac1f6b6435d0,19 25,19 25
9fcff066-bba2-11e8-b2b9-ac1f6b6435d0,0 21,0 21
9fd02230-bbb5-11e8-b2ba-ac1f6b6435d0,25 0,0
9fd19f06-bbb1-11e8-b2ba-ac1f6b6435d0,7,8 20
9fd4c300-bbae-11e8-b2ba-ac1f6b6435d0,26,26
9fd7efca-bbc3-11e8-b2bc-ac1f6b6435d0,0,0
9fdae1f2-bbab-11e8-b2ba-ac1f6b6435d0,23,7
9fdb253e-bbb2-11e8-b2ba-ac1f6b6435d0,25 0,0
9fdd13ba-bbb4-11e8-b2ba-ac1f6b6435d0,0 21,0 21
9fdd4690-bbba-11e8-b2ba-ac1f6b6435d0,23,23
9fdde98c-bbbb-11e8-b2ba-ac1f6b6435d0,7 3,3 7
9fde595e-bbb5-11e8-b2ba-ac1f6b6435d0,25,7 25
9fdff2f2-bbc2-11e8-b2bc-ac1f6b6435d0,11,24 25
9fe11678-bbc7-11e8-b2bc-ac1f6b6435d0,7 0,0 7
9fec58a0-bbc5-11e8-b2bc-ac1f6b6435d0,25,25
9ff4051a-bba6-11e8-b2ba-ac1f6b6435d0,18 0,19
9ff4fc88-bba9-11e8-b2ba-ac1f6b6435d0,23,23
9ff7a73c-bbc5-11e8-b2bc-ac1f6b6435d0,25 0,0 18
9ff912ea-bbb4-11e8-b2ba-ac1f6b6435d0,25 21,21
9ffa30bc-bbc3-11e8-b2bc-ac1f6b6435d0,4 21,21
9ffa653c-bbc3-11e8-b2bc-ac1f6b6435d0,19 7,7
9ffecf9e-bb9d-11e8-b2b9-ac1f6b6435d0,25,11
a00156d4-bbba-11e8-b2ba-ac1f6b6435d0,12 25,12 25
a001731a-bbad-11e8-b2ba-ac1f6b6435d0,0,0 5 25
a001f07e-bbc6-11e8-b2bc-ac1f6b6435d0,7 1,0 1 7
a002da4c-bb9a-11e8-b2b9-ac1f6b6435d0,6,6 25
a0030452-bbc9-11e8-b2bc-ac1f6b6435d0,6,6 23
a004021e-bbc7-11e8-b2bc-ac1f6b6435d0,21,21
a00582a0-bb9b-11e8-b2b9-ac1f6b6435d0,25 0,5 25
a00697cc-bba4-11e8-b2b9-ac1f6b6435d0,18,0 18
a008fcac-bbc1-11e8-b2bb-ac1f6b6435d0,23 5 0,0 25
a00a2af2-bbab-11e8-b2ba-ac1f6b6435d0,2 0,0 2
a00d2b96-bbc7-11e8-b2bc-ac1f6b6435d0,25 2,2 25
a00ed2d4-bbc2-11e8-b2bc-ac1f6b6435d0,5 21,21
a01206a8-bbc1-11e8-b2bb-ac1f6b6435d0,25 0,0 25
a0133f00-bb9e-11e8-b2b9-ac1f6b6435d0,7 0,0 7
a01565f6-bb9d-11e8-b2b9-ac1f6b6435d0,22,23
a01dd2aa-bba6-11e8-b2ba-ac1f6b6435d0,25 3 0,0 2
a01e2254-bbac-11e8-b2ba-ac1f6b6435d0,23 2 21,2 21 23
a0218018-bbc3-11e8-b2bc-ac1f6b6435d0,23 2,2 23
a021b89e-bbaa-11e8-b2ba-ac1f6b6435d0,3 0,0 3
a023740a-bbae-11e8-b2ba-ac1f6b6435d0,21,21
a025c5ec-bbb4-11e8-b2ba-ac1f6b6435d0,0,0 25
a026bce0-bbaf-11e8-b2ba-ac1f6b6435d0,0,0 22
a026c666-bbbb-11e8-b2ba-ac1f6b6435d0,7 0,0 7
a02831f2-bbb3-11e8-b2ba-ac1f6b6435d0,14,21 22
a029a6c6-bb9b-11e8-b2b9-ac1f6b6435d0,25 18,24 25
a02e2394-bb9c-11e8-b2b9-ac1f6b6435d0,25 0,0 11
a02ec1ba-bbbe-11e8-b2ba-ac1f6b6435d0,7 0,0 6
a031c30c-bba4-11e8-b2b9-ac1f6b6435d0,0,0
a036d8f8-bbc5-11e8-b2bc-ac1f6b6435d0,5 2 0,0 25
a036e9f8-bba5-11e8-b2ba-ac1f6b6435d0,1 0,0 1
a037cf8a-bbaa-11e8-b2ba-ac1f6b6435d0,25 1 0,0 1
a0382048-bbc3-11e8-b2bc-ac1f6b6435d0,25 18,18
a03afb5a-bbbf-11e8-b2bb-ac1f6b6435d0,23,23
a03f2826-bba9-11e8-b2ba-ac1f6b6435d0,18,18
a0480244-bb9e-11e8-b2b9-ac1f6b6435d0,5 0,5
a0480c2c-bbac-11e8-b2ba-ac1f6b6435d0,0,0 22
a0481bf4-bbb1-11e8-b2ba-ac1f6b6435d0,21,21
a048eb9e-bbc8-11e8-b2bc-ac1f6b6435d0,23 0,6
a049ffc6-bbb8-11e8-b2ba-ac1f6b6435d0,7,7 16
a04b1030-bbbf-11e8-b2bb-ac1f6b6435d0,3 0,3
a04b8100-bba1-11e8-b2b9-ac1f6b6435d0,23,23
a04d0f06-bbac-11e8-b2ba-ac1f6b6435d0,23 0,11
a04e7b14-bbc7-11e8-b2bc-ac1f6b6435d0,25 0,0 25
a05350e4-bba4-11e8-b2b9-ac1f6b6435d0,0 21,0 25
a0539298-bbae-11e8-b2ba-ac1f6b6435d0,23,25
a0539c68-bbc5-11e8-b2bc-ac1f6b6435d0,7 0,0 7
a0588850-bbab-11e8-b2ba-ac1f6b6435d0,0,0
a05d6de2-bbb1-11e8-b2ba-ac1f6b6435d0,4,4
a0619a66-bbbb-11e8-b2ba-ac1f6b6435d0,0 21,0 21 25
a066a5a2-bbba-11e8-b2ba-ac1f6b6435d0,7 0,0
a06869e4-bbc1-11e8-b2bb-ac1f6b6435d0,25,25
a069d748-bb9e-11e8-b2b9-ac1f6b6435d0,5 0,5
a06a1090-bbbd-11e8-b2ba-ac1f6b6435d0,25 0,25
a06c6b4a-bbc9-11e8-b2bc-ac1f6b6435d0,23,23
a06cf3b8-bba5-11e8-b2ba-ac1f6b6435d0,25 0,0
a06dccf2-bbb4-11e8-b2ba-ac1f6b6435d0,14,14
a06e1986-bbc4-11e8-b2bc-ac1f6b6435d0,5 0,0 5 18 25
a0702a00-bba1-11e8-b2b9-ac1f6b6435d0,23 2,2 23
a07035e8-bbb2-11e8-b2ba-ac1f6b6435d0,26 21,25
a071da64-bbb8-11e8-b2ba-ac1f6b6435d0,3,3
a072d6c2-bba3-11e8-b2b9-ac1f6b6435d0,19 25,25
a0777a1e-bb9a-11e8-b2b9-ac1f6b6435d0,7,7
a078a674-bb99-11e8-b2b9-ac1f6b6435d0,25 0,25
a07cd290-bba2-11e8-b2b9-ac1f6b6435d0,7 1 4,4 7
a07e5f1e-bbc2-11e8-b2bc-ac1f6b6435d0,7,7
a07eb5b2-bb9b-11e8-b2b9-ac1f6b6435d0,5,5
a08028ae-bba8-11e8-b2ba-ac1f6b6435d0,5 2,0 5
a0827e1c-bbbf-11e8-b2bb-ac1f6b6435d0,18,18
a083c47a-bb9c-11e8-b2b9-ac1f6b6435d0,5,5
a0840d22-bba6-11e8-b2ba-ac1f6b6435d0,0,0
a084526e-bb9c-11e8-b2b9-ac1f6b6435d0,25 0,6 21 25
a08b248c-bbc8-11e8-b2bc-ac1f6b6435d0,23,23
a08d8b9c-bba9-11e8-b2ba-ac1f6b6435d0,7 1,1 7
a08e9892-bbb9-11e8-b2ba-ac1f6b6435d0,5,0
a08ed246-bbb7-11e8-b2ba-ac1f6b6435d0,6 5,0 5
a0921604-bbb2-11e8-b2ba-ac1f6b6435d0,2 0,0 2
a093c3e6-bb9e-11e8-b2b9-ac1f6b6435d0,7 0,0 7
a09584ae-bbaa-11e8-b2ba-ac1f6b6435d0,5,5
a095f186-bbc9-11e8-b2bc-ac1f6b6435d0,25,0 7
a096a6b4-bbbd-11e8-b2ba-ac1f6b6435d0,0,0
a098b0d2-bbc0-11e8-b2bb-ac1f6b6435d0,3,3
a0996544-bb9e-11e8-b2b9-ac1f6b6435d0,1 2 0,0 1 2
a09ec146-bbb3-11e8-b2ba-ac1f6b6435d0,14 0,0 14 16 25
a0a2653c-bbac-11e8-b2ba-ac1f6b6435d0,25,25
a0a4639c-bbc9-11e8-b2bc-ac1f6b6435d0,18,18 19
a0a4c796-bba2-11e8-b2b9-ac1f6b6435d0,26,20 26
a0a575ae-bbb3-11e8-b2ba-ac1f6b6435d0,25 21,11 25
a0a8c290-bbc7-11e8-b2bc-ac1f6b6435d0,0,0 25
a0a8cc26-bbbe-11e8-b2ba-ac1f6b6435d0,25 1 0,0 1 25
a0a8d658-bba0-11e8-b2b9-ac1f6b6435d0,23,23
a0a93e74-bbc6-11e8-b2bc-ac1f6b6435d0,4,4
a0a9a3d0-bb9b-11e8-b2b9-ac1f6b6435d0,23,0 23
a0aa2470-bbca-11e8-b2bc-ac1f6b6435d0,19,0 19
a0aeb90a-bba6-11e8-b2ba-ac1f6b6435d0,25 2 0 21,0 2 21 25
a0af5f9c-bbc7-11e8-b2bc-ac1f6b6435d0,23 2 0,0 2 23
a0b0b940-bba5-11e8-b2ba-ac1f6b6435d0,19 14,14
a0b17228-bba9-11e8-b2ba-ac1f6b6435d0,21,21
a0b2d04e-bbc9-11e8-b2bc-ac1f6b6435d0,0,0
a0b3504a-bbac-11e8-b2ba-ac1f6b6435d0,25,25
a0b57dd2-bba9-11e8-b2ba-ac1f6b6435d0,25 0,0 23 25
a0b6a6d2-bba7-11e8-b2ba-ac1f6b6435d0,2 0,0 2
a0b79150-bbc5-11e8-b2bc-ac1f6b6435d0,19 1 0,0 25
a0b8ef8e-bbaa-11e8-b2ba-ac1f6b6435d0,22,0 22
a0b96c34-bba5-11e8-b2ba-ac1f6b6435d0,25,25
a0baa8b8-bbca-11e8-b2bc-ac1f6b6435d0,0 21,0 25
a0bb7462-bb9f-11e8-b2b9-ac1f6b6435d0,25 6,2 6 25
a0bdaea6-bbb0-11e8-b2ba-ac1f6b6435d0,23 0,0 23
a0c15338-bb9e-11e8-b2b9-ac1f6b6435d0,3,3
a0c455fe-bbaa-11e8-b2ba-ac1f6b6435d0,12 0,0 12
a0c5c636-bbba-11e8-b2ba-ac1f6b6435d0,19 11,19
a0c85d5a-bba7-11e8-b2ba-ac1f6b6435d0,25 11,11
a0ca2ee6-bba7-11e8-b2ba-ac1f6b6435d0,23 0,0 23
a0cc284c-bba0-11e8-b2b9-ac1f6b6435d0,11,11
a0d19b44-bbbc-11e8-b2ba-ac1f6b6435d0,0,0
a0d38b56-bb9f-11e8-b2b9-ac1f6b6435d0,4,4
a0d58512-bb9c-11e8-b2b9-ac1f6b6435d0,2 0,0 2
a0d5dfa2-bbc5-11e8-b2bc-ac1f6b6435d0,25 5,5 6 25
a0dacad4-bbbc-11e8-b2ba-ac1f6b6435d0,25,25
a0dc5bba-bbad-11e8-b2ba-ac1f6b6435d0,25 11 2 0,0 2 11 25
a0df6444-bbae-11e8-b2ba-ac1f6b6435d0,25,25
a0e11af2-bbb1-11e8-b2ba-ac1f6b6435d0,25 11,11
a0e9ab6c-bba8-11e8-b2ba-ac1f6b6435d0,25 0,0 25
a0ec983a-bbc7-11e8-b2bc-ac1f6b6435d0,12,12
a0ee3ce6-bbb1-11e8-b2ba-ac1f6b6435d0,7,7
a0ee96c4-bbb5-11e8-b2ba-ac1f6b6435d0,23 0,0 23
a0f0c4c0-bbc5-11e8-b2bc-ac1f6b6435d0,25 14,14 25
a0f1d070-bbc7-11e8-b2bc-ac1f6b6435d0,3,3
a0f360b4-bbb5-11e8-b2ba-ac1f6b6435d0,11 0,0 25
a0f37696-bbbd-11e8-b2ba-ac1f6b6435d0,4,4
a0f94474-bbbb-11e8-b2ba-ac1f6b6435d0,21,0 21
a0f9d2fa-bbc9-11e8-b2bc-ac1f6b6435d0,21,21
a0fa5186-bb9b-11e8-b2b9-ac1f6b6435d0,24 5,5 24
a0fd8b18-bbbd-11e8-b2ba-ac1f6b6435d0,6,6
a0fed0c8-bb99-11e8-b2b9-ac1f6b6435d0,2,2
a100fa90-bbb4-11e8-b2ba-ac1f6b6435d0,3,4
a101fa30-bba5-11e8-b2ba-ac1f6b6435d0,9 10,7 9 10
a1040796-bbc6-11e8-b2bc-ac1f6b6435d0,23 0,0 23
a1077292-bbbb-11e8-b2ba-ac1f6b6435d0,25 18,18 25
a10ab48a-bb9c-11e8-b2b9-ac1f6b6435d0,19 25 0,0 19 25
a10babb0-bbc4-11e8-b2bc-ac1f6b6435d0,0,0
a10d2d92-bbbe-11e8-b2ba-ac1f6b6435d0,22 21,21
a10eddf8-bba6-11e8-b2ba-ac1f6b6435d0,13 21,13
a114a492-bb9a-11e8-b2b9-ac1f6b6435d0,2 0,0 2
a1151976-bbb4-11e8-b2ba-ac1f6b6435d0,0,0
a1175e84-bbaa-11e8-b2ba-ac1f6b6435d0,1 21,0
a118754c-bbca-11e8-b2bc-ac1f6b6435d0,25 7,7
a118d580-bba9-11e8-b2ba-ac1f6b6435d0,3,3
a1194300-bbb6-11e8-b2ba-ac1f6b6435d0,7 0,0 7
a119c6aa-bbab-11e8-b2ba-ac1f6b6435d0,19 25,25
a11c4cf6-bbc7-11e8-b2bc-ac1f6b6435d0,18,18
a11d17ea-bbc1-11e8-b2bb-ac1f6b6435d0,21,22
a11da888-bbb0-11e8-b2ba-ac1f6b6435d0,7,7
a126a254-bbaf-11e8-b2ba-ac1f6b6435d0,25 0,0
a13400c2-bbb7-11e8-b2ba-ac1f6b6435d0,25 3 0,0 3
a13438f4-bb9d-11e8-b2b9-ac1f6b6435d0,25 0,0 25
a134f016-bba5-11e8-b2ba-ac1f6b6435d0,19 4 21,0 19 25
a1363ad0-bba4-11e8-b2b9-ac1f6b6435d0,25,23
a136dcd4-bbbc-11e8-b2ba-ac1f6b6435d0,20,7
a14281be-bbc2-11e8-b2bc-ac1f6b6435d0,11 0,11
a143f872-bba5-11e8-b2ba-ac1f6b6435d0,25,21 25
a14532a2-bb99-11e8-b2b9-ac1f6b6435d0,12 0,0 12
a1465ff2-bbbb-11e8-b2ba-ac1f6b6435d0,25,25
a146b7fe-bbb6-11e8-b2ba-ac1f6b6435d0,25 13 21,13 21 25
a1471552-bbc3-11e8-b2bc-ac1f6b6435d0,23,23
a14a4038-bbb4-11e8-b2ba-ac1f6b6435d0,25 7,25
a14c4d92-bbbe-11e8-b2ba-ac1f6b6435d0,25 4 3,4 25
a14e4efe-bbc2-11e8-b2bc-ac1f6b6435d0,21,21
a150e144-bb9c-11e8-b2b9-ac1f6b6435d0,12 23,23
a1532c0c-bbc8-11e8-b2bc-ac1f6b6435d0,19 25 21,19 21 25
a15d2f8c-bb9a-11e8-b2b9-ac1f6b6435d0,0,0 2
a15f0f38-bbc6-11e8-b2bc-ac1f6b6435d0,6 1,1 6
a16136b8-bb9f-11e8-b2b9-ac1f6b6435d0,23 0,0 23
a1616638-bbae-11e8-b2ba-ac1f6b6435d0,0,0 19
a16243b0-bbbc-11e8-b2ba-ac1f6b6435d0,13 23 2,0 2 23
a166314e-bba0-11e8-b2b9-ac1f6b6435d0,6 21,21 23 25
a166568a-bbc1-11e8-b2bb-ac1f6b6435d0,22 0,0
a166d11a-bbca-11e8-b2bc-ac1f6b6435d0,21,21 26
a16799a2-bbb0-11e8-b2ba-ac1f6b6435d0,4,0 2
a168a9f2-bb9a-11e8-b2b9-ac1f6b6435d0,0 21,0 21
a16d2542-bbb1-11e8-b2ba-ac1f6b6435d0,14 0,0 14
a16d33e8-bbbb-11e8-b2ba-ac1f6b6435d0,0,0
a16e8c06-bbad-11e8-b2ba-ac1f6b6435d0,25 5,0
a16f8a62-bbac-11e8-b2ba-ac1f6b6435d0,21,13 21
a170f120-bba9-11e8-b2ba-ac1f6b6435d0,19,19
a172efba-bbaa-11e8-b2ba-ac1f6b6435d0,5 0,5
a1751574-bbb9-11e8-b2ba-ac1f6b6435d0,25 14,14 25
a176c150-bbb2-11e8-b2ba-ac1f6b6435d0,3,3
a1772876-bbac-11e8-b2ba-ac1f6b6435d0,25 2 0,0 2 25
a1799e42-bbc7-11e8-b2bc-ac1f6b6435d0,11 0,0
a17a6238-bba8-11e8-b2ba-ac1f6b6435d0,7,7
a17ce818-bbb3-11e8-b2ba-ac1f6b6435d0,14 0,14
a17e0c20-bbb3-11e8-b2ba-ac1f6b6435d0,3 21,3
a17f5286-bbba-11e8-b2ba-ac1f6b6435d0,2 0,0 2
a17f69cc-bbbc-11e8-b2ba-ac1f6b6435d0,25 21,21 25
a1808a5e-bbbd-11e8-b2ba-ac1f6b6435d0,25,7 25
a1809088-bb9c-11e8-b2b9-ac1f6b6435d0,7,7
a1819eb6-bbaf-11e8-b2ba-ac1f6b6435d0,3 0,0 3
a183e4e0-bba1-11e8-b2b9-ac1f6b6435d0,19,19
a1846764-bba4-11e8-b2b9-ac1f6b6435d0,2,2
a18468cc-bba4-11e8-b2ba-ac1f6b6435d0,25 0 21,4 21 25
a1846ac8-bbab-11e8-b2ba-ac1f6b6435d0,2 0,5
a18525ea-bbaf-11e8-b2ba-ac1f6b6435d0,21,21
a185fddc-bba3-11e8-b2b9-ac1f6b6435d0,25 0,21 25
a18dbd02-bba2-11e8-b2b9-ac1f6b6435d0,23,23
a18e3a48-bbca-11e8-b2bc-ac1f6b6435d0,25 2,2 6 25
a190e486-bbc1-11e8-b2bb-ac1f6b6435d0,11,11
a195f5d0-bbc5-11e8-b2bc-ac1f6b6435d0,2,2 4
a19c26ae-bbb5-11e8-b2ba-ac1f6b6435d0,25,25
a19d5f36-bba3-11e8-b2b9-ac1f6b6435d0,5,5
a19e5c24-bba8-11e8-b2ba-ac1f6b6435d0,25,7 25
a1a2a6dc-bba6-11e8-b2ba-ac1f6b6435d0,12,0
a1a2b98c-bbb6-11e8-b2ba-ac1f6b6435d0,25 2,6
a1a368dc-bbca-11e8-b2bc-ac1f6b6435d0,5,5
a1a63d16-bbaa-11e8-b2ba-ac1f6b6435d0,22 7,3 7
a1a65590-bb9a-11e8-b2b9-ac1f6b6435d0,21,21
a1a69b2a-bbbf-11e8-b2bb-ac1f6b6435d0,7,7
a1a7750e-bba1-11e8-b2b9-ac1f6b6435d0,25 0,0 25
a1a8a3f0-bbad-11e8-b2ba-ac1f6b6435d0,26 0,0 26
a1a92ee0-bba5-11e8-b2ba-ac1f6b6435d0,2 0,0 2
a1ad4bbc-bbc1-11e8-b2bb-ac1f6b6435d0,25 21,2 25
a1ae8720-bb99-11e8-b2b9-ac1f6b6435d0,4,4
a1aec14c-bbb0-11e8-b2ba-ac1f6b6435d0,25 3,2 5 25
a1aec4b0-bb9e-11e8-b2b9-ac1f6b6435d0,23,23
a1b3c016-bba1-11e8-b2b9-ac1f6b6435d0,25 0,0 25
a1b4b342-bbc7-11e8-b2bc-ac1f6b6435d0,16 25 17,16 17 21
a1b4dcf0-bbb3-11e8-b2ba-ac1f6b6435d0,25 0,0 25
a1b5c1bc-bbca-11e8-b2bc-ac1f6b6435d0,25 23 0,23
a1b6b90a-bba2-11e8-b2b9-ac1f6b6435d0,0 21,0 18 21
a1b9245c-bbc4-11e8-b2bc-ac1f6b6435d0,0,0
a1bbd3be-bbb5-11e8-b2ba-ac1f6b6435d0,25 0,0 14
a1bc5632-bba5-11e8-b2ba-ac1f6b6435d0,3,3
a1bd6594-bbb0-11e8-b2ba-ac1f6b6435d0,5 0 21,4 21 25
a1c00510-bbba-11e8-b2ba-ac1f6b6435d0,25 18,18 25
a1c2b8d0-bbad-11e8-b2ba-ac1f6b6435d0,25 5 0,0
a1c33af8-bbb2-11e8-b2ba-ac1f6b6435d0,4 21,4 21
a1c4e742-bba6-11e8-b2ba-ac1f6b6435d0,7,7 20
a1c503bc-bba6-11e8-b2ba-ac1f6b6435d0,25 2 21,12
a1c736ca-bbae-11e8-b2ba-ac1f6b6435d0,25 13,0 16 25
a1c9c5c8-bbab-11e8-b2ba-ac1f6b6435d0,25 21,21 25
a1c9e6de-bba1-11e8-b2b9-ac1f6b6435d0,7 1 0,0 1 7
a1cbe552-bba0-11e8-b2b9-ac1f6b6435d0,25 0,0 25
a1ce8b9a-bbb9-11e8-b2ba-ac1f6b6435d0,0,0
a1cea4a2-bbac-11e8-b2ba-ac1f6b6435d0,3,3
a1cf1fb6-bbae-11e8-b2ba-ac1f6b6435d0,25 0,0 25
a1d36702-bb99-11e8-b2b9-ac1f6b6435d0,2,2
a1d56a5a-bbaf-11e8-b2ba-ac1f6b6435d0,7 0,0 7
a1d599b8-bb9f-11e8-b2b9-ac1f6b6435d0,25 3,3 25
a1d7982a-bbbe-11e8-b2ba-ac1f6b6435d0,5,4 7
a1e009b2-bba3-11e8-b2b9-ac1f6b6435d0,2 0,2
a1e02330-bbb1-11e8-b2ba-ac1f6b6435d0,18 0,0
a1e5e4d2-bba2-11e8-b2b9-ac1f6b6435d0,25 0,25
a1e7b630-bba3-11e8-b2b9-ac1f6b6435d0,22 21,21 22
a1ec4b80-bba0-11e8-b2b9-ac1f6b6435d0,1 4 2 0,0
a1ee43b0-bb99-11e8-b2b9-ac1f6b6435d0,11,11
a1f16b4c-bbaa-11e8-b2ba-ac1f6b6435d0,2,2
a1f2a678-bb9c-11e8-b2b9-ac1f6b6435d0,25 2,2 25
a1f47018-bbb8-11e8-b2ba-ac1f6b6435d0,25 4,4 25
a1f65414-bbb8-11e8-b2ba-ac1f6b6435d0,6,6
a1f7968c-bbca-11e8-b2bc-ac1f6b6435d0,0,0
a1f8e71a-bbb3-11e8-b2ba-ac1f6b6435d0,2,2
a1fae320-bba5-11e8-b2ba-ac1f6b6435d0,25,6 25
a2038566-bbb9-11e8-b2ba-ac1f6b6435d0,5 0,0 2
a205dd9e-bb9a-11e8-b2b9-ac1f6b6435d0,1 4,1 4
a2063fcc-bbbe-11e8-b2ba-ac1f6b6435d0,0,0
a209cdfc-bbc5-11e8-b2bc-ac1f6b6435d0,14,14
a20a79e6-bb9d-11e8-b2b9-ac1f6b6435d0,23 0,0 23
a212602c-bbb9-11e8-b2ba-ac1f6b6435d0,23,23
a212e4bc-bbae-11e8-b2ba-ac1f6b6435d0,5,3 25
a214b5bc-bbb8-11e8-b2ba-ac1f6b6435d0,25 2 0 21,0 2 21 25
a215499a-bbc8-11e8-b2bc-ac1f6b6435d0,25 0,0 25
a21ad312-bbad-11e8-b2ba-ac1f6b6435d0,4,4
a21b5522-bbb6-11e8-b2ba-ac1f6b6435d0,7 0,0 7
a21b9dbc-bba6-11e8-b2ba-ac1f6b6435d0,25 0,0 25
a21ba1cc-bbc4-11e8-b2bc-ac1f6b6435d0,25 7 2 0,2 7 25
a21c4c74-bbbc-11e8-b2ba-ac1f6b6435d0,24 25 0,0 25 26
a21ef614-bba7-11e8-b2ba-ac1f6b6435d0,25 7 0,0 5 25
a21f3602-bbba-11e8-b2ba-ac1f6b6435d0,4,4
a2202a96-bbb8-11e8-b2ba-ac1f6b6435d0,2,2
a221482e-bb9d-11e8-b2b9-ac1f6b6435d0,14,14
a221796e-bbbd-11e8-b2ba-ac1f6b6435d0,7 0,0 7
a2234f7a-bba7-11e8-b2ba-ac1f6b6435d0,25 0,0 25
a228627a-bbad-11e8-b2ba-ac1f6b6435d0,25,25
a228df16-bbc1-11e8-b2bb-ac1f6b6435d0,0 21,0 25
a2291ade-bbb3-11e8-b2ba-ac1f6b6435d0,25 0,21
a22cc34a-bbc8-11e8-b2bc-ac1f6b6435d0,25 4,4 25
a22e1a9a-bbca-11e8-b2bc-ac1f6b6435d0,4,4
a22facc2-bbb9-11e8-b2ba-ac1f6b6435d0,12,12
a2300ea6-bbc3-11e8-b2bc-ac1f6b6435d0,25 3 0,0 3 25
a230ec86-bbaa-11e8-b2ba-ac1f6b6435d0,5,5
a232870a-bbbc-11e8-b2ba-ac1f6b6435d0,7,7
a2328752-bbba-11e8-b2ba-ac1f6b6435d0,0 21,0 21
a233dcc6-bb9f-11e8-b2b9-ac1f6b6435d0,0,0
a234c006-bb99-11e8-b2b9-ac1f6b6435d0,0,0
a236e2a0-bbc1-11e8-b2bb-ac1f6b6435d0,24 25,11 24
a236f20a-bbca-11e8-b2bc-ac1f6b6435d0,21,21
a238819a-bbc7-11e8-b2bc-ac1f6b6435d0,0,0
a2388228-bb9d-11e8-b2b9-ac1f6b6435d0,23,23
a23b4c3a-bbc8-11e8-b2bc-ac1f6b6435d0,22 0,0 25 26
a23b5938-bbbd-11e8-b2ba-ac1f6b6435d0,25 0,0 25
a23d1a8e-bbbd-11e8-b2ba-ac1f6b6435d0,25 0,25
a23ebf6e-bbaf-11e8-b2ba-ac1f6b6435d0,0,0 21
a2443652-bba9-11e8-b2ba-ac1f6b6435d0,25 2,3 25
a2460750-bbba-11e8-b2ba-ac1f6b6435d0,2 0,0 2
a2481d26-bb9a-11e8-b2b9-ac1f6b6435d0,19,18
a249c85a-bbaf-11e8-b2ba-ac1f6b6435d0,13 0,13
a24e3084-bba5-11e8-b2ba-ac1f6b6435d0,0,0 25
a24f0c26-bb9f-11e8-b2b9-ac1f6b6435d0,25 11,11 25
a251947a-bbca-11e8-b2bc-ac1f6b6435d0,0,0
a2533ba2-bba4-11e8-b2ba-ac1f6b6435d0,22,25
a2550930-bb9c-11e8-b2b9-ac1f6b6435d0,12 21,12 21
a25cca02-bbc0-11e8-b2bb-ac1f6b6435d0,6,14 25
a25d2780-bb9e-11e8-b2b9-ac1f6b6435d0,7 0,7
a25dc752-bb9a-11e8-b2b9-ac1f6b6435d0,4,4
a26038e2-bbbe-11e8-b2ba-ac1f6b6435d0,25 0,0 21
a2631ed2-bbc2-11e8-b2bc-ac1f6b6435d0,26,2
a26495b0-bbb2-11e8-b2ba-ac1f6b6435d0,2 0,0 25
a264da7a-bb9e-11e8-b2b9-ac1f6b6435d0,14,14 21
a268a1d2-bba8-11e8-b2ba-ac1f6b6435d0,2 8,2 8 20
a26902a0-bbb0-11e8-b2ba-ac1f6b6435d0,25 6 2,2 6 25
a26ecafc-bbae-11e8-b2ba-ac1f6b6435d0,25 5,0
a26f3ef4-bbc4-11e8-b2bc-ac1f6b6435d0,23,23
a2712234-bba4-11e8-b2ba-ac1f6b6435d0,5,5 23
a272b9c4-bba8-11e8-b2ba-ac1f6b6435d0,3 0,0 25
a274d480-bbb1-11e8-b2ba-ac1f6b6435d0,25 0,0 25
a274f366-bba7-11e8-b2ba-ac1f6b6435d0,23,23
a27998ba-bbae-11e8-b2ba-ac1f6b6435d0,7 3 0,0 7
a27a5212-bba1-11e8-b2b9-ac1f6b6435d0,18,18 19
a28479fa-bb9b-11e8-b2b9-ac1f6b6435d0,22,0
a28bc7e6-bbbe-11e8-b2ba-ac1f6b6435d0,7,7
a28c5794-bbc6-11e8-b2bc-ac1f6b6435d0,0,0
a28d6ef6-bbb5-11e8-b2ba-ac1f6b6435d0,1 0,0 1
a292ce1a-bbb9-11e8-b2ba-ac1f6b6435d0,25,25
a2958374-bbc5-11e8-b2bc-ac1f6b6435d0,7 5,5 25
a29bf412-bbc4-11e8-b2bc-ac1f6b6435d0,3 0,0 5
a29f43e2-bba1-11e8-b2b9-ac1f6b6435d0,25 17 0,16 17 25
a29fe3d0-bbb3-11e8-b2ba-ac1f6b6435d0,2,2
a2a3ffae-bbb0-11e8-b2ba-ac1f6b6435d0,25 2 0,0 2 25
a2a59eea-bba6-11e8-b2ba-ac1f6b6435d0,2,3
a2a7ea0e-bbb7-11e8-b2ba-ac1f6b6435d0,0 21,21 25
a2a9bace-bbc0-11e8-b2bb-ac1f6b6435d0,7,7
a2aa4602-bbc9-11e8-b2bc-ac1f6b6435d0,11,11
a2ad3eea-bba4-11e8-b2ba-ac1f6b6435d0,1,1
a2af5e50-bb9a-11e8-b2b9-ac1f6b6435d0,25 0,0 21
a2b21278-bbc0-11e8-b2bb-ac1f6b6435d0,12,12
a2b26768-bba8-11e8-b2ba-ac1f6b6435d0,1 0,1
a2b70c20-bbbf-11e8-b2bb-ac1f6b6435d0,14 21,0 21
a2b721fa-bba2-11e8-b2b9-ac1f6b6435d0,19 25 0,25
a2b97a38-bbc3-11e8-b2bc-ac1f6b6435d0,22 25 0,0 22 25
a2c0dac8-bb9e-11e8-b2b9-ac1f6b6435d0,0,0
a2c1df40-bba3-11e8-b2b9-ac1f6b6435d0,5 0,0 2
a2c63252-bb99-11e8-b2b9-ac1f6b6435d0,5,5
a2cddab4-bbbe-11e8-b2ba-ac1f6b6435d0,19 0 21,0 21
a2d72aac-bbae-11e8-b2ba-ac1f6b6435d0,23,25
a2d763e2-bb9e-11e8-b2b9-ac1f6b6435d0,25,25
a2d7bd1a-bba3-11e8-b2b9-ac1f6b6435d0,2 0,0 2
a2d7c33c-bba8-11e8-b2ba-ac1f6b6435d0,14 0,0
a2d86d46-bb99-11e8-b2b9-ac1f6b6435d0,22 21,21 25
a2db3806-bba7-11e8-b2ba-ac1f6b6435d0,0,4
a2dbba58-bbaf-11e8-b2ba-ac1f6b6435d0,6,6
a2de3a4a-bba4-11e8-b2ba-ac1f6b6435d0,25 0,0 25
a2dfe228-bba4-11e8-b2ba-ac1f6b6435d0,25 13 2 0,0 13
a2e26334-bb9c-11e8-b2b9-ac1f6b6435d0,21,21
a2e2d230-bba4-11e8-b2ba-ac1f6b6435d0,23 2 21,25
a2e3ca14-bbae-11e8-b2ba-ac1f6b6435d0,25 13,13 21 25
a2e8d75c-bba9-11e8-b2ba-ac1f6b6435d0,25 4,20 26
a2e8f3ca-bba6-11e8-b2ba-ac1f6b6435d0,25 0,21
a2ec1fd4-bb9a-11e8-b2b9-ac1f6b6435d0,22 0 21,0 21 22
a2ed23c8-bbbf-11e8-b2bb-ac1f6b6435d0,7,7
a2ed8132-bbac-11e8-b2ba-ac1f6b6435d0,5,5
a2edf428-bba2-11e8-b2b9-ac1f6b6435d0,0,0 25
a2ee2e96-bba9-11e8-b2ba-ac1f6b6435d0,0,0
a2f4d2e6-bb9f-11e8-b2b9-ac1f6b6435d0,11,7
a2f60dd4-bbac-11e8-b2ba-ac1f6b6435d0,7,7
a2f66410-bbab-11e8-b2ba-ac1f6b6435d0,21,21
a2f6e76c-bbad-11e8-b2ba-ac1f6b6435d0,23,23
a2f74bda-bba8-11e8-b2ba-ac1f6b6435d0,23 1,23
a2f766cc-bba5-11e8-b2ba-ac1f6b6435d0,25 0,0
a2fb9772-bbb1-11e8-b2ba-ac1f6b6435d0,0,0
a2fc9414-bbc6-11e8-b2bc-ac1f6b6435d0,5 0,0 5 25
a2fd84b0-bbb6-11e8-b2ba-ac1f6b6435d0,11 0,0 11
a2fe59bc-bbc5-11e8-b2bc-ac1f6b6435d0,25 0,0 25
a302234c-bbb8-11e8-b2ba-ac1f6b6435d0,7,7
a307527c-bbae-11e8-b2ba-ac1f6b6435d0,5,5
a308a7c2-bb9e-11e8-b2b9-ac1f6b6435d0,16 2 0,0
a30ded7c-bbbc-11e8-b2ba-ac1f6b6435d0,16 23,23
a3120906-bbc7-11e8-b2bc-ac1f6b6435d0,4 21,4 25
a313b766-bbb7-11e8-b2ba-ac1f6b6435d0,23,23
a319e466-bbb6-11e8-b2ba-ac1f6b6435d0,14,14
a319ff22-bbbc-11e8-b2ba-ac1f6b6435d0,0 21,0 2
a31a8ce4-bbad-11e8-b2ba-ac1f6b6435d0,12 19 25,12 25
a31f1680-bbbf-11e8-b2bb-ac1f6b6435d0,5,5
a3201f2a-bba2-11e8-b2b9-ac1f6b6435d0,19 25,7 25
a3248228-bbb5-11e8-b2ba-ac1f6b6435d0,2,2 21
a328b34e-bb9b-11e8-b2b9-ac1f6b6435d0,2 0,0 2
a32c13d4-bba7-11e8-b2ba-ac1f6b6435d0,11,11
a32c38f2-bbc3-11e8-b2bc-ac1f6b6435d0,21,21 22
a3357d6e-bbc7-11e8-b2bc-ac1f6b6435d0,0 21,0 21
a3382938-bbae-11e8-b2ba-ac1f6b6435d0,19,19
a33aa3ee-bbb2-11e8-b2ba-ac1f6b6435d0,23 2 0,0 23
a33c95ee-bba0-11e8-b2b9-ac1f6b6435d0,1 0,1
a341502c-bba3-11e8-b2b9-ac1f6b6435d0,7,7
a342457c-bbb7-11e8-b2ba-ac1f6b6435d0,25 1 0 21,0 1 21 25
a3429972-bbbd-11e8-b2ba-ac1f6b6435d0,14,11 14
a34b017c-bba2-11e8-b2b9-ac1f6b6435d0,2 0,0
a34bffba-bbb5-11e8-b2ba-ac1f6b6435d0,4,4
a34c9b9e-bbc6-11e8-b2bc-ac1f6b6435d0,0,0
a34d8680-bb99-11e8-b2b9-ac1f6b6435d0,24,24
a34de5ce-bbb4-11e8-b2ba-ac1f6b6435d0,7,7
a34fe090-bbbe-11e8-b2ba-ac1f6b6435d0,25 0,0 25
a350d566-bbb1-11e8-b2ba-ac1f6b6435d0,25 0,0 5
a350f4f2-bbc4-11e8-b2bc-ac1f6b6435d0,7 0,0 7
a351a9f6-bbb5-11e8-b2ba-ac1f6b6435d0,23,23
a3546810-bbc6-11e8-b2bc-ac1f6b6435d0,14,14
a3560a70-bbc2-11e8-b2bc-ac1f6b6435d0,25 1 0,0
a361b76c-bba4-11e8-b2ba-ac1f6b6435d0,0 21,0 25
a362df8c-bbb5-11e8-b2ba-ac1f6b6435d0,25 0,0
a364e3e8-bbb7-11e8-b2ba-ac1f6b6435d0,3 0,0 2 25
a366326c-bbb1-11e8-b2ba-ac1f6b6435d0,0,0
a36a4dfc-bba7-11e8-b2ba-ac1f6b6435d0,16 14,0 14
a36bc900-bbbd-11e8-b2ba-ac1f6b6435d0,6,6
a36c419e-bbba-11e8-b2ba-ac1f6b6435d0,14,14
a36fb826-bb9a-11e8-b2b9-ac1f6b6435d0,0,0 25
a36fd3e4-bbb1-11e8-b2ba-ac1f6b6435d0,25 0,0
a371ffee-bb9c-11e8-b2b9-ac1f6b6435d0,13,13
a37470fa-bbb8-11e8-b2ba-ac1f6b6435d0,14 0,0 14
a374dc2c-bbb6-11e8-b2ba-ac1f6b6435d0,2 0,4
a3775c10-bbaa-11e8-b2ba-ac1f6b6435d0,25 0,0 25
a3776be0-bbb1-11e8-b2ba-ac1f6b6435d0,5,5 25
a37a8d16-bba7-11e8-b2ba-ac1f6b6435d0,5 0,0 5
a37ff484-bbc7-11e8-b2bc-ac1f6b6435d0,7 2,2 7
a3820aec-bbc4-11e8-b2bc-ac1f6b6435d0,26 5,5
a3824e54-bbb4-11e8-b2ba-ac1f6b6435d0,12 0,0 12 21
a3840c68-bb9f-11e8-b2b9-ac1f6b6435d0,11,11
a38436fa-bbab-11e8-b2ba-ac1f6b6435d0,25 0,0 25
a3851464-bba9-11e8-b2ba-ac1f6b6435d0,11,11
a385f7a8-bbae-11e8-b2ba-ac1f6b6435d0,2,2
a3868b8c-bbb3-11e8-b2ba-ac1f6b6435d0,1,1
a38be63a-bbaa-11e8-b2ba-ac1f6b6435d0,25 7 0,0 7 25
a38d2f6a-bb99-11e8-b2b9-ac1f6b6435d0,7,7
a38f5a44-bba6-11e8-b2ba-ac1f6b6435d0,14,14
a3949a2c-bba1-11e8-b2b9-ac1f6b6435d0,0 21,0 21
a39a91c6-bbc3-11e8-b2bc-ac1f6b6435d0,25 4,4 25
a39d2b94-bbae-11e8-b2ba-ac1f6b6435d0,12,12
a39e7126-bbbc-11e8-b2ba-ac1f6b6435d0,23 0,0 23
a3a3a512-bbbf-11e8-b2bb-ac1f6b6435d0,25 4,4 25
a3abcc6c-bba4-11e8-b2ba-ac1f6b6435d0,18 0,0 18
a3acf07e-bbb8-11e8-b2ba-ac1f6b6435d0,25 23,23
a3ad22ac-bbb7-11e8-b2ba-ac1f6b6435d0,14 0,0 14
a3ae3c3a-bbbe-11e8-b2ba-ac1f6b6435d0,25 4,4 25
a3b31232-bbbe-11e8-b2ba-ac1f6b6435d0,19,18
a3b51bd2-bbb3-11e8-b2ba-ac1f6b6435d0,7,7
a3b5775c-bba0-11e8-b2b9-ac1f6b6435d0,25 0,0 21 25
a3b9244c-bbc8-11e8-b2bc-ac1f6b6435d0,3,3
a3ba0b06-bb9f-11e8-b2b9-ac1f6b6435d0,0,0
a3bd102a-bba0-11e8-b2b9-ac1f6b6435d0,25 14,14 21 25
a3bef712-bbbb-11e8-b2ba-ac1f6b6435d0,7,7
a3c11796-bba1-11e8-b2b9-ac1f6b6435d0,7,7 9
a3c32094-bba2-11e8-b2b9-ac1f6b6435d0,3 0,0 3
a3c6515c-bbbf-11e8-b2bb-ac1f6b6435d0,23 0,0 23
a3c7333c-bbca-11e8-b2bc-ac1f6b6435d0,7,7 23
a3c98886-bb9c-11e8-b2b9-ac1f6b6435d0,0,0
a3ce718e-bbbf-11e8-b2bb-ac1f6b6435d0,23,23
a3d21da6-bba7-11e8-b2ba-ac1f6b6435d0,25 21,21
a3d43a88-bba6-11e8-b2ba-ac1f6b6435d0,4,4
a3d47fb8-bba4-11e8-b2ba-ac1f6b6435d0,0,0
a3d5cf74-bbba-11e8-b2ba-ac1f6b6435d0,25 0,0 25
a3d83450-bba9-11e8-b2ba-ac1f6b6435d0,25 11,24
a3d8d540-bbc7-11e8-b2bc-ac1f6b6435d0,25 14,14 25
a3d962c8-bb9d-11e8-b2b9-ac1f6b6435d0,18 21,18 21
a3d98384-bbc5-11e8-b2bc-ac1f6b6435d0,0,0
a3dddc5c-bbb8-11e8-b2ba-ac1f6b6435d0,25 21,21 25
a3df2554-bba3-11e8-b2b9-ac1f6b6435d0,25 7,7
a3df5c50-bbb6-11e8-b2ba-ac1f6b6435d0,12 25,12 25
a3e06e50-bba3-11e8-b2b9-ac1f6b6435d0,4,4
a3e07024-bbbe-11e8-b2ba-ac1f6b6435d0,25 7,25
a3e28bb2-bba9-11e8-b2ba-ac1f6b6435d0,7,7
a3e3ad5e-bbc6-11e8-b2bc-ac1f6b6435d0,25 0,0 25
a3e41156-bbc4-11e8-b2bc-ac1f6b6435d0,25 0 21,4 21 25
a3e46f24-bbb6-11e8-b2ba-ac1f6b6435d0,25 18,25
a3e5d546-bbaf-11e8-b2ba-ac1f6b6435d0,23,0 23
a3e971d6-bbac-11e8-b2ba-ac1f6b6435d0,25,25
a3eed330-bbaa-11e8-b2ba-ac1f6b6435d0,19 25 5,0 18 25
a3efdf3c-bbc8-11e8-b2bc-ac1f6b6435d0,21,21
a3f09a5a-bba3-11e8-b2b9-ac1f6b6435d0,7 0,7
a3f327f2-bb9e-11e8-b2b9-ac1f6b6435d0,16 25 0,0 16 25
a3f3b9d6-bba5-11e8-b2ba-ac1f6b6435d0,3,25
a3f5f10a-bbb0-11e8-b2ba-ac1f6b6435d0,7,7
a3f6306e-bbb7-11e8-b2ba-ac1f6b6435d0,25,21 25
a3f7637c-bbb1-11e8-b2ba-ac1f6b6435d0,1 0,0 1
a3fa7014-bbb4-11e8-b2ba-ac1f6b6435d0,23 0,0 8 20
a3fae510-bbca-11e8-b2bc-ac1f6b6435d0,12 0,0 12
a3fe4a46-bbb8-11e8-b2ba-ac1f6b6435d0,23 0,0 23
a400a3e8-bbc4-11e8-b2bc-ac1f6b6435d0,25 21,0
a400e29c-bbbd-11e8-b2ba-ac1f6b6435d0,0,0 17
a400fa96-bbbf-11e8-b2bb-ac1f6b6435d0,23,23
a4018648-bbc2-11e8-b2bc-ac1f6b6435d0,0,0
a405b6e4-bbc9-11e8-b2bc-ac1f6b6435d0,11,11
a4067b68-bbb7-11e8-b2ba-ac1f6b6435d0,14,7 14
a406d3b2-bbb0-11e8-b2ba-ac1f6b6435d0,4,4
a406e6fc-bbad-11e8-b2ba-ac1f6b6435d0,0,0 14
a407704e-bbb8-11e8-b2ba-ac1f6b6435d0,23,23
a4081330-bba6-11e8-b2ba-ac1f6b6435d0,11,4 11
a408fb16-bbaf-11e8-b2ba-ac1f6b6435d0,2 0,0
a40a4aa6-bbab-11e8-b2ba-ac1f6b6435d0,22 25 0,0 25
a40b71e4-bb9a-11e8-b2b9-ac1f6b6435d0,14 0 21,0 14 21
a40ba318-bba3-11e8-b2b9-ac1f6b6435d0,16 14 3,2 14 16
a40c6f72-bbc2-11e8-b2bc-ac1f6b6435d0,19 25,19 25
a40cbf66-bba6-11e8-b2ba-ac1f6b6435d0,19,19
a410374e-bbc5-11e8-b2bc-ac1f6b6435d0,21,12
a410cc82-bba6-11e8-b2ba-ac1f6b6435d0,25 23 0,0 25
a4112e46-bbb2-11e8-b2ba-ac1f6b6435d0,4,4
a413534e-bbba-11e8-b2ba-ac1f6b6435d0,2 0,0 3
a418ae3c-bbad-11e8-b2ba-ac1f6b6435d0,23 0,0 23
a41cbe9a-bbbd-11e8-b2ba-ac1f6b6435d0,19,19
a41d0b4a-bb9d-11e8-b2b9-ac1f6b6435d0,14,14
a41d9f26-bba5-11e8-b2ba-ac1f6b6435d0,22,22
a423bdc6-bb9f-11e8-b2b9-ac1f6b6435d0,22 25,25
a42555aa-bbb3-11e8-b2ba-ac1f6b6435d0,0 21,0 18 25
a428cba0-bbb7-11e8-b2ba-ac1f6b6435d0,7 0,0 7
a42cb566-bbb3-11e8-b2ba-ac1f6b6435d0,5,11
a432e1c0-bbbd-11e8-b2ba-ac1f6b6435d0,25 1 0,0 1 25
a4349af6-bba9-11e8-b2ba-ac1f6b6435d0,3,0 3
a43a450a-bba9-11e8-b2ba-ac1f6b6435d0,19 0,0 19
a43f549a-bbc8-11e8-b2bc-ac1f6b6435d0,5,4
a43f6174-bba5-11e8-b2ba-ac1f6b6435d0,23,23
a44004ca-bbb0-11e8-b2ba-ac1f6b6435d0,21,0 25
a4402e3e-bbc2-11e8-b2bc-ac1f6b6435d0,23,23
a4406464-bbca-11e8-b2bc-ac1f6b6435d0,6 0,6
a44137e8-bb9a-11e8-b2b9-ac1f6b6435d0,9,9
a442cfee-bbaa-11e8-b2ba-ac1f6b6435d0,2,2
a444134a-bbc3-11e8-b2bc-ac1f6b6435d0,12 25 11,11 25
a4451510-bbbe-11e8-b2ba-ac1f6b6435d0,18,18
a44b12fa-bb9e-11e8-b2b9-ac1f6b6435d0,23,6 23
a44be996-bbb7-11e8-b2ba-ac1f6b6435d0,26,26
a45378f8-bbb4-11e8-b2ba-ac1f6b6435d0,25 0,0 19 25
a45888fc-bbc3-11e8-b2bc-ac1f6b6435d0,25,25
a45a1600-bba9-11e8-b2ba-ac1f6b6435d0,0,0
a45a3c7e-bbb9-11e8-b2ba-ac1f6b6435d0,25 7,17 18 25
a45c123c-bbc4-11e8-b2bc-ac1f6b6435d0,7,0 25
a45d598c-bb9f-11e8-b2b9-ac1f6b6435d0,4,4
a461e6d4-bbc0-11e8-b2bb-ac1f6b6435d0,12 25 0,12
a4622ca0-bbb8-11e8-b2ba-ac1f6b6435d0,7,7
a4622ec4-bb9c-11e8-b2b9-ac1f6b6435d0,19,19
a4625518-bba4-11e8-b2ba-ac1f6b6435d0,25 1 4,5 25
a462af16-bb9c-11e8-b2b9-ac1f6b6435d0,23,23
a4674636-bbc2-11e8-b2bc-ac1f6b6435d0,25 7,25
a46a0000-bbc3-11e8-b2bc-ac1f6b6435d0,0,0
a46bbd26-bba2-11e8-b2b9-ac1f6b6435d0,23,23
a46bc92c-bbae-11e8-b2ba-ac1f6b6435d0,25 0,0 25
a46c2d2a-bbc4-11e8-b2bc-ac1f6b6435d0,7 0,0 7
a46e2b38-bb9d-11e8-b2b9-ac1f6b6435d0,7 0,0 23
a46e4f0a-bba2-11e8-b2b9-ac1f6b6435d0,25 16,25
a46f326c-bba7-11e8-b2ba-ac1f6b6435d0,11 0,0 11 12
a4780576-bba3-11e8-b2b9-ac1f6b6435d0,25 23,6
a47a05ce-bbbc-11e8-b2ba-ac1f6b6435d0,0 21,2 21
a47d3652-bbaf-11e8-b2ba-ac1f6b6435d0,23,23
a47d6f04-bbc4-11e8-b2bc-ac1f6b6435d0,25,25
a480418c-bbad-11e8-b2ba-ac1f6b6435d0,3,3
a4848ea2-bbb4-11e8-b2ba-ac1f6b6435d0,0 21,0 21 25
a485b446-bbad-11e8-b2ba-ac1f6b6435d0,25 7 0,0 25
a48784c0-bbc5-11e8-b2bc-ac1f6b6435d0,25 1,1
a487be3c-bbab-11e8-b2ba-ac1f6b6435d0,19 0,0 19
a48a8c26-bbaf-11e8-b2ba-ac1f6b6435d0,11,11
a48d54be-bb9c-11e8-b2b9-ac1f6b6435d0,7,7 20
a48d9228-bba4-11e8-b2ba-ac1f6b6435d0,25 21,21 25
a495329a-bba3-11e8-b2b9-ac1f6b6435d0,24 2,2 24
a49fa064-bbc5-11e8-b2bc-ac1f6b6435d0,21,21
a4a209dc-bba5-11e8-b2ba-ac1f6b6435d0,5,5
a4a25bb8-bb9f-11e8-b2b9-ac1f6b6435d0,23 3 0,0 3 23
a4a40972-bbb3-11e8-b2ba-ac1f6b6435d0,22 0,0 22
a4a6974a-bbbe-11e8-b2ba-ac1f6b6435d0,14,14
a4a8b100-bba6-11e8-b2ba-ac1f6b6435d0,25 6 2,2 6 25
a4ab46fc-bb99-11e8-b2b9-ac1f6b6435d0,25 0,0 25
a4af4980-bbc3-11e8-b2bc-ac1f6b6435d0,7 5,5 7
a4b31156-bb9a-11e8-b2b9-ac1f6b6435d0,25 21,21 25
a4b6b9b8-bbc3-11e8-b2bc-ac1f6b6435d0,11,7
a4b9fc62-bbb0-11e8-b2ba-ac1f6b6435d0,3 0,0 3
a4bd0f36-bb99-11e8-b2b9-ac1f6b6435d0,0,0
a4bda7fa-bbc3-11e8-b2bc-ac1f6b6435d0,3 0,0 3
a4bf42f8-bbab-11e8-b2ba-ac1f6b6435d0,5,4
a4c5d9ce-bba1-11e8-b2b9-ac1f6b6435d0,23 0 21,0 23
a4c71920-bba0-11e8-b2b9-ac1f6b6435d0,13 1 0,0
a4c7b66e-bbc8-11e8-b2bc-ac1f6b6435d0,22 7 0,7 22
a4cda214-bba4-11e8-b2ba-ac1f6b6435d0,0 21,0 21 25
a4d045ee-bbc9-11e8-b2bc-ac1f6b6435d0,21,21 25
a4d666d2-bbbe-11e8-b2ba-ac1f6b6435d0,2 0,0 2
a4d75dd4-bba6-11e8-b2ba-ac1f6b6435d0,0,0
a4d7edf6-bb99-11e8-b2b9-ac1f6b6435d0,11 0,24
a4def1ae-bba9-11e8-b2ba-ac1f6b6435d0,25 2,2 25
a4e118c0-bbc8-11e8-b2bc-ac1f6b6435d0,5,2
a4e1c904-bbb5-11e8-b2ba-ac1f6b6435d0,3,3
a4e2cf2e-bbca-11e8-b2bc-ac1f6b6435d0,22 0,0 22
a4e42d0c-bbc9-11e8-b2bc-ac1f6b6435d0,11,11
a4e4aa12-bb9b-11e8-b2b9-ac1f6b6435d0,25,23
a4eb0034-bbb8-11e8-b2ba-ac1f6b6435d0,25 7 0,4 25
a4ed96b4-bbc7-11e8-b2bc-ac1f6b6435d0,22,0
a4edd97e-bbc4-11e8-b2bc-ac1f6b6435d0,25 18 0,1 25
a4ef67b6-bbc0-11e8-b2bb-ac1f6b6435d0,23,23
a4f37b6a-bb9a-11e8-b2b9-ac1f6b6435d0,0,0
a4f6dd56-bbb2-11e8-b2ba-ac1f6b6435d0,19 5 0,4 19 25
a4f80b16-bba5-11e8-b2ba-ac1f6b6435d0,11,11
a4f8a22e-bbc8-11e8-b2bc-ac1f6b6435d0,23,23
a4f97602-bba2-11e8-b2b9-ac1f6b6435d0,0,0 25
a4fb4cb4-bbb3-11e8-b2ba-ac1f6b6435d0,0,0
a4fb7812-bbac-11e8-b2ba-ac1f6b6435d0,25 0,0 3
a4fcbf3a-bbaf-11e8-b2ba-ac1f6b6435d0,4,0
a500248a-bbab-11e8-b2ba-ac1f6b6435d0,7,7
a500946c-bb9a-11e8-b2b9-ac1f6b6435d0,25 0,0 25
a502a024-bbac-11e8-b2ba-ac1f6b6435d0,25 0,0 11 25
a504aa94-bbad-11e8-b2ba-ac1f6b6435d0,0,0
a50d2c1e-bbb7-11e8-b2ba-ac1f6b6435d0,3,3
a50d740e-bbbb-11e8-b2ba-ac1f6b6435d0,25,0
a50e9522-bbad-11e8-b2ba-ac1f6b6435d0,19,19
a5120912-bbaf-11e8-b2ba-ac1f6b6435d0,25 0,0 5 25
a516bca4-bbab-11e8-b2ba-ac1f6b6435d0,22 0,0 22
a5173d10-bbc3-11e8-b2bc-ac1f6b6435d0,25 0,0 23 25
a518649e-bb99-11e8-b2b9-ac1f6b6435d0,25 0,0 21 25
a51b1034-bba0-11e8-b2b9-ac1f6b6435d0,25,25
a51d29dc-bbaf-11e8-b2ba-ac1f6b6435d0,11,11
a51ef7d8-bbb1-11e8-b2ba-ac1f6b6435d0,25 13,11 25
a521c1bc-bba1-11e8-b2b9-ac1f6b6435d0,25 2 0,2 25
a5228276-bbb7-11e8-b2ba-ac1f6b6435d0,19 2 0,0 2 19
a5240cbe-bbac-11e8-b2ba-ac1f6b6435d0,0,0 25
a52c39a4-bba5-11e8-b2ba-ac1f6b6435d0,25 23,25
a533da5e-bbbb-11e8-b2ba-ac1f6b6435d0,0,0
a5352aea-bbc4-11e8-b2bc-ac1f6b6435d0,25 18,18 25
a536d918-bbaa-11e8-b2ba-ac1f6b6435d0,4,0 4
a53842e2-bbca-11e8-b2bc-ac1f6b6435d0,25 0,0 25
a53861e0-bbbc-11e8-b2ba-ac1f6b6435d0,14,14 25
a53a04a8-bbb9-11e8-b2ba-ac1f6b6435d0,2 0,0 2
a53a9580-bbb4-11e8-b2ba-ac1f6b6435d0,19,19
a53cb79c-bbb5-11e8-b2ba-ac1f6b6435d0,23 2 0,0 2 23
a53cf834-bbaf-11e8-b2ba-ac1f6b6435d0,25 0,0 25
a53da92e-bbae-11e8-b2ba-ac1f6b6435d0,7 3 0,0 7
a53f4856-bbb3-11e8-b2ba-ac1f6b6435d0,2,2 25
a5423e04-bbc6-11e8-b2bc-ac1f6b6435d0,7,7 25
a543de60-bba0-11e8-b2b9-ac1f6b6435d0,23 1,1 23
a5450940-bbc1-11e8-b2bb-ac1f6b6435d0,6,6
a54664c4-bbc2-11e8-b2bc-ac1f6b6435d0,7 0,0 7
a546b5fe-bbaf-11e8-b2ba-ac1f6b6435d0,6,6 23
a546d982-bbc6-11e8-b2bc-ac1f6b6435d0,2,0 2 25
a54af66e-bbc8-11e8-b2bc-ac1f6b6435d0,3,3
a5584754-bbc0-11e8-b2bb-ac1f6b6435d0,25 0,4 25
a559165c-bba2-11e8-b2b9-ac1f6b6435d0,0,0
a559b914-bbbf-11e8-b2bb-ac1f6b6435d0,25 2 0,2 25
a55a4a06-bbc3-11e8-b2bc-ac1f6b6435d0,23,23
a55b5f34-bbb6-11e8-b2ba-ac1f6b6435d0,25 0,0
a55fad66-bbb9-11e8-b2ba-ac1f6b6435d0,0 21,0 21
a561ed46-bbba-11e8-b2ba-ac1f6b6435d0,25 21,21
a5693ae2-bbb5-11e8-b2ba-ac1f6b6435d0,0,0
a569bc64-bbbb-11e8-b2ba-ac1f6b6435d0,25 23,7 25
a56bf186-bba8-11e8-b2ba-ac1f6b6435d0,6,6
a56c0b6a-bbb9-11e8-b2ba-ac1f6b6435d0,25 5,3 23
a56d4882-bbbd-11e8-b2ba-ac1f6b6435d0,20 0,0 20
a56da662-bbb6-11e8-b2ba-ac1f6b6435d0,6,6
a570cbba-bb9a-11e8-b2b9-ac1f6b6435d0,0 21,0 22
a573fe40-bb9d-11e8-b2b9-ac1f6b6435d0,25,17 25
a5748806-bb9d-11e8-b2b9-ac1f6b6435d0,17 21,17
a5763bae-bba4-11e8-b2ba-ac1f6b6435d0,19 25 0,0 25
a5779da4-bba5-11e8-b2ba-ac1f6b6435d0,3,3
a577a726-bb9c-11e8-b2b9-ac1f6b6435d0,21,21
a57a1d22-bba5-11e8-b2ba-ac1f6b6435d0,2,2
a58818c2-bba1-11e8-b2b9-ac1f6b6435d0,17 0,0
a5886c14-bbab-11e8-b2ba-ac1f6b6435d0,24 0,0
a5888192-bbb8-11e8-b2ba-ac1f6b6435d0,21,21 25
a58a9778-bbba-11e8-b2ba-ac1f6b6435d0,25 7,7
a58be0b8-bbc6-11e8-b2bc-ac1f6b6435d0,7,23
a58c1476-bbc5-11e8-b2bc-ac1f6b6435d0,22,22
a59084b2-bbab-11e8-b2ba-ac1f6b6435d0,7,7
a5909a1a-bbc4-11e8-b2bc-ac1f6b6435d0,12 25,12
a5926986-bbbe-11e8-b2ba-ac1f6b6435d0,7,7 23
a593482e-bbbe-11e8-b2ba-ac1f6b6435d0,2 0,0 2
a59548e2-bb9e-11e8-b2b9-ac1f6b6435d0,25 5 0,5 25
a5954f50-bba7-11e8-b2ba-ac1f6b6435d0,4,4 25
a595d460-bbbc-11e8-b2ba-ac1f6b6435d0,19 0,0 19
a596377a-bbc6-11e8-b2bc-ac1f6b6435d0,3,3
a597fefe-bbb0-11e8-b2ba-ac1f6b6435d0,4 0,4
a599e23c-bba1-11e8-b2b9-ac1f6b6435d0,23,23
a59abc28-bb9e-11e8-b2b9-ac1f6b6435d0,2 0,0 2
a59b1bd4-bbba-11e8-b2ba-ac1f6b6435d0,25 21,25
a59bb46e-bbb9-11e8-b2ba-ac1f6b6435d0,3,3
a59ced62-bbb3-11e8-b2ba-ac1f6b6435d0,7,0 7 25
a59f20e0-bba0-11e8-b2b9-ac1f6b6435d0,25 1 21,1 25
a5a2565e-bbc1-11e8-b2bb-ac1f6b6435d0,25 5,5 25
a5a29854-bbb6-11e8-b2ba-ac1f6b6435d0,5 0,5
a5a5d384-bbbb-11e8-b2ba-ac1f6b6435d0,22 25,22
a5a9fa9a-bba2-11e8-b2b9-ac1f6b6435d0,1 2 0,0 2
a5aa1a7c-bbaf-11e8-b2ba-ac1f6b6435d0,25 16,21 25
a5abd9ca-bbbe-11e8-b2ba-ac1f6b6435d0,6 0,6
a5acb1e0-bba7-11e8-b2ba-ac1f6b6435d0,19 0,0 19
a5b4e3a4-bbb8-11e8-b2ba-ac1f6b6435d0,26 25 0,0 25
a5b70d48-bba2-11e8-b2b9-ac1f6b6435d0,19 25 0,0 12 18
a5b78c4c-bb9c-11e8-b2b9-ac1f6b6435d0,1,1
a5b8e4dc-bbad-11e8-b2ba-ac1f6b6435d0,7 0,0 21 25
a5b8f2aa-bb9f-11e8-b2b9-ac1f6b6435d0,7 3,3 7
a5ba2a80-bbc7-11e8-b2bc-ac1f6b6435d0,25 7 21,21
a5bb5b5a-bbc5-11e8-b2bc-ac1f6b6435d0,13 11,13
a5bb97ac-bbb4-11e8-b2ba-ac1f6b6435d0,7 0,25
a5becb7c-bba8-11e8-b2ba-ac1f6b6435d0,5,5
a5c1db2c-bbc2-11e8-b2bc-ac1f6b6435d0,2 0,0 2
a5c696de-bba0-11e8-b2b9-ac1f6b6435d0,19,19
a5c7bae4-bbac-11e8-b2ba-ac1f6b6435d0,25,11 25
a5c99770-bbb5-11e8-b2ba-ac1f6b6435d0,21,21
a5c9be6a-bbb2-11e8-b2ba-ac1f6b6435d0,11,11
a5cda1e2-bba3-11e8-b2b9-ac1f6b6435d0,22 0,0
a5ce19ca-bbb6-11e8-b2ba-ac1f6b6435d0,22,22
a5ce7a7c-bbc1-11e8-b2bb-ac1f6b6435d0,23,23
a5d38566-bbc2-11e8-b2bc-ac1f6b6435d0,13 21,25
a5d68b8c-bbb1-11e8-b2ba-ac1f6b6435d0,0 21,0 21
a5d6de0a-bb9a-11e8-b2b9-ac1f6b6435d0,15 5 0,0 5
a5d8c9a0-bbc6-11e8-b2bc-ac1f6b6435d0,4,4
a5d96e26-bbb9-11e8-b2ba-ac1f6b6435d0,0 21,0 21
a5dae9d2-bbb3-11e8-b2ba-ac1f6b6435d0,21,21
a5dff0e8-bbaa-11e8-b2ba-ac1f6b6435d0,12 25 21,4 12 21 25
a5e0583e-bba6-11e8-b2ba-ac1f6b6435d0,2 0,2
a5e15ed2-bbb5-11e8-b2ba-ac1f6b6435d0,25 0 21,21
a5e3db4e-bbc9-11e8-b2bc-ac1f6b6435d0,4,4
a5e4284e-bba9-11e8-b2ba-ac1f6b6435d0,23,23
a5e688ae-bbb4-11e8-b2ba-ac1f6b6435d0,21,21
a5e7165c-bbaa-11e8-b2ba-ac1f6b6435d0,18,18 19
a5e8a3c6-bba7-11e8-b2ba-ac1f6b6435d0,25 0,0 25
a5eb5fe2-bbc7-11e8-b2bc-ac1f6b6435d0,12 13 0 21,0 12 13
a5ec91da-bbb0-11e8-b2ba-ac1f6b6435d0,5,5
a5eeae90-bbae-11e8-b2ba-ac1f6b6435d0,7 23 0,0 7
a5f1fea0-bbc3-11e8-b2bc-ac1f6b6435d0,21,21
a5f3fc46-bbc8-11e8-b2bc-ac1f6b6435d0,14,14
a5f7769e-bba2-11e8-b2b9-ac1f6b6435d0,25 0,0 25
a5f91d46-bba7-11e8-b2ba-ac1f6b6435d0,21,21
a5f9a82e-bbb6-11e8-b2ba-ac1f6b6435d0,14,14
a5fb3436-bba8-11e8-b2ba-ac1f6b6435d0,3 0,0 3
a5fc4a52-bbc0-11e8-b2bb-ac1f6b6435d0,25 0,0
a5fd1472-bbc6-11e8-b2bc-ac1f6b6435d0,0,0
a5ff6c18-bbb2-11e8-b2ba-ac1f6b6435d0,0 21,0 21 22
a6034756-bba9-11e8-b2ba-ac1f6b6435d0,11,11
a6053716-bbc0-11e8-b2bb-ac1f6b6435d0,2,2
a606a992-bbc6-11e8-b2bc-ac1f6b6435d0,0,0
a606df6e-bbb4-11e8-b2ba-ac1f6b6435d0,16 25 17 0,16
a6089970-bbb0-11e8-b2ba-ac1f6b6435d0,25,25
a60978d2-bbaf-11e8-b2ba-ac1f6b6435d0,23,23
a60a3fc8-bbc4-11e8-b2bc-ac1f6b6435d0,23 0,23
a60e087a-bbaa-11e8-b2ba-ac1f6b6435d0,16 0,0
a613423a-bbb0-11e8-b2ba-ac1f6b6435d0,25 18,18 25
a6136e1c-bbac-11e8-b2ba-ac1f6b6435d0,25,25
a613de68-bb9f-11e8-b2b9-ac1f6b6435d0,23 2 0,5 23
a614a0b6-bbc5-11e8-b2bc-ac1f6b6435d0,25 2,2 25
a615f6dc-bba2-11e8-b2b9-ac1f6b6435d0,23 2,2 23
a61a5e24-bbbc-11e8-b2ba-ac1f6b6435d0,7,23
a61beb20-bb9b-11e8-b2b9-ac1f6b6435d0,23,23
a61c6314-bbb1-11e8-b2ba-ac1f6b6435d0,25 3 0,0 14
a621cd76-bbbc-11e8-b2ba-ac1f6b6435d0,0 21,0 21
a6221244-bb9f-11e8-b2b9-ac1f6b6435d0,25 2 0,0 2 25
a623e598-bbbc-11e8-b2ba-ac1f6b6435d0,11,11
a627b7a0-bbac-11e8-b2ba-ac1f6b6435d0,5,0
a62876a2-bbb8-11e8-b2ba-ac1f6b6435d0,4,0 5 21
a62aba86-bbb6-11e8-b2ba-ac1f6b6435d0,7 0,0 7 25
a62c4386-bb9f-11e8-b2b9-ac1f6b6435d0,0 21,0 21
a62e1342-bb99-11e8-b2b9-ac1f6b6435d0,0,0
a62eb7e0-bbba-11e8-b2ba-ac1f6b6435d0,25 2,0 21
a62ef422-bbaf-11e8-b2ba-ac1f6b6435d0,25 0,0 21 25
a6314e66-bbb9-11e8-b2ba-ac1f6b6435d0,2 0,0 2
a6333bac-bbc5-11e8-b2bc-ac1f6b6435d0,7 5,5
a63505ac-bb9a-11e8-b2b9-ac1f6b6435d0,0 21,0 21
a6397bd0-bbba-11e8-b2ba-ac1f6b6435d0,25 0,5
a63c7088-bbba-11e8-b2ba-ac1f6b6435d0,0,0 21 25
a63ce81a-bbab-11e8-b2ba-ac1f6b6435d0,25,25
a63f5b3e-bbad-11e8-b2ba-ac1f6b6435d0,5,0 5 25
a63fe728-bbb4-11e8-b2ba-ac1f6b6435d0,7 0,0 7
a640bb44-bbaa-11e8-b2ba-ac1f6b6435d0,7,7
a641d364-bbc1-11e8-b2bb-ac1f6b6435d0,25,25
a641e290-bba9-11e8-b2ba-ac1f6b6435d0,2,2
a6441a14-bb9b-11e8-b2b9-ac1f6b6435d0,2,2
a647f7cc-bbbb-11e8-b2ba-ac1f6b6435d0,25 2 0 21,0 2 22
a64d361c-bba5-11e8-b2ba-ac1f6b6435d0,23,23
a64dd6f4-bbb3-11e8-b2ba-ac1f6b6435d0,25 0,0 25
a64de648-bbc8-11e8-b2bc-ac1f6b6435d0,3,3
a652c146-bbc2-11e8-b2bc-ac1f6b6435d0,25 21,21
a656e5f2-bb9d-11e8-b2b9-ac1f6b6435d0,25,25
a658e282-bbaa-11e8-b2ba-ac1f6b6435d0,25 0 21,0 2 21
a659f77e-bbac-11e8-b2ba-ac1f6b6435d0,23,23
a65bab46-bba7-11e8-b2ba-ac1f6b6435d0,11,11
a6624910-bb9d-11e8-b2b9-ac1f6b6435d0,5,4 5
a662a6b6-bba8-11e8-b2ba-ac1f6b6435d0,11,11
a662db18-bbad-11e8-b2ba-ac1f6b6435d0,0,0 19
a6667386-bbc1-11e8-b2bb-ac1f6b6435d0,5,0
a666a2bc-bbc5-11e8-b2bc-ac1f6b6435d0,14 17,14 17
a669b0be-bb9e-11e8-b2b9-ac1f6b6435d0,13,13
a66b2c7e-bba7-11e8-b2ba-ac1f6b6435d0,18,17 18
a66b8d60-bbb4-11e8-b2ba-ac1f6b6435d0,25 0 21,0 21 25
a66bfa74-bbc9-11e8-b2bc-ac1f6b6435d0,25 5,4 25
a66fd05c-bbb7-11e8-b2ba-ac1f6b6435d0,25,25
a672c330-bbac-11e8-b2ba-ac1f6b6435d0,25 23 0,0 23 25
a6739746-bbb7-11e8-b2ba-ac1f6b6435d0,21,21
a6768294-bbb7-11e8-b2ba-ac1f6b6435d0,25 0,0 25
a67692a8-bbca-11e8-b2bc-ac1f6b6435d0,3 0,0 3
a676c92c-bbbf-11e8-b2bb-ac1f6b6435d0,2 0,0 2
a6777480-bbbf-11e8-b2bb-ac1f6b6435d0,3,23
a678c362-bbc4-11e8-b2bc-ac1f6b6435d0,25 5 21,0 21 25
a67da202-bb9b-11e8-b2b9-ac1f6b6435d0,14 21,14
a6804adc-bbc0-11e8-b2bb-ac1f6b6435d0,7 0,0 7
a6807414-bbc3-11e8-b2bc-ac1f6b6435d0,0 21,0 21
a68120d0-bbc3-11e8-b2bc-ac1f6b6435d0,4,4 25
a686b280-bbb3-11e8-b2ba-ac1f6b6435d0,4,4 25
a686c012-bbb9-11e8-b2ba-ac1f6b6435d0,21,21 22
a686c226-bb9e-11e8-b2b9-ac1f6b6435d0,0 21,0
a686ced8-bbc6-11e8-b2bc-ac1f6b6435d0,26,26
a68aad7e-bbc0-11e8-b2bb-ac1f6b6435d0,25 5,0 5
a68e13d0-bbc8-11e8-b2bc-ac1f6b6435d0,23 0,0 23
a68ecaae-bbb0-11e8-b2ba-ac1f6b6435d0,25 21,25
a693bacc-bbc5-11e8-b2bc-ac1f6b6435d0,0 21,21
a6972044-bbb2-11e8-b2ba-ac1f6b6435d0,5,5
a69a2114-bbac-11e8-b2ba-ac1f6b6435d0,7 0,0 7
a69b0a48-bbc0-11e8-b2bb-ac1f6b6435d0,19 0,0 25
a69b3e3e-bbb9-11e8-b2ba-ac1f6b6435d0,14 21,14 21
a69cc524-bb9b-11e8-b2b9-ac1f6b6435d0,1 0,0 1
a69ed062-bbc8-11e8-b2bc-ac1f6b6435d0,7,7
a69f87dc-bbc3-11e8-b2bc-ac1f6b6435d0,11,4 11
a6a0b49a-bbbe-11e8-b2ba-ac1f6b6435d0,14 2,2 14
a6a0b70e-bba7-11e8-b2ba-ac1f6b6435d0,14 2 0,0 2 14
a6a539d6-bba3-11e8-b2b9-ac1f6b6435d0,11,12
a6a5d0b2-bbc1-11e8-b2bb-ac1f6b6435d0,3,0
a6a733ca-bbae-11e8-b2ba-ac1f6b6435d0,4,4
a6a7c4a4-bbb1-11e8-b2ba-ac1f6b6435d0,12 25 3,3 21 23
a6ab8e0a-bbbf-11e8-b2bb-ac1f6b6435d0,24,11 24
a6ad6be2-bbbc-11e8-b2ba-ac1f6b6435d0,5,5
a6adbfc8-bba0-11e8-b2b9-ac1f6b6435d0,23,11
a6adc980-bbc0-11e8-b2bb-ac1f6b6435d0,0,0
a6ae47a0-bbc7-11e8-b2bc-ac1f6b6435d0,25 0,0 25
a6b1dce8-bbc3-11e8-b2bc-ac1f6b6435d0,18 17 21,18
a6b30450-bbb5-11e8-b2ba-ac1f6b6435d0,5,5
a6b42054-bba3-11e8-b2b9-ac1f6b6435d0,24 2,24
a6b50ebc-bbab-11e8-b2ba-ac1f6b6435d0,25 0,5 25
a6b5fa42-bbca-11e8-b2bc-ac1f6b6435d0,1,1
a6b616b2-bbac-11e8-b2ba-ac1f6b6435d0,7 0,0 7 25
a6b6635a-bbc1-11e8-b2bb-ac1f6b6435d0,14 1 0,0 14
a6b86c60-bbab-11e8-b2ba-ac1f6b6435d0,25 7,7 25
a6bcb01e-bbaf-11e8-b2ba-ac1f6b6435d0,23,23
a6bd028a-bba0-11e8-b2b9-ac1f6b6435d0,5,5
a6be0112-bbb4-11e8-b2ba-ac1f6b6435d0,19 25,19
a6bf001e-bbb7-11e8-b2ba-ac1f6b6435d0,14,14
a6c110a4-bba1-11e8-b2b9-ac1f6b6435d0,25 5,5
a6c13f3a-bbb4-11e8-b2ba-ac1f6b6435d0,4,4
a6c44468-bbab-11e8-b2ba-ac1f6b6435d0,25 1,1 25
a6c4ba72-bb99-11e8-b2b9-ac1f6b6435d0,7,7
a6c547e8-bb9a-11e8-b2b9-ac1f6b6435d0,19,19
a6c552fe-bbb0-11e8-b2ba-ac1f6b6435d0,11,11
a6c9d692-bb9e-11e8-b2b9-ac1f6b6435d0,25 13 21,13 21 25
a6cf1a24-bbb4-11e8-b2ba-ac1f6b6435d0,25 21,21
a6cfa056-bbb0-11e8-b2ba-ac1f6b6435d0,25 0,0 25
a6d02812-bbbc-11e8-b2ba-ac1f6b6435d0,4,4
a6d0cd84-bb9f-11e8-b2b9-ac1f6b6435d0,14,14
a6d16052-bbb1-11e8-b2ba-ac1f6b6435d0,5,5 25
a6d2d616-bbbc-11e8-b2ba-ac1f6b6435d0,14,14
a6d3ceb0-bbb0-11e8-b2ba-ac1f6b6435d0,6,6
a6d4023a-bbc0-11e8-b2bb-ac1f6b6435d0,2,2 7
a6d6050c-bb99-11e8-b2b9-ac1f6b6435d0,25 21,21 25
a6d6d82e-bba8-11e8-b2ba-ac1f6b6435d0,12 22 21,12 21
a6d72e24-bbca-11e8-b2bc-ac1f6b6435d0,7 0,0 7
a6da30fe-bbc7-11e8-b2bc-ac1f6b6435d0,25,21 25
a6dcf1ca-bbb5-11e8-b2ba-ac1f6b6435d0,25,11
a6de281a-bbab-11e8-b2ba-ac1f6b6435d0,18,18 19
a6dff3dc-bb99-11e8-b2b9-ac1f6b6435d0,5 0,0 5
a6e0f53c-bba5-11e8-b2ba-ac1f6b6435d0,25 18,25
a6e13046-bbba-11e8-b2ba-ac1f6b6435d0,0 21,0 22
a6e797f8-bba9-11e8-b2ba-ac1f6b6435d0,25 0,0 25
a6e8d38e-bbbd-11e8-b2ba-ac1f6b6435d0,7 0,0 7
a6e97ab2-bba6-11e8-b2ba-ac1f6b6435d0,25 21,21
a6e98be0-bbb7-11e8-b2ba-ac1f6b6435d0,13 18,13
a6ef6950-bbb9-11e8-b2ba-ac1f6b6435d0,2 0,0 2
a6ef9bd4-bba3-11e8-b2b9-ac1f6b6435d0,18 21,21
a6f1e954-bba6-11e8-b2ba-ac1f6b6435d0,5 0,0 5
a6f285fc-bb9d-11e8-b2b9-ac1f6b6435d0,7 0,0 7
a6f2bc04-bba0-11e8-b2b9-ac1f6b6435d0,25 2,2 25
a6f57a0e-bba8-11e8-b2ba-ac1f6b6435d0,25,25
a6f6f69e-bbae-11e8-b2ba-ac1f6b6435d0,25 4,4 25
a6f81f1a-bbc7-11e8-b2bc-ac1f6b6435d0,25 2,2 25
a6ff3a78-bbc9-11e8-b2bc-ac1f6b6435d0,7 0,0 7
a6ff76d0-bbb7-11e8-b2ba-ac1f6b6435d0,19 25,21 25
a70059a2-bbc0-11e8-b2bb-ac1f6b6435d0,0 21,0 14 25
a700f07c-bbbd-11e8-b2ba-ac1f6b6435d0,11,24
a7026964-bb9c-11e8-b2b9-ac1f6b6435d0,3 0,0 2
a706470c-bba4-11e8-b2ba-ac1f6b6435d0,0,0
a7089f7a-bbbd-11e8-b2ba-ac1f6b6435d0,18 4 21,18 21
a70e3d10-bbbb-11e8-b2ba-ac1f6b6435d0,7 0,0 7
a7100d80-bb9c-11e8-b2b9-ac1f6b6435d0,25,6
a7140fee-bbb4-11e8-b2ba-ac1f6b6435d0,25,18 25
a714b162-bb99-11e8-b2b9-ac1f6b6435d0,25 18,18 25
a7198858-bba4-11e8-b2ba-ac1f6b6435d0,4,4
a71aae5e-bba9-11e8-b2ba-ac1f6b6435d0,25 4,0 25
a71ddd90-bbc7-11e8-b2bc-ac1f6b6435d0,25 0,0 25
a71e0c08-bba3-11e8-b2b9-ac1f6b6435d0,5,5
a71f70d8-bbae-11e8-b2ba-ac1f6b6435d0,25 0,0
a725f8f8-bbb9-11e8-b2ba-ac1f6b6435d0,25,21
a728ac08-bb99-11e8-b2b9-ac1f6b6435d0,25 0,0 23
a728b4d0-bb9b-11e8-b2b9-ac1f6b6435d0,5,5
a72b308a-bb9f-11e8-b2b9-ac1f6b6435d0,4 21,4 25
a72c5e40-bbc4-11e8-b2bc-ac1f6b6435d0,25 0,0 25
a72cf664-bbb2-11e8-b2ba-ac1f6b6435d0,0,0
a72eec2c-bbbb-11e8-b2ba-ac1f6b6435d0,2,4
a72ffba2-bb99-11e8-b2b9-ac1f6b6435d0,25 0,0 25
a7302946-bbc2-11e8-b2bc-ac1f6b6435d0,0,12
a73275ec-bba0-11e8-b2b9-ac1f6b6435d0,7,25
a7335df4-bbc8-11e8-b2bc-ac1f6b6435d0,7,7
a7337e54-bb9d-11e8-b2b9-ac1f6b6435d0,5 2 0,0 2
a737b516-bbaa-11e8-b2ba-ac1f6b6435d0,25,26
a737bc48-bbb2-11e8-b2ba-ac1f6b6435d0,25 18,18 25
a73842a0-bbc9-11e8-b2bc-ac1f6b6435d0,7 0,0 7
a7386a6e-bbba-11e8-b2ba-ac1f6b6435d0,16 25 14,14 25
a739b9c6-bbc6-11e8-b2bc-ac1f6b6435d0,19 25,7 25
a73c4ea8-bbc0-11e8-b2bb-ac1f6b6435d0,25 0,0
a740470c-bbc9-11e8-b2bc-ac1f6b6435d0,25,25
a740a150-bbb7-11e8-b2ba-ac1f6b6435d0,25 7,7 21 25
a746c9a6-bba6-11e8-b2ba-ac1f6b6435d0,25 1,0 1
a74afac4-bbad-11e8-b2ba-ac1f6b6435d0,25 5,5 25
a74c3730-bb9a-11e8-b2b9-ac1f6b6435d0,25 7,7
a74e60b8-bbc8-11e8-b2bc-ac1f6b6435d0,15 5 0,0 5
a74f67ac-bbb8-11e8-b2ba-ac1f6b6435d0,23 0,0 23
a7500b86-bb9e-11e8-b2b9-ac1f6b6435d0,1 0,0 1
a754fa2c-bbc8-11e8-b2bc-ac1f6b6435d0,13 0,4 25
a757076a-bbb2-11e8-b2ba-ac1f6b6435d0,19 0,0 19
a75cc7ae-bba3-11e8-b2b9-ac1f6b6435d0,23 5,23
a75ef0d2-bbb3-11e8-b2ba-ac1f6b6435d0,23 2 0,0 3
a761c838-bb9b-11e8-b2b9-ac1f6b6435d0,23,7
a763d18e-bb9e-11e8-b2b9-ac1f6b6435d0,23,23
a76a511e-bbb5-11e8-b2ba-ac1f6b6435d0,5 0,0
a76d0d7c-bba2-11e8-b2b9-ac1f6b6435d0,2,2
a76ee446-bbaa-11e8-b2ba-ac1f6b6435d0,5,19
a7708874-bbc2-11e8-b2bc-ac1f6b6435d0,23,23
a770c902-bbb2-11e8-b2ba-ac1f6b6435d0,25 0 21,6 25
a7767454-bba0-11e8-b2b9-ac1f6b6435d0,25 5 0,0 5
a77699c8-bbbb-11e8-b2ba-ac1f6b6435d0,25 13 0,0 5
a776e496-bbc5-11e8-b2bc-ac1f6b6435d0,12 14,14
a7773bcc-bbc9-11e8-b2bc-ac1f6b6435d0,3 0,0 3
a7796108-bbbb-11e8-b2ba-ac1f6b6435d0,0,0 25
a77c9e48-bba4-11e8-b2ba-ac1f6b6435d0,16 25,16 25
a77fbb60-bbad-11e8-b2ba-ac1f6b6435d0,0 21,0
a7809d8a-bbbe-11e8-b2ba-ac1f6b6435d0,25 1,1
a781891a-bba6-11e8-b2ba-ac1f6b6435d0,13 7 0,0 7 13
a7821a3c-bbbb-11e8-b2ba-ac1f6b6435d0,25,25
a785add8-bbab-11e8-b2ba-ac1f6b6435d0,25 5,0 25
a7869a3e-bba8-11e8-b2ba-ac1f6b6435d0,11,11
a7887c50-bbbc-11e8-b2ba-ac1f6b6435d0,5,0 5
a78b0fe2-bbb2-11e8-b2ba-ac1f6b6435d0,3 0,0 3 25
a78c9cd2-bbca-11e8-b2bc-ac1f6b6435d0,5,0
a78db2d8-bb99-11e8-b2b9-ac1f6b6435d0,5,3 5
a792f550-bb9d-11e8-b2b9-ac1f6b6435d0,25 4,0 25
a794be8e-bbc6-11e8-b2bc-ac1f6b6435d0,4,4
a794f486-bb9d-11e8-b2b9-ac1f6b6435d0,12,12
a7982794-bbb8-11e8-b2ba-ac1f6b6435d0,21,21
a79851d6-bbc4-11e8-b2bc-ac1f6b6435d0,25 21,21 22 25
a79c15ac-bbb8-11e8-b2ba-ac1f6b6435d0,4,4
a79c1b78-bbc8-11e8-b2bc-ac1f6b6435d0,0 21,0 21 25
a79c318a-bbb9-11e8-b2ba-ac1f6b6435d0,6,6
a79d69a8-bbc6-11e8-b2bc-ac1f6b6435d0,25 0,2 25
a79d7638-bbac-11e8-b2ba-ac1f6b6435d0,21,21
a7a09572-bbc3-11e8-b2bc-ac1f6b6435d0,16 25 0,0 16
a7a57568-bba7-11e8-b2ba-ac1f6b6435d0,16 11,11
a7ad586e-bba2-11e8-b2b9-ac1f6b6435d0,3,23
a7aec426-bbc8-11e8-b2bc-ac1f6b6435d0,12 0,0
a7b1c106-bbca-11e8-b2bc-ac1f6b6435d0,25 21,5 25
a7bb4946-bba8-11e8-b2ba-ac1f6b6435d0,7,7
a7bc6dd4-bbb8-11e8-b2ba-ac1f6b6435d0,24,24
a7bfc3aa-bba2-11e8-b2b9-ac1f6b6435d0,7,18
a7c36e22-bbb3-11e8-b2ba-ac1f6b6435d0,24,11
a7c51498-bbae-11e8-b2ba-ac1f6b6435d0,22,22
a7c891fc-bba1-11e8-b2b9-ac1f6b6435d0,14 0,0 14
a7cb56ba-bba3-11e8-b2b9-ac1f6b6435d0,23,23
a7cbbcba-bb9c-11e8-b2b9-ac1f6b6435d0,25 18 0,0 18 19
a7cf0b50-bbbe-11e8-b2ba-ac1f6b6435d0,23,23
a7cfe926-bb9b-11e8-b2b9-ac1f6b6435d0,0,0
a7d0de1e-bbc6-11e8-b2bc-ac1f6b6435d0,0 21,0 21
a7d183a8-bb9b-11e8-b2b9-ac1f6b6435d0,25 6,6
a7d5d76a-bbb3-11e8-b2ba-ac1f6b6435d0,7 0,0 7
a7d6ef82-bbc8-11e8-b2bc-ac1f6b6435d0,16 6,14
a7d79e68-bba1-11e8-b2b9-ac1f6b6435d0,0,0
a7d89fbe-bbad-11e8-b2ba-ac1f6b6435d0,16 21,21 25
a7da20aa-bba8-11e8-b2ba-ac1f6b6435d0,25 3,3 5 25
a7daefd4-bbbd-11e8-b2ba-ac1f6b6435d0,25 2 0,0 2 25
a7dbbada-bb9b-11e8-b2b9-ac1f6b6435d0,25 11,19
a7dc7b90-bba1-11e8-b2b9-ac1f6b6435d0,19 25 0,0 19
a7dcfb92-bba1-11e8-b2b9-ac1f6b6435d0,11,11 14
a7e03cd4-bbc0-11e8-b2bb-ac1f6b6435d0,5 0,0
a7e1d27e-bbac-11e8-b2ba-ac1f6b6435d0,24,0 24
a7e2c856-bb9c-11e8-b2b9-ac1f6b6435d0,12,12
a7e4ed70-bbc4-11e8-b2bc-ac1f6b6435d0,19,0 26
a7e62b66-bb9e-11e8-b2b9-ac1f6b6435d0,1 2,1
a7ea6d10-bba9-11e8-b2ba-ac1f6b6435d0,5 0,0
a7ea6e18-bb9b-11e8-b2b9-ac1f6b6435d0,25 0,0 25
a7ec4b90-bbc6-11e8-b2bc-ac1f6b6435d0,3,4
a7f1745e-bbac-11e8-b2ba-ac1f6b6435d0,19 0,0 7 19
a7f21224-bbc0-11e8-b2bb-ac1f6b6435d0,11 0,0 11
a7f50652-bbaa-11e8-b2ba-ac1f6b6435d0,5 0,5
a7f69ef6-bbbc-11e8-b2ba-ac1f6b6435d0,1 4,25
a7f8828c-bbaf-11e8-b2ba-ac1f6b6435d0,23,23
a7f8bae4-bbbf-11e8-b2bb-ac1f6b6435d0,25 0,0 25
a7faf0b4-bb99-11e8-b2b9-ac1f6b6435d0,21,21
a7fb6bf8-bba2-11e8-b2b9-ac1f6b6435d0,5 0,0 5
a7fba28e-bbad-11e8-b2ba-ac1f6b6435d0,14,14
a7fcfccc-bbb9-11e8-b2ba-ac1f6b6435d0,23 0,0 23
a7fd8ec0-bbbf-11e8-b2bb-ac1f6b6435d0,11,11 24
a8014782-bba5-11e8-b2ba-ac1f6b6435d0,23 0,0
a8031162-bbb8-11e8-b2ba-ac1f6b6435d0,25 5,5 25
a806e4fe-bbb8-11e8-b2ba-ac1f6b6435d0,0,0
a80889f2-bbb9-11e8-b2ba-ac1f6b6435d0,3,3
a808e7de-bbbf-11e8-b2bb-ac1f6b6435d0,5 0,0 5
a8096b50-bba1-11e8-b2b9-ac1f6b6435d0,2 0,0 2 21
a8099620-bbc9-11e8-b2bc-ac1f6b6435d0,25 0,0
a80a643c-bbca-11e8-b2bc-ac1f6b6435d0,11 0,0 11 21
a80c500a-bbb9-11e8-b2ba-ac1f6b6435d0,1 0,0 1
a80e7eb0-bbbf-11e8-b2bb-ac1f6b6435d0,25 2,3
a80eef74-bbc1-11e8-b2bb-ac1f6b6435d0,14,14
a81132f6-bb9a-11e8-b2b9-ac1f6b6435d0,13 21,26
a81422f4-bb9a-11e8-b2b9-ac1f6b6435d0,25 18,18 25
a816e336-bba9-11e8-b2ba-ac1f6b6435d0,25,25
a81849e4-bb9d-11e8-b2b9-ac1f6b6435d0,5 2 0,0 1 2
a8197264-bb99-11e8-b2b9-ac1f6b6435d0,14,14
a81ce32c-bbad-11e8-b2ba-ac1f6b6435d0,2 0,0
a81fa7aa-bba4-11e8-b2ba-ac1f6b6435d0,22,22
a821357a-bbbd-11e8-b2ba-ac1f6b6435d0,14,5
a8260542-bbb7-11e8-b2ba-ac1f6b6435d0,0,0
a8266b1a-bbc4-11e8-b2bc-ac1f6b6435d0,25 18,7 18 25
a82836d6-bba4-11e8-b2ba-ac1f6b6435d0,7,7 25
a82a1548-bbac-11e8-b2ba-ac1f6b6435d0,0,0
a82b4a88-bbb8-11e8-b2ba-ac1f6b6435d0,19 0,0 19
a82efbae-bbba-11e8-b2ba-ac1f6b6435d0,2 0,0 2
a82f6a70-bbc0-11e8-b2bb-ac1f6b6435d0,7,7
a83019dc-bbbd-11e8-b2ba-ac1f6b6435d0,14 4,4 14
a83099d2-bbb0-11e8-b2ba-ac1f6b6435d0,25,0 25
a830ca38-bbc9-11e8-b2bc-ac1f6b6435d0,23,23
a83343e2-bbb7-11e8-b2ba-ac1f6b6435d0,4,0 24
a8373774-bbb5-11e8-b2ba-ac1f6b6435d0,5,0 2
a837b5fa-bbbf-11e8-b2bb-ac1f6b6435d0,5 0,0
a838dec6-bbba-11e8-b2ba-ac1f6b6435d0,0,5
a83a59e2-bb9f-11e8-b2b9-ac1f6b6435d0,2,2
a841cc00-bbbc-11e8-b2ba-ac1f6b6435d0,25 2,2 25
a843d6f6-bbaf-11e8-b2ba-ac1f6b6435d0,25 21,21
a84a3a9a-bbc4-11e8-b2bc-ac1f6b6435d0,5 0,0 26
a84a5eae-bbaf-11e8-b2ba-ac1f6b6435d0,3,2
a84c90f0-bbc5-11e8-b2bc-ac1f6b6435d0,0,0 25
a84d0e9c-bbb9-11e8-b2ba-ac1f6b6435d0,4 21,21
a84e7b16-bbb3-11e8-b2ba-ac1f6b6435d0,25,17 25
a84e9b04-bbbe-11e8-b2ba-ac1f6b6435d0,25 21,4
a850247c-bb9d-11e8-b2b9-ac1f6b6435d0,19,19
a8510012-bbb2-11e8-b2ba-ac1f6b6435d0,23 0,0 23
a8514652-bbb3-11e8-b2ba-ac1f6b6435d0,5,5
a852a188-bbb2-11e8-b2ba-ac1f6b6435d0,4,0 4
a85419fc-bbab-11e8-b2ba-ac1f6b6435d0,25 11 0,0 11 25 26
a8541a06-bbc9-11e8-b2bc-ac1f6b6435d0,22 11,25
a855a1d8-bbaf-11e8-b2ba-ac1f6b6435d0,25 0,0 25
a8562fdc-bb9f-11e8-b2b9-ac1f6b6435d0,7 21,7 21
a857351a-bbb5-11e8-b2ba-ac1f6b6435d0,5 0,0 5
a85a51ac-bba9-11e8-b2ba-ac1f6b6435d0,19,19
a85a5d54-bba5-11e8-b2ba-ac1f6b6435d0,23,23
a85a63ba-bbbb-11e8-b2ba-ac1f6b6435d0,0,0 25
a85b43b4-bbbd-11e8-b2ba-ac1f6b6435d0,11,11
a85bd6c8-bba7-11e8-b2ba-ac1f6b6435d0,25,25
a86368ee-bba6-11e8-b2ba-ac1f6b6435d0,23 0,23
a864aadc-bba2-11e8-b2b9-ac1f6b6435d0,25 0,0 25
a8657326-bba8-11e8-b2ba-ac1f6b6435d0,25 7 2,2 25
a865c80a-bbba-11e8-b2ba-ac1f6b6435d0,19 25 21,21 25
a86736b0-bbbd-11e8-b2ba-ac1f6b6435d0,21,21
a867957c-bbb5-11e8-b2ba-ac1f6b6435d0,19 0,0
a868c4da-bbc7-11e8-b2bc-ac1f6b6435d0,20,26
a86a4aa0-bba2-11e8-b2b9-ac1f6b6435d0,21,25
a86b28b6-bbad-11e8-b2ba-ac1f6b6435d0,21,12
a86c7fac-bbbe-11e8-b2ba-ac1f6b6435d0,25 0,0 25
a86d8796-bba3-11e8-b2b9-ac1f6b6435d0,25,25
a86e0f6a-bbb0-11e8-b2ba-ac1f6b6435d0,25 5,5 25
a86ebec0-bbaa-11e8-b2ba-ac1f6b6435d0,11,11
a86eebaa-bba7-11e8-b2ba-ac1f6b6435d0,4,4
a8718de6-bba3-11e8-b2b9-ac1f6b6435d0,3 0,0 3
a875af92-bbc7-11e8-b2bc-ac1f6b6435d0,23,23
a875c9fc-bba2-11e8-b2b9-ac1f6b6435d0,0 21,0
a8790c78-bba4-11e8-b2ba-ac1f6b6435d0,5,5
a87b2a00-bbc5-11e8-b2bc-ac1f6b6435d0,11,11
a8808b7e-bbc7-11e8-b2bc-ac1f6b6435d0,25 3,3 25
a8822928-bbc9-11e8-b2bc-ac1f6b6435d0,14 0,14
a88626fc-bbbc-11e8-b2ba-ac1f6b6435d0,11 3,3 11
a8862a3a-bbb2-11e8-b2ba-ac1f6b6435d0,25,25
a8873954-bb9c-11e8-b2b9-ac1f6b6435d0,0,0
a8876ff6-bba0-11e8-b2b9-ac1f6b6435d0,25 3,3 6 25
a88b3622-bba0-11e8-b2b9-ac1f6b6435d0,2,2
a8906bf2-bba9-11e8-b2ba-ac1f6b6435d0,11,11
a890ce6e-bba2-11e8-b2b9-ac1f6b6435d0,19,19
a891b962-bbc7-11e8-b2bc-ac1f6b6435d0,25 7,7 25
a895c8d6-bbc2-11e8-b2bc-ac1f6b6435d0,22,22
a896c23c-bbc6-11e8-b2bc-ac1f6b6435d0,25 0,0 25
a89a601c-bbc7-11e8-b2bc-ac1f6b6435d0,4 0,5 19
a89ec50c-bba0-11e8-b2b9-ac1f6b6435d0,12 21,12 25
a8a0df70-bbbb-11e8-b2ba-ac1f6b6435d0,25,7 21
a8a3ba80-bbc3-11e8-b2bc-ac1f6b6435d0,25 0,0 25
a8a4a6c2-bbb2-11e8-b2ba-ac1f6b6435d0,7,7
a8a4ec2c-bbb2-11e8-b2ba-ac1f6b6435d0,1 0,0 1
a8a5a27c-bba1-11e8-b2b9-ac1f6b6435d0,23,23
a8a5ded2-bbb4-11e8-b2ba-ac1f6b6435d0,5,5
a8aa5cfe-bbc4-11e8-b2bc-ac1f6b6435d0,19 25 0,0 25
a8ab826c-bbb2-11e8-b2ba-ac1f6b6435d0,21,13 21 25
a8ae3280-bba5-11e8-b2ba-ac1f6b6435d0,23,23
a8b10c1a-bbbb-11e8-b2ba-ac1f6b6435d0,5 0,0 5
a8b3fcb2-bbc6-11e8-b2bc-ac1f6b6435d0,5,5
a8b4208c-bbb9-11e8-b2ba-ac1f6b6435d0,0,0 4
a8b960a4-bbb6-11e8-b2ba-ac1f6b6435d0,25 0,0 18 21 25
a8bd5ad0-bbc8-11e8-b2bc-ac1f6b6435d0,25 0,0 25
a8c02f50-bba3-11e8-b2b9-ac1f6b6435d0,6,6
a8c23ab2-bbc0-11e8-b2bb-ac1f6b6435d0,7,7
a8c2864e-bbb0-11e8-b2ba-ac1f6b6435d0,18,25
a8c2e070-bbb6-11e8-b2ba-ac1f6b6435d0,25 21,21
a8c2fa30-bba0-11e8-b2b9-ac1f6b6435d0,23 3 0,0 3 25
a8c47b86-bbb3-11e8-b2ba-ac1f6b6435d0,3,3
a8c57dea-bbc9-11e8-b2bc-ac1f6b6435d0,2 0,2
a8c6dfec-bbbe-11e8-b2ba-ac1f6b6435d0,5,5
a8c83600-bbbc-11e8-b2ba-ac1f6b6435d0,23 0,0 23
a8c8b4e8-bbaa-11e8-b2ba-ac1f6b6435d0,23,23
a8cac7e4-bb99-11e8-b2b9-ac1f6b6435d0,2,0 2
a8cd46f8-bba4-11e8-b2ba-ac1f6b6435d0,25 0,25
a8cdad58-bbb0-11e8-b2ba-ac1f6b6435d0,25,25
a8d052a6-bbba-11e8-b2ba-ac1f6b6435d0,14,0 14
a8d34a72-bbbc-11e8-b2ba-ac1f6b6435d0,12,12
a8d83de0-bbb5-11e8-b2ba-ac1f6b6435d0,25 23,6
a8db3504-bbc9-11e8-b2bc-ac1f6b6435d0,7,7
a8df3046-bbbf-11e8-b2bb-ac1f6b6435d0,0,0
a8dfc342-bba3-11e8-b2b9-ac1f6b6435d0,0,0
a8e07f60-bbc3-11e8-b2bc-ac1f6b6435d0,18,9
a8e3a908-bbc1-11e8-b2bb-ac1f6b6435d0,16 25 0,0 23
a8e584be-bbab-11e8-b2ba-ac1f6b6435d0,23 0,23
a8e5f934-bbb1-11e8-b2ba-ac1f6b6435d0,19 0,0
a8e736c0-bbaf-11e8-b2ba-ac1f6b6435d0,25 0,5 21
a8e98772-bbc3-11e8-b2bc-ac1f6b6435d0,22,21 22
a8ecc272-bba8-11e8-b2ba-ac1f6b6435d0,12 19 14,12 14
a8faf21a-bbb8-11e8-b2ba-ac1f6b6435d0,0,0
a8fbf48a-bbc2-11e8-b2bc-ac1f6b6435d0,22 0,22
a8ffd69e-bbaa-11e8-b2ba-ac1f6b6435d0,22 25 0,0 25
a900e408-bbaf-11e8-b2ba-ac1f6b6435d0,25 5,3 25
a901764a-bbb2-11e8-b2ba-ac1f6b6435d0,19 25 2,2 25
a905d076-bb9b-11e8-b2b9-ac1f6b6435d0,25 21,12 21 25
a9062954-bb9b-11e8-b2b9-ac1f6b6435d0,0,0
a906731e-bbaf-11e8-b2ba-ac1f6b6435d0,16,25
a90ad998-bba7-11e8-b2ba-ac1f6b6435d0,12 0,0 12
a90b2c62-bbad-11e8-b2ba-ac1f6b6435d0,0,0 2
a90cd750-bbae-11e8-b2ba-ac1f6b6435d0,26 4,0 26
a90db1aa-bbbf-11e8-b2bb-ac1f6b6435d0,25 23 0,0 23 25
a9125fa6-bbbb-11e8-b2ba-ac1f6b6435d0,5 0,3
a914fc06-bb99-11e8-b2b9-ac1f6b6435d0,13,13
a9164a74-bbc2-11e8-b2bc-ac1f6b6435d0,14,14
a9198572-bb9f-11e8-b2b9-ac1f6b6435d0,6,6
a91d88c6-bb99-11e8-b2b9-ac1f6b6435d0,7 1 0 21,0 7 21
a92413f0-bba1-11e8-b2b9-ac1f6b6435d0,16 21,21
a925ef9e-bbb1-11e8-b2ba-ac1f6b6435d0,5 0,0 1
a925f542-bbc1-11e8-b2bb-ac1f6b6435d0,5,0 5
a9261818-bbaa-11e8-b2ba-ac1f6b6435d0,0 21,0 25
a92786f4-bbae-11e8-b2ba-ac1f6b6435d0,25 7,7
a92da562-bba3-11e8-b2b9-ac1f6b6435d0,7,23
a9306950-bbc6-11e8-b2bc-ac1f6b6435d0,25,6
a931004c-bb9c-11e8-b2b9-ac1f6b6435d0,22 25 21,21 22
a931388e-bba4-11e8-b2ba-ac1f6b6435d0,14 2 0,2 25
a932b36a-bbb0-11e8-b2ba-ac1f6b6435d0,22 25 0,0 22
a932fcb2-bb9c-11e8-b2b9-ac1f6b6435d0,21,21
a937116c-bbc9-11e8-b2bc-ac1f6b6435d0,23,0 25
a93b47fe-bbca-11e8-b2bc-ac1f6b6435d0,25 0,0 25
a9450aa2-bb9b-11e8-b2b9-ac1f6b6435d0,3,3 25
a947e82a-bba6-11e8-b2ba-ac1f6b6435d0,25 2,2 25
a94b604a-bba1-11e8-b2b9-ac1f6b6435d0,6,2 6 25
a9506a28-bba5-11e8-b2ba-ac1f6b6435d0,19,19
a9513f62-bbb3-11e8-b2ba-ac1f6b6435d0,26 0,25
a956044c-bba5-11e8-b2ba-ac1f6b6435d0,25 2,2 25
a9582c36-bba5-11e8-b2ba-ac1f6b6435d0,0,0
a9597c6e-bbad-11e8-b2ba-ac1f6b6435d0,23 2 0,0 2 23
a95b7176-bbc2-11e8-b2bc-ac1f6b6435d0,19,19
a95bd650-bbbf-11e8-b2bb-ac1f6b6435d0,25,23 25
a95be696-bba5-11e8-b2ba-ac1f6b6435d0,2 0,0 2
a95f05da-bbad-11e8-b2ba-ac1f6b6435d0,0,0
a960c644-bbb8-11e8-b2ba-ac1f6b6435d0,3 21,3 25
a9618a1e-bb9c-11e8-b2b9-ac1f6b6435d0,25 3,2 25
a962258c-bbb0-11e8-b2ba-ac1f6b6435d0,7,7
a96567ec-bbc9-11e8-b2bc-ac1f6b6435d0,25 0,25
a966d24a-bbb9-11e8-b2ba-ac1f6b6435d0,25 0 21,0 21
a96b9300-bbca-11e8-b2bc-ac1f6b6435d0,18 0,0 25
a96c0a7a-bbbf-11e8-b2bb-ac1f6b6435d0,24,11 24
a96cacc6-bb99-11e8-b2b9-ac1f6b6435d0,11,11
a96e821e-bba1-11e8-b2b9-ac1f6b6435d0,5 0,5
a96f88c0-bbbb-11e8-b2ba-ac1f6b6435d0,2 0,0 2
a97008d4-bbbd-11e8-b2ba-ac1f6b6435d0,18,18 19
a979011a-bbb2-11e8-b2ba-ac1f6b6435d0,19 25,25
a97c50f8-bb9a-11e8-b2b9-ac1f6b6435d0,25 13,13 25
a97dba40-bbb0-11e8-b2ba-ac1f6b6435d0,25,0 25
a980a72c-bbac-11e8-b2ba-ac1f6b6435d0,23 0,20 23
a98c2610-bbb6-11e8-b2ba-ac1f6b6435d0,21,25
a98c5f30-bbbc-11e8-b2ba-ac1f6b6435d0,5 0,0 5
a990e45a-bbc2-11e8-b2bc-ac1f6b6435d0,6 0,0
a99973e2-bbac-11e8-b2ba-ac1f6b6435d0,6 0,25
a99aaffa-bbac-11e8-b2ba-ac1f6b6435d0,25 0,0 25
a99f6fbe-bbc9-11e8-b2bc-ac1f6b6435d0,12,12
a9a48188-bbb1-11e8-b2ba-ac1f6b6435d0,23,23
a9a5ffbc-bbb2-11e8-b2ba-ac1f6b6435d0,25 0,0 2 25
a9aa89f0-bbc7-11e8-b2bc-ac1f6b6435d0,1 0,0 1
a9aae780-bbca-11e8-b2bc-ac1f6b6435d0,7 0 21,0 7 21
a9aaf8ae-bbc7-11e8-b2bc-ac1f6b6435d0,25 0,0 25
a9aafcea-bbc8-11e8-b2bc-ac1f6b6435d0,25 23,16 25
a9ad2ce8-bbc5-11e8-b2bc-ac1f6b6435d0,26 0,0 26
a9af694c-bbb4-11e8-b2ba-ac1f6b6435d0,11,11
a9b2473c-bbb6-11e8-b2ba-ac1f6b6435d0,6 0,0
a9b27b86-bbab-11e8-b2ba-ac1f6b6435d0,22 0,0 22
a9b7c2b4-bba9-11e8-b2ba-ac1f6b6435d0,5,5
a9ba4f7c-bbbb-11e8-b2ba-ac1f6b6435d0,4,4 25
a9bcb006-bba1-11e8-b2b9-ac1f6b6435d0,11,11
a9c002d2-bbb1-11e8-b2ba-ac1f6b6435d0,6,6
a9c0ce00-bbb2-11e8-b2ba-ac1f6b6435d0,23 0,0 23
a9c0d956-bbc9-11e8-b2bc-ac1f6b6435d0,25 3 0,0 3 25
a9c4855e-bbc1-11e8-b2bb-ac1f6b6435d0,23,20 23
a9c6fe86-bbc8-11e8-b2bc-ac1f6b6435d0,25 11 0,0 26
a9c73924-bbbd-11e8-b2ba-ac1f6b6435d0,23,23
a9ca8c8e-bbca-11e8-b2bc-ac1f6b6435d0,25 5,0
a9cb123a-bbb1-11e8-b2ba-ac1f6b6435d0,0,0
a9ce8884-bba7-11e8-b2ba-ac1f6b6435d0,25,25
a9d97b36-bba2-11e8-b2b9-ac1f6b6435d0,21,21
a9da514c-bb9c-11e8-b2b9-ac1f6b6435d0,0,0 21
a9dd6d36-bba7-11e8-b2ba-ac1f6b6435d0,5 0,0 5
a9de5342-bbaa-11e8-b2ba-ac1f6b6435d0,7,14
a9df55be-bbb7-11e8-b2ba-ac1f6b6435d0,2 8,0 2
a9e2e9f2-bbc8-11e8-b2bc-ac1f6b6435d0,0,0
a9e57a7c-bbab-11e8-b2ba-ac1f6b6435d0,23,23
a9e5b646-bbb4-11e8-b2ba-ac1f6b6435d0,2 0,0 2
a9ec13ce-bbbe-11e8-b2ba-ac1f6b6435d0,7,7
a9f14eb2-bba9-11e8-b2ba-ac1f6b6435d0,0,0
a9f29432-bbc9-11e8-b2bc-ac1f6b6435d0,25,25
a9f2ce6a-bbac-11e8-b2ba-ac1f6b6435d0,23,23
a9f3af68-bb9a-11e8-b2b9-ac1f6b6435d0,0,4
a9f76a34-bbab-11e8-b2ba-ac1f6b6435d0,25,25
a9f8f3d0-bbb1-11e8-b2ba-ac1f6b6435d0,26 2 0,2 26
a9fba1f0-bbb8-11e8-b2ba-ac1f6b6435d0,25 3,3 25
a9fc208c-bbca-11e8-b2bc-ac1f6b6435d0,12 25,21
a9fdbf3e-bbbe-11e8-b2ba-ac1f6b6435d0,5 0,5
a9fe1618-bbc4-11e8-b2bc-ac1f6b6435d0,23,23
a9ffac24-bba3-11e8-b2b9-ac1f6b6435d0,25 5,0 5 25
a9ffeb38-bbaa-11e8-b2ba-ac1f6b6435d0,3,3
aa01a8a4-bbc0-11e8-b2bb-ac1f6b6435d0,18 1 0,0 1 19
aa04ade4-bb9b-11e8-b2b9-ac1f6b6435d0,1 0,0 1
aa04dc34-bb9a-11e8-b2b9-ac1f6b6435d0,6,6
aa0929a6-bbb8-11e8-b2ba-ac1f6b6435d0,0 21,0 21
aa0e5be2-bbc2-11e8-b2bc-ac1f6b6435d0,23,23
aa133ed6-bba5-11e8-b2ba-ac1f6b6435d0,25 14,14
aa144132-bbb9-11e8-b2ba-ac1f6b6435d0,3 0,0 3
aa176954-bba8-11e8-b2ba-ac1f6b6435d0,12 5,12
aa197268-bba7-11e8-b2ba-ac1f6b6435d0,24,24
aa1a3a48-bbbd-11e8-b2ba-ac1f6b6435d0,0,0
aa1aa2da-bb9a-11e8-b2b9-ac1f6b6435d0,25 6 21,21 25
aa1b55aa-bbc6-11e8-b2bc-ac1f6b6435d0,23,23
aa1c96f2-bbc3-11e8-b2bc-ac1f6b6435d0,4,4
aa1d3d5c-bb99-11e8-b2b9-ac1f6b6435d0,25 0,0 25
aa20907a-bbbb-11e8-b2ba-ac1f6b6435d0,25 0,0 25
aa22e2e8-bba3-11e8-b2b9-ac1f6b6435d0,7,7
aa23be2c-bbb0-11e8-b2ba-ac1f6b6435d0,7 2,25
aa2725b2-bbc4-11e8-b2bc-ac1f6b6435d0,7 0,0 7
aa27b944-bbad-11e8-b2ba-ac1f6b6435d0,7,7
aa2c6620-bbac-11e8-b2ba-ac1f6b6435d0,25 7 0,0
aa2f45fe-bba5-11e8-b2ba-ac1f6b6435d0,23 0,0 23
aa38dd36-bbbd-11e8-b2ba-ac1f6b6435d0,2 0,0 2
aa3ee894-bba8-11e8-b2ba-ac1f6b6435d0,3,3
aa3f3582-bbb3-11e8-b2ba-ac1f6b6435d0,19 0,0
aa3fb18c-bb9b-11e8-b2b9-ac1f6b6435d0,23,23
aa40cf52-bbc0-11e8-b2bb-ac1f6b6435d0,13,0 22
aa47e992-bbc3-11e8-b2bc-ac1f6b6435d0,2,2
aa4f025e-bbaf-11e8-b2ba-ac1f6b6435d0,0 21,5 21
aa4fb84e-bbc7-11e8-b2bc-ac1f6b6435d0,23,23
aa4ff568-bbbb-11e8-b2ba-ac1f6b6435d0,2 0,0 2
aa582a5e-bba1-11e8-b2b9-ac1f6b6435d0,2 0,0 2
aa5b6106-bbb5-11e8-b2ba-ac1f6b6435d0,25 0,0 25
aa60991a-bbbe-11e8-b2ba-ac1f6b6435d0,19,19
aa60bdf4-bbbf-11e8-b2bb-ac1f6b6435d0,0,0
aa61c9f2-bb9b-11e8-b2b9-ac1f6b6435d0,0,0 25
aa62d426-bbac-11e8-b2ba-ac1f6b6435d0,19 0,0 19 25
aa63012a-bbc6-11e8-b2bc-ac1f6b6435d0,23 0,0 23
aa6708a2-bbc5-11e8-b2bc-ac1f6b6435d0,1,1 4
aa678b96-bbc1-11e8-b2bb-ac1f6b6435d0,21,13 21
aa6b0db4-bbc3-11e8-b2bc-ac1f6b6435d0,21,21
aa6c1954-bbad-11e8-b2ba-ac1f6b6435d0,22 2 0,0 2 21
aa6f39aa-bbc5-11e8-b2bc-ac1f6b6435d0,21,21
aa6fc176-bbc6-11e8-b2bc-ac1f6b6435d0,3,3
aa7026cc-bbb5-11e8-b2ba-ac1f6b6435d0,2 21,2 21 25
aa7252ac-bba2-11e8-b2b9-ac1f6b6435d0,0 21,0 21
aa73b9e0-bbb0-11e8-b2ba-ac1f6b6435d0,23,23
aa79f864-bbba-11e8-b2ba-ac1f6b6435d0,7 0,0 7
aa811c30-bbb4-11e8-b2ba-ac1f6b6435d0,19 0,0 19
aa81349c-bbb7-11e8-b2ba-ac1f6b6435d0,5 0,0 5
aa84a6e6-bba7-11e8-b2ba-ac1f6b6435d0,0,0
aa87b542-bb9e-11e8-b2b9-ac1f6b6435d0,7 0,0 7
aa8a3906-bb9f-11e8-b2b9-ac1f6b6435d0,11,11
aa8a9fa6-bbac-11e8-b2ba-ac1f6b6435d0,25 0,0 25
aa8b17d2-bbb7-11e8-b2ba-ac1f6b6435d0,5,5
aa8bf7b6-bbc0-11e8-b2bb-ac1f6b6435d0,23,23
aa8de416-bbc2-11e8-b2bc-ac1f6b6435d0,4,4
aa8f9fa4-bba9-11e8-b2ba-ac1f6b6435d0,23,7 23
aa90d7d4-bbae-11e8-b2ba-ac1f6b6435d0,22 23,22 23
aa927ede-bb9c-11e8-b2b9-ac1f6b6435d0,5,3
aa959c80-bbbb-11e8-b2ba-ac1f6b6435d0,23 0,0 23
aa966efe-bba6-11e8-b2ba-ac1f6b6435d0,25 13 0 21,13 25
aa96d1dc-bbc9-11e8-b2bc-ac1f6b6435d0,25 4,4
aa9728d4-bbc5-11e8-b2bc-ac1f6b6435d0,0 21,0 25
aa990010-bbc4-11e8-b2bc-ac1f6b6435d0,7,7
aa9b9de0-bbb3-11e8-b2ba-ac1f6b6435d0,5 0 21,0 5
aa9fd3d8-bba4-11e8-b2ba-ac1f6b6435d0,4,4
aaa27706-bbc6-11e8-b2bc-ac1f6b6435d0,21,21
aaa5919c-bbae-11e8-b2ba-ac1f6b6435d0,1,1
aaa73236-bbbd-11e8-b2ba-ac1f6b6435d0,2,2
aaa9eaf0-bbbb-11e8-b2ba-ac1f6b6435d0,2 0,0 2
aaaa19c4-bbbd-11e8-b2ba-ac1f6b6435d0,25 2,2 25
aaae552a-bba9-11e8-b2ba-ac1f6b6435d0,25,0 25
aab29912-bbba-11e8-b2ba-ac1f6b6435d0,5 0,5
aab42392-bbbd-11e8-b2ba-ac1f6b6435d0,25 13 21,13
aab5edca-bb9b-11e8-b2b9-ac1f6b6435d0,25 21,21
aabaa280-bb9a-11e8-b2b9-ac1f6b6435d0,6,6
aabbabfc-bba0-11e8-b2b9-ac1f6b6435d0,23,23
aabe1400-bb9b-11e8-b2b9-ac1f6b6435d0,25 5,0 5 25
aabedb40-bba7-11e8-b2ba-ac1f6b6435d0,18 0,18
aabfc926-bbaf-11e8-b2ba-ac1f6b6435d0,18 0,0 18
aac1dca6-bbab-11e8-b2ba-ac1f6b6435d0,0,0 3
aac3f5cc-bbbf-11e8-b2bb-ac1f6b6435d0,23,23
aac4a4b4-bbbe-11e8-b2ba-ac1f6b6435d0,6 1,1
aac5b8b0-bbb2-11e8-b2ba-ac1f6b6435d0,25 17 0,0 25
aac7183a-bbb8-11e8-b2ba-ac1f6b6435d0,23 2,2 23
aac72176-bbc3-11e8-b2bc-ac1f6b6435d0,16 7 2,2 16
aac7f922-bb9e-11e8-b2b9-ac1f6b6435d0,8,8 9 10 20
aac86370-bbbd-11e8-b2ba-ac1f6b6435d0,5 0,0 5
aacac902-bbaf-11e8-b2ba-ac1f6b6435d0,3,5
aacbd4fa-bbb4-11e8-b2ba-ac1f6b6435d0,25 2 0,0 2 22 25
aacce93e-bbc9-11e8-b2bc-ac1f6b6435d0,19,0 18
aacdbcda-bb9a-11e8-b2b9-ac1f6b6435d0,2,2
aacfafc6-bbaa-11e8-b2ba-ac1f6b6435d0,18 5,18
aad1b27e-bbbb-11e8-b2ba-ac1f6b6435d0,11,26
aad2d958-bbb9-11e8-b2ba-ac1f6b6435d0,7,0
aae04ae0-bbbc-11e8-b2ba-ac1f6b6435d0,0,0
aae4ac90-bbb0-11e8-b2ba-ac1f6b6435d0,25,21
aae8140e-bbae-11e8-b2ba-ac1f6b6435d0,22,21
aae88a8c-bbc3-11e8-b2bc-ac1f6b6435d0,18,4
aae8f0f4-bbbd-11e8-b2ba-ac1f6b6435d0,5,5
aae91ef0-bbb6-11e8-b2ba-ac1f6b6435d0,0 21,0 21 25
aae9724a-bbc7-11e8-b2bc-ac1f6b6435d0,25 2 0,2 25
aaebe6c0-bbb7-11e8-b2ba-ac1f6b6435d0,25,21 25
aaebf440-bbb1-11e8-b2ba-ac1f6b6435d0,7,7
aaf1c6e0-bbca-11e8-b2bc-ac1f6b6435d0,4 0,4
aaf2414c-bb9d-11e8-b2b9-ac1f6b6435d0,7,7
aaf459ce-bbb0-11e8-b2ba-ac1f6b6435d0,25 18,18 25
aaf4bdd6-bbbc-11e8-b2ba-ac1f6b6435d0,26,26
aaf86a78-bb9c-11e8-b2b9-ac1f6b6435d0,25 18,25
ab030df6-bbb1-11e8-b2ba-ac1f6b6435d0,0 21,0 21
ab03b420-bbbd-11e8-b2ba-ac1f6b6435d0,22,25
ab0894d0-bbb4-11e8-b2ba-ac1f6b6435d0,2 0,0 2 3
ab0abaa4-bba4-11e8-b2ba-ac1f6b6435d0,23,23
ab120a48-bbc7-11e8-b2bc-ac1f6b6435d0,2 0,2
ab157858-bbb9-11e8-b2ba-ac1f6b6435d0,25,25
ab1aae96-bba9-11e8-b2ba-ac1f6b6435d0,21,23
ab1c28aa-bbc4-11e8-b2bc-ac1f6b6435d0,3,3
ab1e66d2-bbc5-11e8-b2bc-ac1f6b6435d0,19 25 0,0 25
ab1f18b0-bb99-11e8-b2b9-ac1f6b6435d0,5,5 22
ab20cdc8-bbbb-11e8-b2ba-ac1f6b6435d0,13 0,0 13
ab236c34-bbbd-11e8-b2ba-ac1f6b6435d0,23 5 0,0 23
ab25199a-bbb7-11e8-b2ba-ac1f6b6435d0,23,23
ab2578e0-bbc6-11e8-b2bc-ac1f6b6435d0,21,21
ab25f400-bba8-11e8-b2ba-ac1f6b6435d0,2,2
ab2b44f4-bbb8-11e8-b2ba-ac1f6b6435d0,0,5
ab2b5248-bbb6-11e8-b2ba-ac1f6b6435d0,23,23
ab2cfb96-bbae-11e8-b2ba-ac1f6b6435d0,3,3
ab2d560c-bba6-11e8-b2ba-ac1f6b6435d0,7 2,2
ab3033e4-bba2-11e8-b2b9-ac1f6b6435d0,12 25 21,14 21
ab325aec-bbb2-11e8-b2ba-ac1f6b6435d0,2,0 2
ab33dff8-bba7-11e8-b2ba-ac1f6b6435d0,4,4
ab351f1c-bbb6-11e8-b2ba-ac1f6b6435d0,0,21
ab385b2e-bbba-11e8-b2ba-ac1f6b6435d0,18 2,5
ab3978aa-bbbb-11e8-b2ba-ac1f6b6435d0,2 0,2
ab3b9258-bbab-11e8-b2ba-ac1f6b6435d0,0 21,0
ab3ca16e-bbc1-11e8-b2bb-ac1f6b6435d0,12 21,21
ab3deefc-bba3-11e8-b2b9-ac1f6b6435d0,13 18,4
ab3e2f2c-bbc4-11e8-b2bc-ac1f6b6435d0,19 25,19
ab3e8148-bbab-11e8-b2ba-ac1f6b6435d0,21,21
ab42dfbc-bbb1-11e8-b2ba-ac1f6b6435d0,25,25
ab432aa0-bbb4-11e8-b2ba-ac1f6b6435d0,22 4,0 22
ab4352c4-bba9-11e8-b2ba-ac1f6b6435d0,25 7,7 25
ab44546a-bbbf-11e8-b2bb-ac1f6b6435d0,18 2 0,0 2 26
ab4b8c9e-bb9c-11e8-b2b9-ac1f6b6435d0,25,25
ab4cc612-bba2-11e8-b2b9-ac1f6b6435d0,4,4
ab5138ec-bbba-11e8-b2ba-ac1f6b6435d0,22,22
ab52df68-bbc8-11e8-b2bc-ac1f6b6435d0,25,25
ab5336b4-bbc5-11e8-b2bc-ac1f6b6435d0,5,5
ab54043c-bba6-11e8-b2ba-ac1f6b6435d0,25 13,13 25
ab55521e-bbc0-11e8-b2bb-ac1f6b6435d0,11 0,0 11
ab5761d2-bba0-11e8-b2b9-ac1f6b6435d0,21,21
ab583864-bbaa-11e8-b2ba-ac1f6b6435d0,25 1,1 25
ab59574a-bbb3-11e8-b2ba-ac1f6b6435d0,4 0,5
ab59a17c-bba5-11e8-b2ba-ac1f6b6435d0,11,11
ab5b0766-bbc2-11e8-b2bc-ac1f6b6435d0,3 0,0 3
ab5b1416-bbb5-11e8-b2ba-ac1f6b6435d0,22 4 21,4 21
ab5b4656-bbc0-11e8-b2bb-ac1f6b6435d0,5 21,21
ab5b51d6-bbb2-11e8-b2ba-ac1f6b6435d0,25 0,0 2 25
ab5be7a8-bb9f-11e8-b2b9-ac1f6b6435d0,22,22 25
ab5ce470-bbb1-11e8-b2ba-ac1f6b6435d0,25,25
ab5e231c-bba2-11e8-b2b9-ac1f6b6435d0,23 2,2 23
ab5fac44-bb9f-11e8-b2b9-ac1f6b6435d0,7 14,7 14
ab63533e-bbaa-11e8-b2ba-ac1f6b6435d0,25 23,0 23
ab654f6e-bbb8-11e8-b2ba-ac1f6b6435d0,25 0,0 18 25
ab659c66-bbbe-11e8-b2ba-ac1f6b6435d0,25,25
ab66a396-bbb3-11e8-b2ba-ac1f6b6435d0,25,25
ab6a0328-bbc8-11e8-b2bc-ac1f6b6435d0,23,23
ab6bbda0-bba8-11e8-b2ba-ac1f6b6435d0,25 7 0,0 7
ab6c24c0-bbb2-11e8-b2ba-ac1f6b6435d0,0,0 25
ab6d113c-bba8-11e8-b2ba-ac1f6b6435d0,19,0 19
ab6d1c68-bbad-11e8-b2ba-ac1f6b6435d0,14 2 0,0 1 2 25
ab6ddb80-bb99-11e8-b2b9-ac1f6b6435d0,22 0,0 22
ab79dbb6-bbb6-11e8-b2ba-ac1f6b6435d0,5 0,5
ab7a35e6-bb9a-11e8-b2b9-ac1f6b6435d0,18 0,0 19
ab7b235e-bbb6-11e8-b2ba-ac1f6b6435d0,25 21,21
ab7bee02-bbb5-11e8-b2ba-ac1f6b6435d0,14,14
ab81abb8-bbc8-11e8-b2bc-ac1f6b6435d0,25,25
ab83241e-bba2-11e8-b2b9-ac1f6b6435d0,19,18 19
ab8d4206-bbbf-11e8-b2bb-ac1f6b6435d0,21,0
ab8e2056-bb9a-11e8-b2b9-ac1f6b6435d0,0,0
ab8f0ca0-bbc7-11e8-b2bc-ac1f6b6435d0,4,2 4
ab8fb148-bbb1-11e8-b2ba-ac1f6b6435d0,11 2,2
ab945e8a-bbc7-11e8-b2bc-ac1f6b6435d0,0,25
ab957204-bbc0-11e8-b2bb-ac1f6b6435d0,7,7
ab95e208-bbb0-11e8-b2ba-ac1f6b6435d0,21,13 21
ab96813a-bbca-11e8-b2bc-ac1f6b6435d0,25 2 0,0 25
ab969b84-bbac-11e8-b2ba-ac1f6b6435d0,25 0,0 25
ab9af770-bbc4-11e8-b2bc-ac1f6b6435d0,25 21,21
ab9c50a8-bba0-11e8-b2b9-ac1f6b6435d0,11,7
ab9fa51a-bbc7-11e8-b2bc-ac1f6b6435d0,25 2,2 21 25
aba68140-bbb9-11e8-b2ba-ac1f6b6435d0,21,21
aba6bd16-bba7-11e8-b2ba-ac1f6b6435d0,25 0,0 21
aba7ae0c-bba6-11e8-b2ba-ac1f6b6435d0,14,14
abab4a06-bbbc-11e8-b2ba-ac1f6b6435d0,18 2 0,0
abaf8b26-bbb6-11e8-b2ba-ac1f6b6435d0,11,11
abb1795c-bb9f-11e8-b2b9-ac1f6b6435d0,11 2,11 25
abb2b8c6-bba4-11e8-b2ba-ac1f6b6435d0,0,0 3
abb38874-bbbc-11e8-b2ba-ac1f6b6435d0,12,12
abb494cc-bbc0-11e8-b2bb-ac1f6b6435d0,23,23
abb513da-bb9c-11e8-b2b9-ac1f6b6435d0,24 0,11 24
abb604c8-bbc1-11e8-b2bb-ac1f6b6435d0,6,1
abbc639e-bb9a-11e8-b2b9-ac1f6b6435d0,21,21
abbcfc00-bbbd-11e8-b2ba-ac1f6b6435d0,12 0,0 12
abc0d744-bbae-11e8-b2ba-ac1f6b6435d0,0,0
abc11bd4-bba2-11e8-b2b9-ac1f6b6435d0,19,5
abc4a71a-bbbe-11e8-b2ba-ac1f6b6435d0,14 0,14
abcbb8a6-bbc4-11e8-b2bc-ac1f6b6435d0,19 2 21,2 19 21
abd05aa6-bbb9-11e8-b2ba-ac1f6b6435d0,26,26
abd2ce88-bb9d-11e8-b2b9-ac1f6b6435d0,14 0,0 14
abd61684-bba6-11e8-b2ba-ac1f6b6435d0,11,11
abd87a18-bbbb-11e8-b2ba-ac1f6b6435d0,21,21
abdaa6b8-bbab-11e8-b2ba-ac1f6b6435d0,0,0
abddda2a-bbad-11e8-b2ba-ac1f6b6435d0,2 0,0 2
abde1c2a-bbb6-11e8-b2ba-ac1f6b6435d0,25 0,0
abdf4854-bbaa-11e8-b2ba-ac1f6b6435d0,25,14
abdff2be-bba9-11e8-b2ba-ac1f6b6435d0,12 13,13
abe0cf1a-bbbb-11e8-b2ba-ac1f6b6435d0,14 17,14
abe442e2-bbae-11e8-b2ba-ac1f6b6435d0,25,25
abe51168-bbb3-11e8-b2ba-ac1f6b6435d0,23 0,0 7 23
abe5e62a-bb9e-11e8-b2b9-ac1f6b6435d0,3,3 5
abebde46-bbc5-11e8-b2bc-ac1f6b6435d0,0 21,0 21
abeea190-bba6-11e8-b2ba-ac1f6b6435d0,13,22
abef5dce-bbc9-11e8-b2bc-ac1f6b6435d0,4,4
abf070a8-bbc2-11e8-b2bc-ac1f6b6435d0,25 0,0 21
abf11b04-bbc0-11e8-b2bb-ac1f6b6435d0,25 5,0 25
abf224bc-bb9e-11e8-b2b9-ac1f6b6435d0,16 0,0
abf39cfc-bb99-11e8-b2b9-ac1f6b6435d0,25,25
abf493dc-bb9e-11e8-b2b9-ac1f6b6435d0,16 14 5,5 16
abf55c6e-bbbb-11e8-b2ba-ac1f6b6435d0,22,21
abf658c2-bbba-11e8-b2ba-ac1f6b6435d0,1,1
abf85e36-bb9e-11e8-b2b9-ac1f6b6435d0,0,0
abf8fd6a-bbac-11e8-b2ba-ac1f6b6435d0,7,7
abfa727e-bba4-11e8-b2ba-ac1f6b6435d0,25 2 0 21,0 2 21 25
abfc1022-bbc5-11e8-b2bc-ac1f6b6435d0,11,11
abfcb704-bbbe-11e8-b2ba-ac1f6b6435d0,24 25 21,24 25
abfdc1e0-bba9-11e8-b2ba-ac1f6b6435d0,18,0 18 19
abfdfb96-bba0-11e8-b2b9-ac1f6b6435d0,22 19,0 19 22
ac002940-bbbc-11e8-b2ba-ac1f6b6435d0,17 0,0
ac007074-bbb9-11e8-b2ba-ac1f6b6435d0,25,0 25
ac02eca8-bb9d-11e8-b2b9-ac1f6b6435d0,6,6
ac04796e-bb9e-11e8-b2b9-ac1f6b6435d0,0 21,21
ac072ea0-bbaf-11e8-b2ba-ac1f6b6435d0,25 21,21 25
ac0971e4-bbb2-11e8-b2ba-ac1f6b6435d0,7 0,0 7
ac0a4d30-bbc1-11e8-b2bb-ac1f6b6435d0,2,2
ac0de89e-bba5-11e8-b2ba-ac1f6b6435d0,20,8 20
ac0ed8ca-bba1-11e8-b2b9-ac1f6b6435d0,6 7,6 7
ac16b13a-bba6-11e8-b2ba-ac1f6b6435d0,25 7,7 11
ac199eac-bbb7-11e8-b2ba-ac1f6b6435d0,16,16
ac1b3f8e-bbc9-11e8-b2bc-ac1f6b6435d0,9,18
ac224c60-bbc0-11e8-b2bb-ac1f6b6435d0,2 0,0 2
ac2336fa-bba9-11e8-b2ba-ac1f6b6435d0,25,25
ac2411e8-bbad-11e8-b2ba-ac1f6b6435d0,21,25
ac245614-bbba-11e8-b2ba-ac1f6b6435d0,12 23 0,0 12 21
ac25c498-bb9e-11e8-b2b9-ac1f6b6435d0,2 0,0 2
ac260654-bbb9-11e8-b2ba-ac1f6b6435d0,0,0
ac26f066-bb99-11e8-b2b9-ac1f6b6435d0,2,2
ac26ff46-bba5-11e8-b2ba-ac1f6b6435d0,11,11
ac28b22a-bbc6-11e8-b2bc-ac1f6b6435d0,7 0,0 6
ac2b5960-bbaf-11e8-b2ba-ac1f6b6435d0,25 5,0 5 25
ac2dd632-bbc2-11e8-b2bc-ac1f6b6435d0,19,19
ac2e4c8a-bba3-11e8-b2b9-ac1f6b6435d0,26 0,0
ac2fde34-bbca-11e8-b2bc-ac1f6b6435d0,25 5,5
ac353384-bbb1-11e8-b2ba-ac1f6b6435d0,3,2 3
ac358210-bbae-11e8-b2ba-ac1f6b6435d0,4,4
ac364b38-bba3-11e8-b2b9-ac1f6b6435d0,12 21,25
ac39847a-bbb1-11e8-b2ba-ac1f6b6435d0,25 21,4 21 25
ac3ebb10-bbb7-11e8-b2ba-ac1f6b6435d0,5,5
ac3ec08c-bbb3-11e8-b2ba-ac1f6b6435d0,25 0,0 25
ac411100-bbba-11e8-b2ba-ac1f6b6435d0,19 0,0 19
ac41dbbe-bba4-11e8-b2ba-ac1f6b6435d0,19 23,19
ac4456a2-bba7-11e8-b2ba-ac1f6b6435d0,14,14
ac4d8f68-bbae-11e8-b2ba-ac1f6b6435d0,0,0
ac4da56c-bb9e-11e8-b2b9-ac1f6b6435d0,1 0,1
ac4e6dd0-bbc1-11e8-b2bb-ac1f6b6435d0,25 4,23
ac58c33c-bba5-11e8-b2ba-ac1f6b6435d0,1 21,1
ac596bce-bbb5-11e8-b2ba-ac1f6b6435d0,4 21,0 11 21
ac59a0d4-bbb6-11e8-b2ba-ac1f6b6435d0,7 2 0,0 4 7
ac5b0b84-bb9f-11e8-b2b9-ac1f6b6435d0,25 21,12 21
ac5b537c-bbaf-11e8-b2ba-ac1f6b6435d0,19,19
ac5d59ce-bbc3-11e8-b2bc-ac1f6b6435d0,25 11,11
ac5ee874-bbbf-11e8-b2bb-ac1f6b6435d0,25 7 2,7 25
ac5f1ca8-bbac-11e8-b2ba-ac1f6b6435d0,13 21,13 21 25
ac5f3060-bba4-11e8-b2ba-ac1f6b6435d0,25,25
ac63136a-bba4-11e8-b2ba-ac1f6b6435d0,2,2
ac63221c-bbc0-11e8-b2bb-ac1f6b6435d0,2 0,0 2
ac654752-bbbd-11e8-b2ba-ac1f6b6435d0,19 0,0
ac6b9f0a-bbc5-11e8-b2bc-ac1f6b6435d0,7 0,0 7
ac71d570-bba5-11e8-b2ba-ac1f6b6435d0,0,0 25
ac72b666-bbbe-11e8-b2ba-ac1f6b6435d0,25 18 0,0 18
ac7977ec-bbca-11e8-b2bc-ac1f6b6435d0,25 0,0 25
ac7a9188-bb9b-11e8-b2b9-ac1f6b6435d0,4,4 25
ac7c0c1c-bbbd-11e8-b2ba-ac1f6b6435d0,25 2 0,2 25
ac7d0a36-bbb3-11e8-b2ba-ac1f6b6435d0,14,14
ac804310-bb9d-11e8-b2b9-ac1f6b6435d0,25 1 0,0 1 2
ac809320-bbbf-11e8-b2bb-ac1f6b6435d0,25 23,21
ac825b10-bb9c-11e8-b2b9-ac1f6b6435d0,14 2,2 14
ac83064c-bba5-11e8-b2ba-ac1f6b6435d0,7,7
ac853cb6-bbc6-11e8-b2bc-ac1f6b6435d0,19,25
ac857e3c-bbc2-11e8-b2bc-ac1f6b6435d0,12 25 21,21 25
ac8707c4-bba0-11e8-b2b9-ac1f6b6435d0,5,5
ac8b206e-bbb1-11e8-b2ba-ac1f6b6435d0,7 0,0 7
ac8b4aa0-bbbe-11e8-b2ba-ac1f6b6435d0,11 0,0 11
ac8da7d2-bbc3-11e8-b2bc-ac1f6b6435d0,0,0
ac8f2608-bb9a-11e8-b2b9-ac1f6b6435d0,19 25 0,0 25
ac8f6092-bbb2-11e8-b2ba-ac1f6b6435d0,0 21,21 25
ac94cf72-bba4-11e8-b2ba-ac1f6b6435d0,19,7
ac94d3ec-bbb7-11e8-b2ba-ac1f6b6435d0,23 0,0 23
ac954424-bbaf-11e8-b2ba-ac1f6b6435d0,23,23
ac999118-bbc4-11e8-b2bc-ac1f6b6435d0,25 0,21 25
ac9a5106-bbb1-11e8-b2ba-ac1f6b6435d0,5,5 23
ac9b1d0a-bbae-11e8-b2ba-ac1f6b6435d0,1 0,0 1
ac9b4260-bbc9-11e8-b2bc-ac1f6b6435d0,25 1,0 1
ac9bd380-bb9a-11e8-b2b9-ac1f6b6435d0,6,6
ac9cf82c-bbc3-11e8-b2bc-ac1f6b6435d0,19 2,2
aca0f152-bbaa-11e8-b2ba-ac1f6b6435d0,25,25
aca3dfe8-bbb4-11e8-b2ba-ac1f6b6435d0,3 0,0
aca44a3c-bbb4-11e8-b2ba-ac1f6b6435d0,9 10,9 10
aca475ec-bbbf-11e8-b2bb-ac1f6b6435d0,25 2 0,0 2 25
aca4fc56-bbc9-11e8-b2bc-ac1f6b6435d0,12,12
aca5b05a-bbca-11e8-b2bc-ac1f6b6435d0,25 21,21 25
aca67c8e-bbb5-11e8-b2ba-ac1f6b6435d0,25,25
aca75df8-bbb9-11e8-b2ba-ac1f6b6435d0,25 1,1
aca9d5c6-bb99-11e8-b2b9-ac1f6b6435d0,25 0 21,0 25
acaacd48-bba6-11e8-b2ba-ac1f6b6435d0,0,0
acada476-bbc1-11e8-b2bb-ac1f6b6435d0,0,0
acadae68-bbb6-11e8-b2ba-ac1f6b6435d0,18,18
acb198ee-bbba-11e8-b2ba-ac1f6b6435d0,16 25 2,16 17 25
acb1bdf6-bbb0-11e8-b2ba-ac1f6b6435d0,7 0,0 7 25
acb41a22-bba3-11e8-b2b9-ac1f6b6435d0,4,4
acb4339c-bbb0-11e8-b2ba-ac1f6b6435d0,21,12 21
acb4e040-bb9b-11e8-b2b9-ac1f6b6435d0,25,25
acbb72fa-bbb6-11e8-b2ba-ac1f6b6435d0,25,0
acbf8b1a-bbca-11e8-b2bc-ac1f6b6435d0,7 0,0 7
acc11fe4-bbbf-11e8-b2bb-ac1f6b6435d0,0 21,0 21
acc1e49e-bbae-11e8-b2ba-ac1f6b6435d0,22,22
acc3af7c-bbb8-11e8-b2ba-ac1f6b6435d0,25 2,2 16
acc46f38-bbc8-11e8-b2bc-ac1f6b6435d0,23 0,0 23
acc5291e-bbc8-11e8-b2bc-ac1f6b6435d0,24 11,11 24
acc57de4-bba8-11e8-b2ba-ac1f6b6435d0,7,20
acc882cc-bba9-11e8-b2ba-ac1f6b6435d0,18,2
accb4fa4-bbbb-11e8-b2ba-ac1f6b6435d0,25 0,0 25
accbbe9a-bbc4-11e8-b2bc-ac1f6b6435d0,7,7
accc1068-bb9a-11e8-b2b9-ac1f6b6435d0,11 5 0,0
accd2f44-bbb7-11e8-b2ba-ac1f6b6435d0,1,1
accebca6-bba8-11e8-b2ba-ac1f6b6435d0,2 21,2 21
acced030-bbab-11e8-b2ba-ac1f6b6435d0,25 4,25
accf6c4a-bbb8-11e8-b2ba-ac1f6b6435d0,0,0
acd14832-bbbb-11e8-b2ba-ac1f6b6435d0,18 0,0 18
acd4a612-bbb6-11e8-b2ba-ac1f6b6435d0,25 2 0,2 25
acd83d26-bb9e-11e8-b2b9-ac1f6b6435d0,13,13
acd96a16-bbad-11e8-b2ba-ac1f6b6435d0,1 0,1
acdc628e-bba8-11e8-b2ba-ac1f6b6435d0,5,0
ace06dbe-bb9b-11e8-b2b9-ac1f6b6435d0,11,11 14
ace12cb2-bbb5-11e8-b2ba-ac1f6b6435d0,1 0,0
ace706e0-bbc5-11e8-b2bc-ac1f6b6435d0,25 0,0 7 25
ace798fe-bbc4-11e8-b2bc-ac1f6b6435d0,21,21
ace87966-bbc1-11e8-b2bb-ac1f6b6435d0,25,6
aceb1aaa-bbca-11e8-b2bc-ac1f6b6435d0,25,0 25
acef2094-bbc7-11e8-b2bc-ac1f6b6435d0,19 25 21,0 25
acf61102-bbbc-11e8-b2ba-ac1f6b6435d0,2 0,0 2
acf6850e-bbbe-11e8-b2ba-ac1f6b6435d0,25 13 0,0 13 25
acfc07ce-bbbc-11e8-b2ba-ac1f6b6435d0,1,1 25
acfc31ee-bbb3-11e8-b2ba-ac1f6b6435d0,1 0,0 1
acfe6eda-bbc9-11e8-b2bc-ac1f6b6435d0,23,23
acfeca58-bb9f-11e8-b2b9-ac1f6b6435d0,19 0,0
ad041f5c-bbc3-11e8-b2bc-ac1f6b6435d0,4,4
ad0c037a-bba5-11e8-b2ba-ac1f6b6435d0,25,25
ad111384-bbc2-11e8-b2bc-ac1f6b6435d0,19,19
ad11a3d2-bb9d-11e8-b2b9-ac1f6b6435d0,7,7
ad130270-bbc7-11e8-b2bc-ac1f6b6435d0,25 3,3
ad141e7c-bbb7-11e8-b2ba-ac1f6b6435d0,19,23
ad152f50-bba4-11e8-b2ba-ac1f6b6435d0,25,25
ad16822e-bb9a-11e8-b2b9-ac1f6b6435d0,6 7,6 7
ad17b4f6-bba8-11e8-b2ba-ac1f6b6435d0,6 9 10,9 10
ad180f4c-bbc0-11e8-b2bb-ac1f6b6435d0,13,0 13
ad181ad8-bbc4-11e8-b2bc-ac1f6b6435d0,25 18 0,0 24
ad1a08b4-bbb2-11e8-b2ba-ac1f6b6435d0,23 5,0 5 23
ad1f717c-bbc7-11e8-b2bc-ac1f6b6435d0,14 0,0 17
ad200c88-bbc5-11e8-b2bc-ac1f6b6435d0,2 0,0 2
ad237eac-bbae-11e8-b2ba-ac1f6b6435d0,21,2
ad25be2c-bb9c-11e8-b2b9-ac1f6b6435d0,11,11
ad2797e8-bbbe-11e8-b2ba-ac1f6b6435d0,25 0,0 6 25
ad2cffb6-bbba-11e8-b2ba-ac1f6b6435d0,12 21,19 25
ad2dcd5a-bb9d-11e8-b2b9-ac1f6b6435d0,2,0 2
ad2eff22-bba7-11e8-b2ba-ac1f6b6435d0,2 0,0
ad2fd7e6-bbb4-11e8-b2ba-ac1f6b6435d0,23,23
ad314832-bbc4-11e8-b2bc-ac1f6b6435d0,12,12
ad3203a6-bbad-11e8-b2ba-ac1f6b6435d0,22 0 21,0 21
ad356952-bba7-11e8-b2ba-ac1f6b6435d0,0,0
ad3be804-bbca-11e8-b2bc-ac1f6b6435d0,19 0,0 19
ad3c6740-bbaa-11e8-b2ba-ac1f6b6435d0,25 7 0,0 7 25
ad3d4f22-bbc6-11e8-b2bc-ac1f6b6435d0,7,0 5 7 25
ad43843c-bba8-11e8-b2ba-ac1f6b6435d0,25 0,0 3 25
ad43866a-bbaa-11e8-b2ba-ac1f6b6435d0,25 21,23 25
ad43b864-bbb5-11e8-b2ba-ac1f6b6435d0,1 0,0 1
ad47cd8a-bb99-11e8-b2b9-ac1f6b6435d0,25,25
ad48efb4-bbba-11e8-b2ba-ac1f6b6435d0,7 0,0 7
ad4a48b0-bbc3-11e8-b2bc-ac1f6b6435d0,20,20
ad4c3e62-bbab-11e8-b2ba-ac1f6b6435d0,0,0
ad5268ac-bbae-11e8-b2ba-ac1f6b6435d0,25,25
ad5336f4-bba1-11e8-b2b9-ac1f6b6435d0,21,21
ad5632c0-bbb3-11e8-b2ba-ac1f6b6435d0,25 13 0,0 13 25
ad5a4858-bb9d-11e8-b2b9-ac1f6b6435d0,5,0 5 21
ad5b61fe-bbc8-11e8-b2bc-ac1f6b6435d0,25 0,0 25
ad618ede-bba6-11e8-b2ba-ac1f6b6435d0,23 2 0,2 23
ad61db3a-bbc1-11e8-b2bb-ac1f6b6435d0,0,0 25
ad621028-bba3-11e8-b2b9-ac1f6b6435d0,0 21,0 25
ad6689da-bba0-11e8-b2b9-ac1f6b6435d0,7,7
ad6afe0a-bba7-11e8-b2ba-ac1f6b6435d0,4,4
ad6cbc40-bbc0-11e8-b2bb-ac1f6b6435d0,23,7
ad6da31e-bbb4-11e8-b2ba-ac1f6b6435d0,7,7
ad6e95e8-bbba-11e8-b2ba-ac1f6b6435d0,25 5,0
ad7061ea-bbbd-11e8-b2ba-ac1f6b6435d0,12,12 21
ad70b5b8-bba5-11e8-b2ba-ac1f6b6435d0,25 4 21,4 25
ad72e594-bbb5-11e8-b2ba-ac1f6b6435d0,11,11
ad7329d4-bba4-11e8-b2ba-ac1f6b6435d0,7 0,0 7
ad760f70-bba7-11e8-b2ba-ac1f6b6435d0,19,18
ad772b5e-bbbf-11e8-b2bb-ac1f6b6435d0,20,20
ad77d270-bbc4-11e8-b2bc-ac1f6b6435d0,2 0,0 2
ad784790-bbac-11e8-b2ba-ac1f6b6435d0,14 5,14
ad792af0-bbbd-11e8-b2ba-ac1f6b6435d0,2 0,0 2
ad7ee3f2-bba7-11e8-b2ba-ac1f6b6435d0,23 0,0
ad7fa6b2-bbb5-11e8-b2ba-ac1f6b6435d0,0,0
ad843366-bb9d-11e8-b2b9-ac1f6b6435d0,7 0,0
ad84c0ae-bb9f-11e8-b2b9-ac1f6b6435d0,23,23
ad8547ba-bba2-11e8-b2b9-ac1f6b6435d0,0,0
ad871450-bbb6-11e8-b2ba-ac1f6b6435d0,4 21,0 4 21
ad87ff08-bb9a-11e8-b2b9-ac1f6b6435d0,24 11,24
ad8e53bc-bbae-11e8-b2ba-ac1f6b6435d0,25,25 26
ad938640-bbb1-11e8-b2ba-ac1f6b6435d0,25 3,3 25
ad96aace-bbba-11e8-b2ba-ac1f6b6435d0,14 17 21,14 21
ad998c72-bb9b-11e8-b2b9-ac1f6b6435d0,0,0
ad9de158-bbac-11e8-b2ba-ac1f6b6435d0,7,7
ad9fd454-bbca-11e8-b2bc-ac1f6b6435d0,25 17,25
ad9ff498-bbbb-11e8-b2ba-ac1f6b6435d0,25 18,18 25
ada61c0a-bba3-11e8-b2b9-ac1f6b6435d0,0,0 25
ada85cc2-bb99-11e8-b2b9-ac1f6b6435d0,16 2 0,0 2 16
ada89ab8-bbb0-11e8-b2ba-ac1f6b6435d0,17 0,0
adac0b4e-bbc9-11e8-b2bc-ac1f6b6435d0,4,0
adac37d8-bba4-11e8-b2ba-ac1f6b6435d0,25,25
adadde9a-bba3-11e8-b2b9-ac1f6b6435d0,7,7 21
adaf2f70-bbbc-11e8-b2ba-ac1f6b6435d0,22,22
adb07764-bb9d-11e8-b2b9-ac1f6b6435d0,6,6
adb30f98-bb9c-11e8-b2b9-ac1f6b6435d0,4,4
adb38796-bbc1-11e8-b2bb-ac1f6b6435d0,25,0 25
adb65f5a-bbb4-11e8-b2ba-ac1f6b6435d0,2,2
adb767b2-bbbc-11e8-b2ba-ac1f6b6435d0,6,0
adb91f4a-bbac-11e8-b2ba-ac1f6b6435d0,25 0,0
adba297e-bbbd-11e8-b2ba-ac1f6b6435d0,25 0,0 25
adbbd2f4-bbb5-11e8-b2ba-ac1f6b6435d0,2 0,2 23
adbd00aa-bb9e-11e8-b2b9-ac1f6b6435d0,19 0,0
adbd16fc-bbbd-11e8-b2ba-ac1f6b6435d0,24 2 0,0 2
adbf5698-bbc6-11e8-b2bc-ac1f6b6435d0,17 21,21
adbf946c-bb9b-11e8-b2b9-ac1f6b6435d0,19,18
adc3e782-bbab-11e8-b2ba-ac1f6b6435d0,23,23
adc4546c-bbc2-11e8-b2bc-ac1f6b6435d0,6,6
adc570c6-bbb4-11e8-b2ba-ac1f6b6435d0,16 18 17 0,16 17 18
adc968fa-bbac-11e8-b2ba-ac1f6b6435d0,0,0
adcbe672-bbaa-11e8-b2ba-ac1f6b6435d0,0,0
adcf35ec-bb9c-11e8-b2b9-ac1f6b6435d0,21,21
add16ddc-bbb3-11e8-b2ba-ac1f6b6435d0,5,0
add329e2-bba9-11e8-b2ba-ac1f6b6435d0,5,5
add97b68-bbc6-11e8-b2bc-ac1f6b6435d0,0,0
adda729c-bb9f-11e8-b2b9-ac1f6b6435d0,25 21,21 25
addcd62e-bba7-11e8-b2ba-ac1f6b6435d0,12 21,12
addde20a-bbb4-11e8-b2ba-ac1f6b6435d0,14,14
addedffe-bbad-11e8-b2ba-ac1f6b6435d0,26 23 0,0 20
ade04208-bba9-11e8-b2ba-ac1f6b6435d0,5,5
ade1543c-bbc1-11e8-b2bb-ac1f6b6435d0,18,18 25
ade18f18-bb9b-11e8-b2b9-ac1f6b6435d0,11 4,4 11
ade3f336-bba8-11e8-b2ba-ac1f6b6435d0,5,5
ade4c780-bb9d-11e8-b2b9-ac1f6b6435d0,25 0,0 25
ade599e4-bba7-11e8-b2ba-ac1f6b6435d0,3,3
ade732d6-bbca-11e8-b2bc-ac1f6b6435d0,6,6
ade7de5a-bb9f-11e8-b2b9-ac1f6b6435d0,25 2 0,0 2 25
ade99ef8-bbb7-11e8-b2ba-ac1f6b6435d0,24 25 0,0 25 26
adec0186-bbab-11e8-b2ba-ac1f6b6435d0,3,3
adeeb47c-bb9b-11e8-b2b9-ac1f6b6435d0,7,7
adf15c84-bb9d-11e8-b2b9-ac1f6b6435d0,23,23
adf54a24-bbb6-11e8-b2ba-ac1f6b6435d0,25 18,25
adf7b830-bb9e-11e8-b2b9-ac1f6b6435d0,0,4
adf7f420-bbc7-11e8-b2bc-ac1f6b6435d0,7,20 23
adf95cf8-bbc1-11e8-b2bb-ac1f6b6435d0,0 21,0 3 25
adfaaf2e-bb9c-11e8-b2b9-ac1f6b6435d0,19 0,0 19
adfc8328-bbc2-11e8-b2bc-ac1f6b6435d0,0,0 21
adfcf8e4-bbb3-11e8-b2ba-ac1f6b6435d0,25 0,0 19 25
adfdbb66-bbbe-11e8-b2ba-ac1f6b6435d0,25 2,0 21 25
adfe183c-bbb8-11e8-b2ba-ac1f6b6435d0,3,0 2
ae01d116-bbc7-11e8-b2bc-ac1f6b6435d0,25 0,23
ae05a14a-bbb5-11e8-b2ba-ac1f6b6435d0,25 17,17 25
ae0940e0-bba4-11e8-b2ba-ac1f6b6435d0,7 0,0 7
ae0ae27c-bbab-11e8-b2ba-ac1f6b6435d0,23 0,0 23
ae0dbbc2-bbc5-11e8-b2bc-ac1f6b6435d0,14,5 14
ae1619b8-bbbe-11e8-b2ba-ac1f6b6435d0,0,0 25
ae1a0054-bbb0-11e8-b2ba-ac1f6b6435d0,19 0,18
ae1bd332-bbbc-11e8-b2ba-ac1f6b6435d0,19 25,19 25
ae1bfdf6-bbb4-11e8-b2ba-ac1f6b6435d0,19 25 7 0,25
ae1c2b98-bb9e-11e8-b2b9-ac1f6b6435d0,2 0,0 2
ae1fbdd0-bb9e-11e8-b2b9-ac1f6b6435d0,25 7,7
ae214060-bbbc-11e8-b2ba-ac1f6b6435d0,0,0
ae22fede-bb9c-11e8-b2b9-ac1f6b6435d0,7 0,0 7
ae26ae6e-bbae-11e8-b2ba-ac1f6b6435d0,19 0,0 19
ae2772a4-bba4-11e8-b2ba-ac1f6b6435d0,1 0,0 1
ae28497e-bbc5-11e8-b2bc-ac1f6b6435d0,25 0,0 21
ae2ab248-bbb3-11e8-b2ba-ac1f6b6435d0,23 2,2 6 23
ae2f88fe-bbc7-11e8-b2bc-ac1f6b6435d0,7,7
ae32ed2a-bb9d-11e8-b2b9-ac1f6b6435d0,25 3,25
ae34f5a6-bba8-11e8-b2ba-ac1f6b6435d0,0,0 5
ae356df8-bbb5-11e8-b2ba-ac1f6b6435d0,25 13,7 25
ae3687ec-bbb5-11e8-b2ba-ac1f6b6435d0,7,21
ae374436-bb9a-11e8-b2b9-ac1f6b6435d0,1,1
ae3786fc-bbc3-11e8-b2bc-ac1f6b6435d0,5,5
ae386ee8-bbbc-11e8-b2ba-ac1f6b6435d0,3,0 3
ae39c0f2-bbc3-11e8-b2bc-ac1f6b6435d0,21,21
ae3cb9ba-bbb9-11e8-b2ba-ac1f6b6435d0,23,23
ae3ed862-bb9b-11e8-b2b9-ac1f6b6435d0,7 0,7 25
ae3fcada-bbad-11e8-b2ba-ac1f6b6435d0,25 0 21,0 25
ae479992-bbb5-11e8-b2ba-ac1f6b6435d0,7,7
ae481e18-bbbe-11e8-b2ba-ac1f6b6435d0,23,23
ae4a04d8-bbb6-11e8-b2ba-ac1f6b6435d0,25 4,4 25
ae4b8028-bba3-11e8-b2b9-ac1f6b6435d0,19,19
ae4ba2f4-bbc3-11e8-b2bc-ac1f6b6435d0,25 0,0 25
ae4d1b30-bbc7-11e8-b2bc-ac1f6b6435d0,23 0,0 23
ae4ddcce-bbc1-11e8-b2bb-ac1f6b6435d0,7,23
ae4f9190-bb99-11e8-b2b9-ac1f6b6435d0,23,23
ae52ead0-bb9d-11e8-b2b9-ac1f6b6435d0,22 0 21,0 22
ae53a34c-bbb8-11e8-b2ba-ac1f6b6435d0,25 0,4 25
ae54b7fa-bbb8-11e8-b2ba-ac1f6b6435d0,21,21 25
ae55b81a-bb9c-11e8-b2b9-ac1f6b6435d0,23,5 23 25
ae56dd70-bbac-11e8-b2ba-ac1f6b6435d0,11,11
ae56fb3a-bbb0-11e8-b2ba-ac1f6b6435d0,7 0,0 7
ae5d9266-bbaf-11e8-b2ba-ac1f6b6435d0,19,18
ae5f8ba4-bbb7-11e8-b2ba-ac1f6b6435d0,2,2
ae622f9e-bbb2-11e8-b2ba-ac1f6b6435d0,23,23
ae623270-bba1-11e8-b2b9-ac1f6b6435d0,0,0
ae6ab216-bbb4-11e8-b2ba-ac1f6b6435d0,25 14 17 2,2 14 17 25
ae6c50fa-bbbc-11e8-b2ba-ac1f6b6435d0,12,12
ae6eca2c-bbaa-11e8-b2ba-ac1f6b6435d0,11,11
ae6f34fa-bbc6-11e8-b2bc-ac1f6b6435d0,24 5,24
ae736626-bbc4-11e8-b2bc-ac1f6b6435d0,25 0,0 26
ae73e310-bbb7-11e8-b2ba-ac1f6b6435d0,7,7
ae78eab8-bb99-11e8-b2b9-ac1f6b6435d0,0,0
ae794b8c-bbbe-11e8-b2ba-ac1f6b6435d0,7 5,0 7
ae79666c-bbaf-11e8-b2ba-ac1f6b6435d0,23,23
ae798696-bbab-11e8-b2ba-ac1f6b6435d0,24,24
ae7a2672-bbb1-11e8-b2ba-ac1f6b6435d0,12,12 14
ae7bb20c-bbc6-11e8-b2bc-ac1f6b6435d0,7,7
ae7c52fc-bbc1-11e8-b2bb-ac1f6b6435d0,26 0 21,0 2 26
ae81f23e-bb9e-11e8-b2b9-ac1f6b6435d0,7 0,0 7
ae828ff2-bba6-11e8-b2ba-ac1f6b6435d0,7 2 0,0 2
ae83a7c6-bba5-11e8-b2ba-ac1f6b6435d0,5,5
ae8489ec-bbb5-11e8-b2ba-ac1f6b6435d0,23,23
ae8657ae-bbba-11e8-b2ba-ac1f6b6435d0,25 21,21 25
ae869528-bbad-11e8-b2ba-ac1f6b6435d0,14 0,0 14
ae8a0ef0-bba9-11e8-b2ba-ac1f6b6435d0,19 25,2 21 25
ae8c03dc-bbbc-11e8-b2ba-ac1f6b6435d0,22 0,0 22
ae8e76ac-bb9a-11e8-b2b9-ac1f6b6435d0,3,3
ae8fddec-bba6-11e8-b2ba-ac1f6b6435d0,6,1 6
ae9215e6-bba4-11e8-b2ba-ac1f6b6435d0,19 0,0 19
ae97c5b8-bb9f-11e8-b2b9-ac1f6b6435d0,2,2
ae97c7e6-bbba-11e8-b2ba-ac1f6b6435d0,0,0
ae9cf72a-bb9c-11e8-b2b9-ac1f6b6435d0,2 21,2
ae9d5678-bb99-11e8-b2b9-ac1f6b6435d0,18 0,0 18 24
ae9e6a7a-bbc8-11e8-b2bc-ac1f6b6435d0,11,0
aea0871e-bba6-11e8-b2ba-ac1f6b6435d0,25 21,21 25
aea0ad0e-bbc7-11e8-b2bc-ac1f6b6435d0,7,0 7
aea507f0-bba4-11e8-b2ba-ac1f6b6435d0,5,5
aea654dc-bb9c-11e8-b2b9-ac1f6b6435d0,7 0,0 7
aea70060-bbb7-11e8-b2ba-ac1f6b6435d0,7 3,3 7
aea7c94e-bbc8-11e8-b2bc-ac1f6b6435d0,5 0,0
aeaa628c-bbb7-11e8-b2ba-ac1f6b6435d0,25,25
aeac1330-bbca-11e8-b2bc-ac1f6b6435d0,25 0,0 25
aeae2248-bb9c-11e8-b2b9-ac1f6b6435d0,16,16
aeaf244a-bbba-11e8-b2ba-ac1f6b6435d0,19 25,19 25
aeafe736-bbc9-11e8-b2bc-ac1f6b6435d0,19,0 19 25
aeaffe60-bba6-11e8-b2ba-ac1f6b6435d0,7,7
aebce96e-bba5-11e8-b2ba-ac1f6b6435d0,12,12
aec14c94-bbb8-11e8-b2ba-ac1f6b6435d0,3 0,0 3
aec17cae-bbaf-11e8-b2ba-ac1f6b6435d0,23,23
aec325a2-bba7-11e8-b2ba-ac1f6b6435d0,23 0,23
aec32eb2-bbca-11e8-b2bc-ac1f6b6435d0,2,2 25
aec35ce2-bba8-11e8-b2ba-ac1f6b6435d0,25 0 21,0 5 21
aec4cf92-bbc0-11e8-b2bb-ac1f6b6435d0,25 0,0 25
aec75e1a-bba7-11e8-b2ba-ac1f6b6435d0,7 0,0 7
aec8bf50-bbaf-11e8-b2ba-ac1f6b6435d0,11,11
aec8d3ee-bbc5-11e8-b2bc-ac1f6b6435d0,25 4,4 25
aecb9804-bbbb-11e8-b2ba-ac1f6b6435d0,2 0,2
aecce622-bba3-11e8-b2b9-ac1f6b6435d0,25 0,0 25
aeceb8da-bbb7-11e8-b2ba-ac1f6b6435d0,26 0,26
aecec09e-bbc8-11e8-b2bc-ac1f6b6435d0,25 23 0,23
aed0b5aa-bbb1-11e8-b2ba-ac1f6b6435d0,7,7
aed1d600-bbad-11e8-b2ba-ac1f6b6435d0,22 0,0 22
aed468b6-bb9e-11e8-b2b9-ac1f6b6435d0,25 0,0 25
aed98754-bbc8-11e8-b2bc-ac1f6b6435d0,4,4
aedabd2c-bbc3-11e8-b2bc-ac1f6b6435d0,7 1,1 7
aedbb5b4-bbb0-11e8-b2ba-ac1f6b6435d0,11,11
aeddec1a-bbb7-11e8-b2ba-ac1f6b6435d0,14 0,0 14
aede264c-bbaa-11e8-b2ba-ac1f6b6435d0,20,20
aee65248-bbc5-11e8-b2bc-ac1f6b6435d0,25 7 1,1 7 25
aee7e668-bbc9-11e8-b2bc-ac1f6b6435d0,25 7 0 21,0 7 21 25
aeeafa8c-bbbb-11e8-b2ba-ac1f6b6435d0,23,23
aeee5cec-bba0-11e8-b2b9-ac1f6b6435d0,3 0,0 3
aef55934-bba0-11e8-b2b9-ac1f6b6435d0,25 2 0,2 25
aef80d32-bbc3-11e8-b2bc-ac1f6b6435d0,25 0,0 21 25
aefce356-bbbf-11e8-b2bb-ac1f6b6435d0,25,25
af023944-bbc6-11e8-b2bc-ac1f6b6435d0,7 0,0
af0497e2-bbb8-11e8-b2ba-ac1f6b6435d0,5 0,0 26
af04b13c-bbbd-11e8-b2ba-ac1f6b6435d0,7,0
af04c52c-bbc8-11e8-b2bc-ac1f6b6435d0,25 0,0 21
af059696-bbaa-11e8-b2ba-ac1f6b6435d0,0,0
af05c5a8-bbb9-11e8-b2ba-ac1f6b6435d0,23,23
af08c27c-bb9a-11e8-b2b9-ac1f6b6435d0,23,23
af09cea6-bb9f-11e8-b2b9-ac1f6b6435d0,5,5
af0a2d3e-bb99-11e8-b2b9-ac1f6b6435d0,25,25
af0aea6a-bbb4-11e8-b2ba-ac1f6b6435d0,16 25 0,0 16 25
af0b0af6-bba8-11e8-b2ba-ac1f6b6435d0,25 11,11
af15fab8-bbbe-11e8-b2ba-ac1f6b6435d0,25 2 0,2 25
af18c26c-bbc2-11e8-b2bc-ac1f6b6435d0,5,0 5
af19bb12-bbaf-11e8-b2ba-ac1f6b6435d0,4 0,0 5
af1cbcc4-bba8-11e8-b2ba-ac1f6b6435d0,25 7,7 25
af225d18-bbb3-11e8-b2ba-ac1f6b6435d0,23 2,2 23
af26bdf4-bbae-11e8-b2ba-ac1f6b6435d0,11,11
af2e8574-bbc8-11e8-b2bc-ac1f6b6435d0,1 0,0
af34bdbc-bbbf-11e8-b2bb-ac1f6b6435d0,23,25
af37da38-bba6-11e8-b2ba-ac1f6b6435d0,25 0,0 25
af38cae4-bbb8-11e8-b2ba-ac1f6b6435d0,25 0,0 25
af3b3de6-bba0-11e8-b2b9-ac1f6b6435d0,25,6 25
af3d7206-bbb8-11e8-b2ba-ac1f6b6435d0,7,7
af3f6482-bbc5-11e8-b2bc-ac1f6b6435d0,0 21,0 5
af44125e-bbbe-11e8-b2ba-ac1f6b6435d0,18 0,0 19
af4644f6-bbc9-11e8-b2bc-ac1f6b6435d0,24 25,25
af46a966-bba4-11e8-b2ba-ac1f6b6435d0,25 3,2
af46acd4-bb9c-11e8-b2b9-ac1f6b6435d0,25 21,0 21 25
af47025c-bbaa-11e8-b2ba-ac1f6b6435d0,23 0,0 23
af477ebe-bbb2-11e8-b2ba-ac1f6b6435d0,25 4,4 25
af48825a-bbc6-11e8-b2bc-ac1f6b6435d0,25 2,2 25
af49878c-bba7-11e8-b2ba-ac1f6b6435d0,23 0,0 23
af4ab20c-bbbf-11e8-b2bb-ac1f6b6435d0,25,25
af4acb7e-bbb6-11e8-b2ba-ac1f6b6435d0,25 4,4 25
af4b8a12-bbb3-11e8-b2ba-ac1f6b6435d0,0,0
af4ea060-bbc9-11e8-b2bc-ac1f6b6435d0,25 0,0 25
af4fc406-bba9-11e8-b2ba-ac1f6b6435d0,12 0,0
af516262-bbbc-11e8-b2ba-ac1f6b6435d0,25 3 0,3 25
af545a64-bbc9-11e8-b2bc-ac1f6b6435d0,19,0 25
af5463f6-bbab-11e8-b2ba-ac1f6b6435d0,22 13 21,25
af577c36-bba5-11e8-b2ba-ac1f6b6435d0,25 4,4 25
af5ce556-bbb7-11e8-b2ba-ac1f6b6435d0,25 18 0,0 18 25
af611c58-bbca-11e8-b2bc-ac1f6b6435d0,7,7
af623c04-bbbc-11e8-b2ba-ac1f6b6435d0,25 0,0 25
af6308b8-bba9-11e8-b2ba-ac1f6b6435d0,12,12
af69d0ae-bba3-11e8-b2b9-ac1f6b6435d0,21,0 21
af6b4406-bbae-11e8-b2ba-ac1f6b6435d0,2 0,2
af6c9f66-bbab-11e8-b2ba-ac1f6b6435d0,25 11 21,21 25
af6d2402-bbad-11e8-b2ba-ac1f6b6435d0,25 18 0,0 19 23
af6eb854-bbb6-11e8-b2ba-ac1f6b6435d0,23,7 23
af732b88-bbb0-11e8-b2ba-ac1f6b6435d0,25 0,0 25
af73629a-bbb2-11e8-b2ba-ac1f6b6435d0,6,6
af75165e-bbc5-11e8-b2bc-ac1f6b6435d0,25 0,0 25
af7636d8-bbac-11e8-b2ba-ac1f6b6435d0,7 2 0,0 2 7
af7648f0-bbbe-11e8-b2ba-ac1f6b6435d0,7,7
af796d8a-bbb6-11e8-b2ba-ac1f6b6435d0,25,25
af7e3ef2-bbc3-11e8-b2bc-ac1f6b6435d0,25 3,3
af7eeb3c-bbc7-11e8-b2bc-ac1f6b6435d0,5,2 5
af80ae16-bbb5-11e8-b2ba-ac1f6b6435d0,23,23
af87c876-bbb6-11e8-b2ba-ac1f6b6435d0,25 2,2 25
af881852-bba3-11e8-b2b9-ac1f6b6435d0,21,5 21
af8aa366-bbb6-11e8-b2ba-ac1f6b6435d0,23 0,0 23
af8b187c-bbc1-11e8-b2bb-ac1f6b6435d0,11 0,0 11
af8bac12-bbab-11e8-b2ba-ac1f6b6435d0,7 2,2 7
af8bd114-bbca-11e8-b2bc-ac1f6b6435d0,0,0 25
af938298-bbab-11e8-b2ba-ac1f6b6435d0,25,6
af93bf5c-bb9b-11e8-b2b9-ac1f6b6435d0,6,0
af9481da-bbaf-11e8-b2ba-ac1f6b6435d0,12,12
af955a38-bbaf-11e8-b2ba-ac1f6b6435d0,3,3
af96c00a-bba3-11e8-b2b9-ac1f6b6435d0,25 13 0,0 13
af9b07be-bbb7-11e8-b2ba-ac1f6b6435d0,5,5
af9b6d76-bb99-11e8-b2b9-ac1f6b6435d0,2 0,0 2
af9b8440-bb9f-11e8-b2b9-ac1f6b6435d0,0 21,0 25
af9edc70-bbb9-11e8-b2ba-ac1f6b6435d0,7 0,0 7
afa0f196-bba4-11e8-b2ba-ac1f6b6435d0,14,14
afa1ca18-bb9e-11e8-b2b9-ac1f6b6435d0,7 0,0 7
afa258c2-bbbf-11e8-b2bb-ac1f6b6435d0,0,0
afa94674-bbb4-11e8-b2ba-ac1f6b6435d0,25 2,2 6 25
afab025c-bbbe-11e8-b2ba-ac1f6b6435d0,25 0,0 25
afab569c-bbb6-11e8-b2ba-ac1f6b6435d0,24 25,24 25
afac1158-bbc6-11e8-b2bc-ac1f6b6435d0,25 4,4 19 21
afb14368-bba7-11e8-b2ba-ac1f6b6435d0,11,11
afb206ea-bbca-11e8-b2bc-ac1f6b6435d0,0 21,0 12 21
afb33eaa-bbc7-11e8-b2bc-ac1f6b6435d0,19 25,21
afb651ca-bbc8-11e8-b2bc-ac1f6b6435d0,25,25
afb9000c-bbc1-11e8-b2bb-ac1f6b6435d0,25 21,21
afbb19b2-bbbe-11e8-b2ba-ac1f6b6435d0,5 0,5
afbbbaf2-bbc8-11e8-b2bc-ac1f6b6435d0,25 3,3 25
afbfa3f4-bbac-11e8-b2ba-ac1f6b6435d0,2 0,0 2
afc29062-bbae-11e8-b2ba-ac1f6b6435d0,5 0,0
afc313c8-bbbf-11e8-b2bb-ac1f6b6435d0,2 0,0
afc5a964-bbb3-11e8-b2ba-ac1f6b6435d0,25 0,0 25
afc70c00-bbb3-11e8-b2ba-ac1f6b6435d0,2 0,0 2
afc756f6-bbc2-11e8-b2bc-ac1f6b6435d0,6 0,26
afc82a04-bbb3-11e8-b2ba-ac1f6b6435d0,2 0,0 2
afccc80e-bbca-11e8-b2bc-ac1f6b6435d0,0,0
afce3952-bba0-11e8-b2b9-ac1f6b6435d0,7,7
afce60b8-bbc2-11e8-b2bc-ac1f6b6435d0,25 1,1 6
afceee7c-bbc5-11e8-b2bc-ac1f6b6435d0,7 2 8,7
afd2c640-bbb2-11e8-b2ba-ac1f6b6435d0,2,2
afd79f18-bbc0-11e8-b2bb-ac1f6b6435d0,5,5
afd86c92-bbaf-11e8-b2ba-ac1f6b6435d0,14 0,0 14
afd8964e-bba6-11e8-b2ba-ac1f6b6435d0,6,6
afd97e9a-bbad-11e8-b2ba-ac1f6b6435d0,4 21,4 21
afda66fa-bba0-11e8-b2b9-ac1f6b6435d0,18 5,0 5
afdd0490-bb9c-11e8-b2b9-ac1f6b6435d0,25 7 0,7 25
afe61d42-bbb4-11e8-b2ba-ac1f6b6435d0,14,14
afe69cd6-bbc3-11e8-b2bc-ac1f6b6435d0,3 0,0 3
afe6f0dc-bba5-11e8-b2ba-ac1f6b6435d0,18,18
afe79c2e-bbb1-11e8-b2ba-ac1f6b6435d0,25 14 0,0 14 25
afe7c11e-bbab-11e8-b2ba-ac1f6b6435d0,25 0,0 11 25
afede996-bbaa-11e8-b2ba-ac1f6b6435d0,14,14
afef49a2-bbc4-11e8-b2bc-ac1f6b6435d0,7,7
aff6b050-bbb2-11e8-b2ba-ac1f6b6435d0,21,4
aff7af2c-bb9f-11e8-b2b9-ac1f6b6435d0,22,13 22
affa11e2-bba2-11e8-b2b9-ac1f6b6435d0,14,14 25
affbfb76-bba0-11e8-b2b9-ac1f6b6435d0,23,23
affd4f82-bb9e-11e8-b2b9-ac1f6b6435d0,0,0
affda574-bbc9-11e8-b2bc-ac1f6b6435d0,23 0,0 23
affdc134-bba2-11e8-b2b9-ac1f6b6435d0,25 14,14
affe2a62-bbba-11e8-b2ba-ac1f6b6435d0,25 2,2 25
affe3674-bb9c-11e8-b2b9-ac1f6b6435d0,0,0
b005db92-bbb8-11e8-b2ba-ac1f6b6435d0,25 0,0 25
b006890e-bbc0-11e8-b2bb-ac1f6b6435d0,25 23 0,0 23
b00689f4-bbc5-11e8-b2bc-ac1f6b6435d0,0,0
b0069930-bbac-11e8-b2ba-ac1f6b6435d0,14,14
b00725da-bbb6-11e8-b2ba-ac1f6b6435d0,25 0,0 25
b0073b8e-bbb5-11e8-b2ba-ac1f6b6435d0,22,19
b0087728-bbca-11e8-b2bc-ac1f6b6435d0,6,2
b00a88a6-bbac-11e8-b2ba-ac1f6b6435d0,12,12
b00b5f38-bbac-11e8-b2ba-ac1f6b6435d0,25 1 21,21 25
b00c7314-bbbb-11e8-b2ba-ac1f6b6435d0,2,2
b00d9294-bbac-11e8-b2ba-ac1f6b6435d0,0,0 4
b012efde-bbc8-11e8-b2bc-ac1f6b6435d0,14 0,0 14
b0145fa0-bb9a-11e8-b2b9-ac1f6b6435d0,25 18,18 25
b01ba4ce-bba7-11e8-b2ba-ac1f6b6435d0,1 2,1 2 25
b0206b8a-bb9d-11e8-b2b9-ac1f6b6435d0,25 7,7 25
b028deaa-bbb6-11e8-b2ba-ac1f6b6435d0,19 0,0 19 25
b02ae704-bbc0-11e8-b2bb-ac1f6b6435d0,22,22
b02c63e8-bba9-11e8-b2ba-ac1f6b6435d0,25 0,0 21
b02cfabe-bbb4-11e8-b2ba-ac1f6b6435d0,25 21,12 21
b02f5c20-bbb2-11e8-b2ba-ac1f6b6435d0,2 0,0 2
b03119c0-bbc1-11e8-b2bb-ac1f6b6435d0,0,0
b0315dc4-bbc4-11e8-b2bc-ac1f6b6435d0,14,14 21
b033bc3e-bbc6-11e8-b2bc-ac1f6b6435d0,25 11,11
b034d8b2-bbbc-11e8-b2ba-ac1f6b6435d0,23,7
b037ecb8-bbbd-11e8-b2ba-ac1f6b6435d0,7 1 2 0,0 1 2 7
b03ac9d2-bba5-11e8-b2ba-ac1f6b6435d0,7,7
b03c673c-bba6-11e8-b2ba-ac1f6b6435d0,4,4 23
b03f4a7e-bba6-11e8-b2ba-ac1f6b6435d0,24 25 0,0 2
b040d380-bbba-11e8-b2ba-ac1f6b6435d0,19 0,25
b0426c74-bb9f-11e8-b2b9-ac1f6b6435d0,25 13,13 25
b04321f0-bbbd-11e8-b2ba-ac1f6b6435d0,13 0,13
b044f0a4-bbc0-11e8-b2bb-ac1f6b6435d0,25 5 2,2 5 25
b0459b58-bbb1-11e8-b2ba-ac1f6b6435d0,11,22 23
b045c60c-bbb4-11e8-b2ba-ac1f6b6435d0,4,4
b04643dc-bbca-11e8-b2bc-ac1f6b6435d0,7,25
b047fef4-bbc3-11e8-b2bc-ac1f6b6435d0,25 1,0 1 25
b04bb3e0-bbb5-11e8-b2ba-ac1f6b6435d0,2 0,0 2
b04ef580-bbad-11e8-b2ba-ac1f6b6435d0,25 23 0,0 23
b04f4676-bbac-11e8-b2ba-ac1f6b6435d0,3 0,0 3
b050bb9c-bba1-11e8-b2b9-ac1f6b6435d0,16 0,0 16
b0514a5e-bba5-11e8-b2ba-ac1f6b6435d0,2 0,0
b052e0dc-bba3-11e8-b2b9-ac1f6b6435d0,18,13
b0548738-bbae-11e8-b2ba-ac1f6b6435d0,7,7
b05652ce-bbc8-11e8-b2bc-ac1f6b6435d0,2 0,0 3
b05a83f0-bbc6-11e8-b2bc-ac1f6b6435d0,11,11
b05b1322-bb9b-11e8-b2b9-ac1f6b6435d0,2 0,0 2
b05cebf2-bba0-11e8-b2b9-ac1f6b6435d0,14 3,3 14
b05fbd2c-bbb5-11e8-b2ba-ac1f6b6435d0,0,0
b061264e-bbc4-11e8-b2bc-ac1f6b6435d0,24,24
b06269b6-bb9a-11e8-b2b9-ac1f6b6435d0,2,2
b0633f62-bbc2-11e8-b2bc-ac1f6b6435d0,0,0
b063cfe0-bb9f-11e8-b2b9-ac1f6b6435d0,25,21 25
b06689ce-bbb8-11e8-b2ba-ac1f6b6435d0,25 18,0 25
b06fabc4-bbb0-11e8-b2ba-ac1f6b6435d0,7 2,2 7
b075a1c6-bba8-11e8-b2ba-ac1f6b6435d0,25 21,25
b0761312-bbb8-11e8-b2ba-ac1f6b6435d0,21,25
b0780108-bbaa-11e8-b2ba-ac1f6b6435d0,5,5
b07972d8-bbb7-11e8-b2ba-ac1f6b6435d0,25 0,0 25
b07bc1c4-bbb1-11e8-b2ba-ac1f6b6435d0,7 2 0,0 2 7
b07cd752-bbb2-11e8-b2ba-ac1f6b6435d0,25,25
b07d8ed6-bba3-11e8-b2b9-ac1f6b6435d0,15 5 0,0 5
b07daa4c-bb99-11e8-b2b9-ac1f6b6435d0,5,5
b07f66aa-bbc3-11e8-b2bc-ac1f6b6435d0,12,12
b07f8114-bbbc-11e8-b2ba-ac1f6b6435d0,0,0
b07fa0e8-bb9b-11e8-b2b9-ac1f6b6435d0,6,25
b080fe48-bbc3-11e8-b2bc-ac1f6b6435d0,3,3
b083de68-bba7-11e8-b2ba-ac1f6b6435d0,0 21,0 21
b0863f36-bbb7-11e8-b2ba-ac1f6b6435d0,25 0,0 21 25
b08847da-bba4-11e8-b2ba-ac1f6b6435d0,0 21,0 21
b088d220-bbc9-11e8-b2bc-ac1f6b6435d0,23 0,0 23
b08d19da-bbc3-11e8-b2bc-ac1f6b6435d0,25,25
b090aca0-bbc1-11e8-b2bb-ac1f6b6435d0,23,23
b092e138-bbc0-11e8-b2bb-ac1f6b6435d0,25 3,25
b093b75a-bbae-11e8-b2ba-ac1f6b6435d0,14,14
b098854c-bb99-11e8-b2b9-ac1f6b6435d0,21,25
b09bcd34-bbac-11e8-b2ba-ac1f6b6435d0,25 1 0,5 25
b09e2f66-bbb1-11e8-b2ba-ac1f6b6435d0,19 0,0 18
b09e6f00-bbaa-11e8-b2ba-ac1f6b6435d0,3 0,0 3
b09f4d84-bbb0-11e8-b2ba-ac1f6b6435d0,23 0,0 25
b09f53f8-bbc7-11e8-b2bc-ac1f6b6435d0,19 25,18 25
b0a06200-bbab-11e8-b2ba-ac1f6b6435d0,19 25,19 25
b0a1075a-bbba-11e8-b2ba-ac1f6b6435d0,7 0,0 7
b0a1bc60-bbc7-11e8-b2bc-ac1f6b6435d0,7,7 25
b0a1fb44-bbb3-11e8-b2ba-ac1f6b6435d0,0,0
b0a26566-bba9-11e8-b2ba-ac1f6b6435d0,1 0,0 1
b0a521bc-bbbc-11e8-b2ba-ac1f6b6435d0,0,0
b0a63cd8-bbb1-11e8-b2ba-ac1f6b6435d0,14,14
b0a777b0-bbb1-11e8-b2ba-ac1f6b6435d0,25 0,0
b0a88a3a-bba0-11e8-b2b9-ac1f6b6435d0,19 0,0 19
b0a97e86-bba5-11e8-b2ba-ac1f6b6435d0,25 13,13 21 25
b0aa8f80-bba8-11e8-b2ba-ac1f6b6435d0,0 21,21
b0ab2e6c-bba9-11e8-b2ba-ac1f6b6435d0,5,5
b0ac7112-bbab-11e8-b2ba-ac1f6b6435d0,7 0 21,0 7 21
b0ad66a8-bbc9-11e8-b2bc-ac1f6b6435d0,25 0,7 25
b0b05cfc-bb9a-11e8-b2b9-ac1f6b6435d0,23,2 23
b0b13c66-bbaa-11e8-b2ba-ac1f6b6435d0,16 15 2,2 15 16
b0b14f80-bbaf-11e8-b2ba-ac1f6b6435d0,13,13 25
b0b2041e-bbb1-11e8-b2ba-ac1f6b6435d0,23 2 0,2 23
b0b2dbb0-bbc9-11e8-b2bc-ac1f6b6435d0,5,19
b0b9c62a-bba4-11e8-b2ba-ac1f6b6435d0,25 0,0 25
b0baef0a-bbae-11e8-b2ba-ac1f6b6435d0,18,18
b0bcadd4-bbc4-11e8-b2bc-ac1f6b6435d0,5 0,5
b0bcd5de-bba6-11e8-b2ba-ac1f6b6435d0,25,25
b0be9084-bbbc-11e8-b2ba-ac1f6b6435d0,25 0,0 21
b0c05488-bbb1-11e8-b2ba-ac1f6b6435d0,25,25
b0c0ca4c-bba9-11e8-b2ba-ac1f6b6435d0,1 0,0 1
b0c0d52e-bbc6-11e8-b2bc-ac1f6b6435d0,2 0,0 2
b0c0e0e4-bba0-11e8-b2b9-ac1f6b6435d0,25 14,14 16 25
b0c129fe-bbb0-11e8-b2ba-ac1f6b6435d0,18,5 18
b0c1c4ea-bbc9-11e8-b2bc-ac1f6b6435d0,21,21
b0c21992-bbbd-11e8-b2ba-ac1f6b6435d0,24 2,24
b0c474c8-bbc5-11e8-b2bc-ac1f6b6435d0,23 0,0 23
b0ca2b50-bbb3-11e8-b2ba-ac1f6b6435d0,2,0 2 25
b0ce33f2-bbaf-11e8-b2ba-ac1f6b6435d0,2,2
b0cf52f0-bbaa-11e8-b2ba-ac1f6b6435d0,21,21
b0d10910-bbaf-11e8-b2ba-ac1f6b6435d0,0 21,0 25
b0d10fa2-bb99-11e8-b2b9-ac1f6b6435d0,25 7,7 25
b0d2ce8a-bba5-11e8-b2ba-ac1f6b6435d0,21,21
b0d6ea74-bbbe-11e8-b2ba-ac1f6b6435d0,23,23
b0d85e42-bba3-11e8-b2b9-ac1f6b6435d0,25 0,0 25
b0d8cdf4-bb9f-11e8-b2b9-ac1f6b6435d0,25 2,2 25
b0d9e2da-bbad-11e8-b2ba-ac1f6b6435d0,23 0,0
b0dad832-bbc8-11e8-b2bc-ac1f6b6435d0,5,5
b0e32a84-bbad-11e8-b2ba-ac1f6b6435d0,22 0,0 22
b0e5e916-bbc8-11e8-b2bc-ac1f6b6435d0,22 25,25
b0e66cd2-bba1-11e8-b2b9-ac1f6b6435d0,25 5 0,0 5 25
b0e84126-bbbd-11e8-b2ba-ac1f6b6435d0,25 21,7
b0e87b38-bba3-11e8-b2b9-ac1f6b6435d0,6,23
b0eb1494-bba6-11e8-b2ba-ac1f6b6435d0,2,2
b0ec62d2-bba0-11e8-b2b9-ac1f6b6435d0,25 18,18 19 25
b0f029d2-bbbc-11e8-b2ba-ac1f6b6435d0,14 0,0 14
b0f26dd8-bbca-11e8-b2bc-ac1f6b6435d0,24,24
b0f5218a-bb99-11e8-b2b9-ac1f6b6435d0,25 2,5 25
b0f5c9f6-bbc5-11e8-b2bc-ac1f6b6435d0,0,0
b0f6567e-bbb5-11e8-b2ba-ac1f6b6435d0,25 5,5 25
b0f785ca-bbca-11e8-b2bc-ac1f6b6435d0,25 4,0 25
b0f94c58-bbc4-11e8-b2bc-ac1f6b6435d0,5 0,0
b0fc2a12-bba7-11e8-b2ba-ac1f6b6435d0,19 0,0 19
b0fc6d14-bba8-11e8-b2ba-ac1f6b6435d0,25 4,21 25
b0fda4a8-bbb8-11e8-b2ba-ac1f6b6435d0,22 0 21,0 25
b107e7f0-bbaa-11e8-b2ba-ac1f6b6435d0,23,23
b107fcd8-bbb2-11e8-b2ba-ac1f6b6435d0,9,7
b10b6080-bbad-11e8-b2ba-ac1f6b6435d0,25,7
b10cbf66-bba3-11e8-b2b9-ac1f6b6435d0,25 0,0 25
b1131086-bb9f-11e8-b2b9-ac1f6b6435d0,23 27,23
b119bade-bbaf-11e8-b2ba-ac1f6b6435d0,4 21,4
b119f3b4-bbbe-11e8-b2ba-ac1f6b6435d0,5,5
b11aff32-bbbb-11e8-b2ba-ac1f6b6435d0,5,5
b11dc8c0-bba2-11e8-b2b9-ac1f6b6435d0,25,25
b1226d78-bbaa-11e8-b2ba-ac1f6b6435d0,1 2,0 1 2
b127a396-bbab-11e8-b2ba-ac1f6b6435d0,25 2 0,0 2 25
b12b316e-bbbf-11e8-b2bb-ac1f6b6435d0,4,4
b12c1c42-bbaf-11e8-b2ba-ac1f6b6435d0,25,25
b12cd5c2-bba2-11e8-b2b9-ac1f6b6435d0,25 21,25
b13175f6-bbab-11e8-b2ba-ac1f6b6435d0,4,4
b131c7b2-bb9d-11e8-b2b9-ac1f6b6435d0,0,0
b1340240-bbbe-11e8-b2ba-ac1f6b6435d0,5 0,5
b1371ab2-bb9f-11e8-b2b9-ac1f6b6435d0,5,5
b1375202-bb9f-11e8-b2b9-ac1f6b6435d0,25 3 0,0 3 25
b137835a-bbbb-11e8-b2ba-ac1f6b6435d0,7 21,7
b1396638-bb99-11e8-b2b9-ac1f6b6435d0,14,14
b13a94ae-bbbc-11e8-b2ba-ac1f6b6435d0,22 7 0,7
b14147fe-bba3-11e8-b2b9-ac1f6b6435d0,18,18
b14479dc-bbb8-11e8-b2ba-ac1f6b6435d0,7 2 0,0 2 7
b144b00e-bbbe-11e8-b2ba-ac1f6b6435d0,25 21,21 25
b14731f4-bb9f-11e8-b2b9-ac1f6b6435d0,0,0
b14c5b18-bba2-11e8-b2b9-ac1f6b6435d0,25 0,25
b1504cc0-bbc8-11e8-b2bc-ac1f6b6435d0,1 3,0 1 2
b150571e-bbab-11e8-b2ba-ac1f6b6435d0,22 4,22
b1509864-bbc9-11e8-b2bc-ac1f6b6435d0,5,5
b15261ec-bb99-11e8-b2b9-ac1f6b6435d0,4,4
b1526b8c-bbb3-11e8-b2ba-ac1f6b6435d0,4,4 26
b1546a36-bbc7-11e8-b2bc-ac1f6b6435d0,2 0,0 25
b157d03e-bba1-11e8-b2b9-ac1f6b6435d0,19 0,0 19
b1580866-bbb4-11e8-b2ba-ac1f6b6435d0,25 5,25 26
b158b384-bbbd-11e8-b2ba-ac1f6b6435d0,0 21,0 19 21
b15ee952-bbb3-11e8-b2ba-ac1f6b6435d0,4,4
b160ae18-bbae-11e8-b2ba-ac1f6b6435d0,25,21 25
b160bf7e-bbb4-11e8-b2ba-ac1f6b6435d0,2,2
b161b936-bbac-11e8-b2ba-ac1f6b6435d0,19,0 18 19
b162f3a2-bbc8-11e8-b2bc-ac1f6b6435d0,3 0,0 3 25
b165758e-bbc6-11e8-b2bc-ac1f6b6435d0,19,19
b1685f6e-bbb8-11e8-b2ba-ac1f6b6435d0,7,7
b1688ce2-bb9e-11e8-b2b9-ac1f6b6435d0,25,23
b16fa0ec-bbc9-11e8-b2bc-ac1f6b6435d0,25 0,0 25
b16fc6da-bbc9-11e8-b2bc-ac1f6b6435d0,23,23
b1742dd8-bbab-11e8-b2ba-ac1f6b6435d0,25 7,25
b17637a0-bbb9-11e8-b2ba-ac1f6b6435d0,19 21,19 25
b177b83a-bba7-11e8-b2ba-ac1f6b6435d0,3,0
b177b9a8-bbba-11e8-b2ba-ac1f6b6435d0,25,25
b178b306-bb99-11e8-b2b9-ac1f6b6435d0,22,22
b1792354-bb99-11e8-b2b9-ac1f6b6435d0,25 0,0 25
b17c580a-bba6-11e8-b2ba-ac1f6b6435d0,25 2,2 6 25
b17ea5ba-bbc4-11e8-b2bc-ac1f6b6435d0,5 0,5 25
b17f9326-bbb0-11e8-b2ba-ac1f6b6435d0,19,25 26
b183cdf8-bbc7-11e8-b2bc-ac1f6b6435d0,25 0,0 1 25
b1853d4a-bbb4-11e8-b2ba-ac1f6b6435d0,23 0,0 23
b1897240-bbc1-11e8-b2bb-ac1f6b6435d0,25 0,25
b18ce31c-bb99-11e8-b2b9-ac1f6b6435d0,7 11 14,14 25
b19153c4-bb9f-11e8-b2b9-ac1f6b6435d0,19 0 21,0 19 21 25
b1925818-bbc3-11e8-b2bc-ac1f6b6435d0,7,7
b194ecba-bbc6-11e8-b2bc-ac1f6b6435d0,7 0,0 25
b19754b0-bbb6-11e8-b2ba-ac1f6b6435d0,4,4
b1985fcc-bbbb-11e8-b2ba-ac1f6b6435d0,2,2
b19a2dca-bba2-11e8-b2b9-ac1f6b6435d0,3 0,0
b19b1976-bbb9-11e8-b2ba-ac1f6b6435d0,7 0,0 7 25
b1a16884-bba6-11e8-b2ba-ac1f6b6435d0,23 2 0,0 2 23
b1a19f72-bba4-11e8-b2ba-ac1f6b6435d0,4,4
b1a1b6b8-bbc9-11e8-b2bc-ac1f6b6435d0,25,10
b1a280dc-bbbc-11e8-b2ba-ac1f6b6435d0,22 0,0 22
b1a4593c-bbaa-11e8-b2ba-ac1f6b6435d0,7 0,0 7
b1a6918e-bbc3-11e8-b2bc-ac1f6b6435d0,25 4,0 25
b1a949b8-bbc0-11e8-b2bb-ac1f6b6435d0,5 0 21,21
b1a97fc8-bbc5-11e8-b2bc-ac1f6b6435d0,25 4 21,4 21 25
b1a99354-bbb7-11e8-b2ba-ac1f6b6435d0,4,4 26
b1ab6cc6-bbab-11e8-b2ba-ac1f6b6435d0,25 2,2 25
b1abc726-bbaa-11e8-b2ba-ac1f6b6435d0,11,11 25
b1ae3df4-bb9a-11e8-b2b9-ac1f6b6435d0,23,23
b1b14c92-bb9a-11e8-b2b9-ac1f6b6435d0,2 0,0
b1b14d8c-bbb8-11e8-b2ba-ac1f6b6435d0,25 6 2,24
b1b1b8dc-bbc0-11e8-b2bb-ac1f6b6435d0,0 21,0 21
b1b2ae1e-bbc4-11e8-b2bc-ac1f6b6435d0,25 0,0
b1b38396-bbb2-11e8-b2ba-ac1f6b6435d0,23,23
b1b5dc7e-bbb5-11e8-b2ba-ac1f6b6435d0,0,0
b1b61674-bbc6-11e8-b2bc-ac1f6b6435d0,19,19
b1b63c66-bbbd-11e8-b2ba-ac1f6b6435d0,14,14 21
b1b68e32-bb9a-11e8-b2b9-ac1f6b6435d0,7,7
b1bb6dca-bbbe-11e8-b2ba-ac1f6b6435d0,5 2 0,0
b1bd2574-bb9c-11e8-b2b9-ac1f6b6435d0,25 13,13 25
b1bfa428-bb9e-11e8-b2b9-ac1f6b6435d0,0,0
b1c0d418-bbaa-11e8-b2ba-ac1f6b6435d0,0,0
b1c1d392-bbb2-11e8-b2ba-ac1f6b6435d0,25,25
b1c611e8-bba6-11e8-b2ba-ac1f6b6435d0,4,4
b1c7e3ce-bbc4-11e8-b2bc-ac1f6b6435d0,25,25
b1ca1c8a-bbc8-11e8-b2bc-ac1f6b6435d0,7,7
b1ca2b40-bbbd-11e8-b2ba-ac1f6b6435d0,25 0,0 21 25
b1cb0b30-bba6-11e8-b2ba-ac1f6b6435d0,4 21,4 12
b1cbf75a-bbb2-11e8-b2ba-ac1f6b6435d0,21,21
b1ceb10a-bba5-11e8-b2ba-ac1f6b6435d0,0,0 25
b1d51dac-bbb8-11e8-b2ba-ac1f6b6435d0,11,11
b1d943c2-bbb9-11e8-b2ba-ac1f6b6435d0,7 2 0,0 2 7
b1dd46be-bbca-11e8-b2bc-ac1f6b6435d0,25 0,0 21 25
b1e2a76e-bbb4-11e8-b2ba-ac1f6b6435d0,5,5 25
b1e2ccc6-bba5-11e8-b2ba-ac1f6b6435d0,13,13 25
b1e354a4-bbb2-11e8-b2ba-ac1f6b6435d0,14 0,0 14 16
b1e510b6-bbb0-11e8-b2ba-ac1f6b6435d0,5 0,0 5
b1e6e464-bba5-11e8-b2ba-ac1f6b6435d0,11,11
b1e815fa-bbaf-11e8-b2ba-ac1f6b6435d0,4,4
b1ecda72-bbbe-11e8-b2ba-ac1f6b6435d0,14 0,0 14 25
b1eff07e-bbad-11e8-b2ba-ac1f6b6435d0,25 23,6
b1f15f50-bbac-11e8-b2ba-ac1f6b6435d0,7 0,0 7
b1f38fcc-bbc6-11e8-b2bc-ac1f6b6435d0,2 0,0 2
b1f5e978-bba0-11e8-b2b9-ac1f6b6435d0,25 0,0 25
b1f8c32c-bbab-11e8-b2ba-ac1f6b6435d0,25,25
b1f8e5ec-bb9b-11e8-b2b9-ac1f6b6435d0,13 0,0 12
b1f8f94a-bbb6-11e8-b2ba-ac1f6b6435d0,7,7
b1fa4f74-bbb2-11e8-b2ba-ac1f6b6435d0,25 4,4
b1fd733a-bb9d-11e8-b2b9-ac1f6b6435d0,0,0
b1fe4170-bbac-11e8-b2ba-ac1f6b6435d0,2,0 2
b1ffa7b8-bbc5-11e8-b2bc-ac1f6b6435d0,3,3
b2020902-bbbd-11e8-b2ba-ac1f6b6435d0,23 0,0 23
b202d012-bbb8-11e8-b2ba-ac1f6b6435d0,5,5
b20395ac-bb99-11e8-b2b9-ac1f6b6435d0,4,4
b205b15e-bba1-11e8-b2b9-ac1f6b6435d0,25 2,2 25
b20b1bc4-bbb2-11e8-b2ba-ac1f6b6435d0,4,4
b20c91ee-bbac-11e8-b2ba-ac1f6b6435d0,7,7
b213106a-bba1-11e8-b2b9-ac1f6b6435d0,21,21
b215a6da-bba2-11e8-b2b9-ac1f6b6435d0,7,7
b2167590-bba9-11e8-b2ba-ac1f6b6435d0,5 0,0 5
b2208d70-bba2-11e8-b2b9-ac1f6b6435d0,16 25 0,0 25
b220a974-bba0-11e8-b2b9-ac1f6b6435d0,4,4
b2219f3c-bbb4-11e8-b2ba-ac1f6b6435d0,3 0,0 3
b2253adc-bbc0-11e8-b2bb-ac1f6b6435d0,25,0 25
b2273384-bbaf-11e8-b2ba-ac1f6b6435d0,2 0,25
b22a3178-bbba-11e8-b2ba-ac1f6b6435d0,25 2,2 25
b22aac62-bb9b-11e8-b2b9-ac1f6b6435d0,25 2 0,0 2 25
b22d106e-bbba-11e8-b2ba-ac1f6b6435d0,25 0,0 25
b232eb48-bbc8-11e8-b2bc-ac1f6b6435d0,25 0,0 23
b2355c84-bbaa-11e8-b2ba-ac1f6b6435d0,25 0,0 21 25
b235ac02-bba0-11e8-b2b9-ac1f6b6435d0,7,25
b235f60c-bbb5-11e8-b2ba-ac1f6b6435d0,1 0,0 1
b237f188-bba5-11e8-b2ba-ac1f6b6435d0,25 0,25
b238f594-bb99-11e8-b2b9-ac1f6b6435d0,11,11
b23a91bc-bbba-11e8-b2ba-ac1f6b6435d0,0 21,0 21 25
b23bcc42-bba8-11e8-b2ba-ac1f6b6435d0,23,23
b23c1e68-bba8-11e8-b2ba-ac1f6b6435d0,2 0,0 2
b243e9ca-bbaf-11e8-b2ba-ac1f6b6435d0,25 13 0,0 13 25
b2452424-bba6-11e8-b2ba-ac1f6b6435d0,25,0 25
b24601e4-bbad-11e8-b2ba-ac1f6b6435d0,4,0 5
b2483a96-bbb1-11e8-b2ba-ac1f6b6435d0,23,23
b24e7406-bba2-11e8-b2b9-ac1f6b6435d0,25,21 25
b24edf8e-bbc7-11e8-b2bc-ac1f6b6435d0,21,14
b2527290-bbca-11e8-b2bc-ac1f6b6435d0,7 0,0 7
b2529bb4-bbc8-11e8-b2bc-ac1f6b6435d0,25 0,0 25
b2530b4a-bb9a-11e8-b2b9-ac1f6b6435d0,23,23
b253d312-bbb9-11e8-b2ba-ac1f6b6435d0,4,4 25
b25f29b0-bb9b-11e8-b2b9-ac1f6b6435d0,0,0
b260e7f8-bbbb-11e8-b2ba-ac1f6b6435d0,0,0 25
b2612838-bba4-11e8-b2ba-ac1f6b6435d0,0,0
b2653608-bba9-11e8-b2ba-ac1f6b6435d0,7,7
b2655a3a-bbc1-11e8-b2bb-ac1f6b6435d0,24 25,25
b2673432-bba2-11e8-b2b9-ac1f6b6435d0,18 0,0 18
b26c2ef0-bba8-11e8-b2ba-ac1f6b6435d0,25 0,0 25
b26dcd26-bbaf-11e8-b2ba-ac1f6b6435d0,0 21,0 25
b27055c6-bbb1-11e8-b2ba-ac1f6b6435d0,13,5
b27353d0-bbb0-11e8-b2ba-ac1f6b6435d0,4,4
b275491c-bbb3-11e8-b2ba-ac1f6b6435d0,25 0,0 7
b2774ce0-bbb2-11e8-b2ba-ac1f6b6435d0,0,0 25
b278c1ea-bba5-11e8-b2ba-ac1f6b6435d0,22 1,0 1
b279518a-bba7-11e8-b2ba-ac1f6b6435d0,0,0
b279cc60-bbc4-11e8-b2bc-ac1f6b6435d0,25 4,4 25
b27d1f6e-bbc9-11e8-b2bc-ac1f6b6435d0,25 5,25
b27ee348-bbbb-11e8-b2ba-ac1f6b6435d0,3 0,0 2 3
b2801d24-bbae-11e8-b2ba-ac1f6b6435d0,1 0,0 1 25
b2803ac8-bb9c-11e8-b2b9-ac1f6b6435d0,4,0
b285b552-bbb5-11e8-b2ba-ac1f6b6435d0,13,13
b28634ba-bbaa-11e8-b2ba-ac1f6b6435d0,19 0,0 19
b28c994e-bbb0-11e8-b2ba-ac1f6b6435d0,5 0,5
b28d871a-bbaf-11e8-b2ba-ac1f6b6435d0,25 7,25
b28ea462-bbbc-11e8-b2ba-ac1f6b6435d0,3,3
b28fa5b8-bba5-11e8-b2ba-ac1f6b6435d0,22,22
b290479a-bbb2-11e8-b2ba-ac1f6b6435d0,0,4
b292fdac-bbc9-11e8-b2bc-ac1f6b6435d0,0 21,0
b2937b7e-bbc4-11e8-b2bc-ac1f6b6435d0,25 23,23
b2951e64-bb9e-11e8-b2b9-ac1f6b6435d0,7,7
b29689aa-bbb4-11e8-b2ba-ac1f6b6435d0,0,0
b29848c6-bbaa-11e8-b2ba-ac1f6b6435d0,6,6
b2989b98-bba8-11e8-b2ba-ac1f6b6435d0,22,22
b298cc74-bbb9-11e8-b2ba-ac1f6b6435d0,25,25
b299ce56-bbc0-11e8-b2bb-ac1f6b6435d0,0,0 2
b29cffca-bb9a-11e8-b2b9-ac1f6b6435d0,25 5 0,0 5 21
b29e0a4a-bbbe-11e8-b2ba-ac1f6b6435d0,19,25
b29e921e-bbc6-11e8-b2bc-ac1f6b6435d0,19 0,0
b2a03976-bbca-11e8-b2bc-ac1f6b6435d0,23,0 23
b2a28e60-bbb6-11e8-b2ba-ac1f6b6435d0,25 0,0 25
b2a40862-bbac-11e8-b2ba-ac1f6b6435d0,22,21 22
b2a44178-bba3-11e8-b2b9-ac1f6b6435d0,25 6 2,2 6 25
b2a966c2-bba7-11e8-b2ba-ac1f6b6435d0,4 21,4 21
b2abb84a-bbc6-11e8-b2bc-ac1f6b6435d0,23,23
b2b3dd04-bbb7-11e8-b2ba-ac1f6b6435d0,2 0,0 2
b2b657f8-bbc8-11e8-b2bc-ac1f6b6435d0,0,0
b2b7ea5c-bbb7-11e8-b2ba-ac1f6b6435d0,25 13,21
b2ba3fdc-bb99-11e8-b2b9-ac1f6b6435d0,23,23
b2bb118c-bbb7-11e8-b2ba-ac1f6b6435d0,4,4
b2bb66c2-bbb3-11e8-b2ba-ac1f6b6435d0,25 3 0,3 25
b2bca778-bb9d-11e8-b2b9-ac1f6b6435d0,0,0
b2be445e-bbc8-11e8-b2bc-ac1f6b6435d0,25 0,0 25
b2c12716-bba8-11e8-b2ba-ac1f6b6435d0,25 21,25
b2c2d08c-bbb4-11e8-b2ba-ac1f6b6435d0,25 0,25
b2c3877a-bbbe-11e8-b2ba-ac1f6b6435d0,7,20
b2c7f3d8-bb9a-11e8-b2b9-ac1f6b6435d0,0,0
b2c81708-bbbf-11e8-b2bb-ac1f6b6435d0,13 5 0,0 5
b2ca15de-bba7-11e8-b2ba-ac1f6b6435d0,22 0,0 22
b2ccee50-bba0-11e8-b2b9-ac1f6b6435d0,3,3
b2cd3084-bbac-11e8-b2ba-ac1f6b6435d0,4,0
b2d1c07e-bbb4-11e8-b2ba-ac1f6b6435d0,4,4
b2d27ca8-bba5-11e8-b2ba-ac1f6b6435d0,23 0,0 23
b2d9490e-bb99-11e8-b2b9-ac1f6b6435d0,25 7 0,0 7 25
b2dc83d6-bbbb-11e8-b2ba-ac1f6b6435d0,0,0 7 25
b2dec922-bbc8-11e8-b2bc-ac1f6b6435d0,2 0,0 3
b2df7098-bba0-11e8-b2b9-ac1f6b6435d0,2,2
b2e0c0d0-bbc1-11e8-b2bb-ac1f6b6435d0,23,23
b2e5ede2-bbb9-11e8-b2ba-ac1f6b6435d0,6,6 25
b2e8d772-bbc9-11e8-b2bc-ac1f6b6435d0,24,24
b2e917a4-bbac-11e8-b2ba-ac1f6b6435d0,18,14
b2ec3b4c-bba1-11e8-b2b9-ac1f6b6435d0,8,8 20
b2f0755c-bb9e-11e8-b2b9-ac1f6b6435d0,0,0
b2f0b1d6-bbba-11e8-b2ba-ac1f6b6435d0,25,0 25
b2f261de-bbb0-11e8-b2ba-ac1f6b6435d0,5 21,0 21
b2f4cbd2-bbc8-11e8-b2bc-ac1f6b6435d0,25 0,0 25
b2f66bfa-bbae-11e8-b2ba-ac1f6b6435d0,0,0
b2f767da-bbb8-11e8-b2ba-ac1f6b6435d0,25 0,0 25
b2fcd728-bba0-11e8-b2b9-ac1f6b6435d0,11 0,0
b2fdc23a-bba2-11e8-b2b9-ac1f6b6435d0,25,21 25
b3006a56-bbc7-11e8-b2bc-ac1f6b6435d0,14,14
b3017f98-bbab-11e8-b2ba-ac1f6b6435d0,3 0,0 3
b301932e-bbb6-11e8-b2ba-ac1f6b6435d0,25 0,0 25
b3033b86-bbbe-11e8-b2ba-ac1f6b6435d0,0,0 25
b304b470-bbb9-11e8-b2ba-ac1f6b6435d0,0,0
b307c5ea-bbc1-11e8-b2bb-ac1f6b6435d0,23 2,2 23
b30801a8-bbae-11e8-b2ba-ac1f6b6435d0,7,7
b30851c2-bba3-11e8-b2b9-ac1f6b6435d0,14,14 25
b309330e-bbc0-11e8-b2bb-ac1f6b6435d0,6,6
b30a2d82-bbc4-11e8-b2bc-ac1f6b6435d0,13 18,25
b30b4f14-bbab-11e8-b2ba-ac1f6b6435d0,23 0,0 23
b30d21bc-bba7-11e8-b2ba-ac1f6b6435d0,1 0 21,1 21
b30ed7e4-bbb3-11e8-b2ba-ac1f6b6435d0,2 0,0 2
b30ff0e0-bbbb-11e8-b2ba-ac1f6b6435d0,26 21,21 25
b314b0e6-bbbe-11e8-b2ba-ac1f6b6435d0,18 0,0 19
b319935c-bb9d-11e8-b2b9-ac1f6b6435d0,25 0,0 25
b31bc15c-bbb3-11e8-b2ba-ac1f6b6435d0,25 7 21,7 25
b323acec-bbb2-11e8-b2ba-ac1f6b6435d0,4,4
b3267f2e-bbb9-11e8-b2ba-ac1f6b6435d0,5,0 5
b327efac-bbbf-11e8-b2bb-ac1f6b6435d0,0 21,0 21
b32bd344-bb9f-11e8-b2b9-ac1f6b6435d0,7 0,0 7
b32bf5ee-bba5-11e8-b2ba-ac1f6b6435d0,23 2 21,2 23
b3305942-bbad-11e8-b2ba-ac1f6b6435d0,25 0 21,0
b3307f7a-bba9-11e8-b2ba-ac1f6b6435d0,2 0,0 2
b330f354-bbb0-11e8-b2ba-ac1f6b6435d0,2 0,0 2
b337c970-bbb7-11e8-b2ba-ac1f6b6435d0,26,26
b3380770-bbb0-11e8-b2ba-ac1f6b6435d0,22 4,22
b33cfa9a-bba7-11e8-b2ba-ac1f6b6435d0,18,18
b33ee92c-bbc0-11e8-b2bb-ac1f6b6435d0,5 0,0 5
b3436eb4-bbbd-11e8-b2ba-ac1f6b6435d0,25 7,7
b3480ffe-bbbe-11e8-b2ba-ac1f6b6435d0,2,2
b3485ff4-bb9b-11e8-b2b9-ac1f6b6435d0,6 0,0 2 21
b3491008-bb9f-11e8-b2b9-ac1f6b6435d0,23,20 23
b34958f4-bb9c-11e8-b2b9-ac1f6b6435d0,25 0,0 25
b34a3372-bba2-11e8-b2b9-ac1f6b6435d0,6 0,1 6
b34ab50c-bbae-11e8-b2ba-ac1f6b6435d0,25,17 25
b3517592-bba7-11e8-b2ba-ac1f6b6435d0,3 0,0
b351820a-bbc3-11e8-b2bc-ac1f6b6435d0,25,16 17 25
b352ed0c-bb9b-11e8-b2b9-ac1f6b6435d0,0,0
b354e186-bbad-11e8-b2ba-ac1f6b6435d0,14,14
b35db142-bbc3-11e8-b2bc-ac1f6b6435d0,0,0
b36313fa-bbbc-11e8-b2ba-ac1f6b6435d0,5 0,5
b365e586-bb9d-11e8-b2b9-ac1f6b6435d0,21,21
b367962a-bbc9-11e8-b2bc-ac1f6b6435d0,25 1,0 1
b368a2ae-bba1-11e8-b2b9-ac1f6b6435d0,18,19
b369cdf6-bba0-11e8-b2b9-ac1f6b6435d0,25 18,18 25
b36b6376-bbc0-11e8-b2bb-ac1f6b6435d0,4,4
b36b9312-bb9f-11e8-b2b9-ac1f6b6435d0,2 0 21,0 2
b36bfd46-bba6-11e8-b2ba-ac1f6b6435d0,1 0,0 1
b36c62ba-bb9a-11e8-b2b9-ac1f6b6435d0,3,2
b36ccd46-bbad-11e8-b2ba-ac1f6b6435d0,20,20
b36d4b94-bbb3-11e8-b2ba-ac1f6b6435d0,25 21,0 21 25
b36fae8a-bbad-11e8-b2ba-ac1f6b6435d0,2 0,0 2
b3709ebe-bbba-11e8-b2ba-ac1f6b6435d0,4,4
b374ab58-bbb0-11e8-b2ba-ac1f6b6435d0,23 0,0 23
b3762a78-bba1-11e8-b2b9-ac1f6b6435d0,11,11
b3773316-bbb8-11e8-b2ba-ac1f6b6435d0,16 25 0,0 16
b377bbba-bba4-11e8-b2ba-ac1f6b6435d0,21,21
b378635e-bba8-11e8-b2ba-ac1f6b6435d0,7,23
b37a132a-bb9e-11e8-b2b9-ac1f6b6435d0,4,4
b37a6f7a-bbb0-11e8-b2ba-ac1f6b6435d0,25 7,7 25
b37d0310-bbca-11e8-b2bc-ac1f6b6435d0,23,23
b37db104-bb9b-11e8-b2b9-ac1f6b6435d0,11,11
b37e0f12-bb9d-11e8-b2b9-ac1f6b6435d0,23,23
b385591c-bbba-11e8-b2ba-ac1f6b6435d0,25 0,0 5 25
b38850ea-bbb5-11e8-b2ba-ac1f6b6435d0,23,23
b38e2f54-bbbc-11e8-b2ba-ac1f6b6435d0,23,23
b39203e2-bbab-11e8-b2ba-ac1f6b6435d0,25 13 21,21 25
b3921d28-bbbf-11e8-b2bb-ac1f6b6435d0,0 21,0 21
b3923022-bba3-11e8-b2b9-ac1f6b6435d0,26,22
b3938b94-bbb1-11e8-b2ba-ac1f6b6435d0,18,18
b399caf0-bbb0-11e8-b2ba-ac1f6b6435d0,3,3
b39b85d0-bbc3-11e8-b2bc-ac1f6b6435d0,18,19
b39b967a-bbae-11e8-b2ba-ac1f6b6435d0,23,23
b39d085e-bb9d-11e8-b2b9-ac1f6b6435d0,19,19 25
b39f710e-bba0-11e8-b2b9-ac1f6b6435d0,7,7
b39f8d1a-bbb9-11e8-b2ba-ac1f6b6435d0,25 3,3
b39fefcc-bb9f-11e8-b2b9-ac1f6b6435d0,7 0,0 7
b3a016da-bbb5-11e8-b2ba-ac1f6b6435d0,25 0 21,0 21 25
b3a29362-bb9a-11e8-b2b9-ac1f6b6435d0,25 0,0 25
b3a3c22e-bbc6-11e8-b2bc-ac1f6b6435d0,11,11
b3a61ef2-bbc6-11e8-b2bc-ac1f6b6435d0,12,0
b3a6e510-bbb9-11e8-b2ba-ac1f6b6435d0,16 25,14
b3a73a52-bbc7-11e8-b2bc-ac1f6b6435d0,25,0 14 25
b3a934d0-bbc5-11e8-b2bc-ac1f6b6435d0,0,0 25
b3ac5b88-bbb1-11e8-b2ba-ac1f6b6435d0,25 0 21,0 25
b3ae840c-bba8-11e8-b2ba-ac1f6b6435d0,0,0 25
b3aef220-bb99-11e8-b2b9-ac1f6b6435d0,2,2
b3b562e8-bbbe-11e8-b2ba-ac1f6b6435d0,0,0
b3b7b13a-bbc1-11e8-b2bb-ac1f6b6435d0,14 0,0 14
b3b89c0a-bbbf-11e8-b2bb-ac1f6b6435d0,22 25,22
b3b8c7b6-bba6-11e8-b2ba-ac1f6b6435d0,25 21,25
b3bd5a82-bb9d-11e8-b2b9-ac1f6b6435d0,23,20 23
b3be779e-bba9-11e8-b2ba-ac1f6b6435d0,25 0,0 25
b3c20e0e-bbc2-11e8-b2bc-ac1f6b6435d0,25 0,0
b3c27b4a-bbb9-11e8-b2ba-ac1f6b6435d0,25 7,7
b3c7b0d8-bba0-11e8-b2b9-ac1f6b6435d0,5,5
b3c7f15c-bb9a-11e8-b2b9-ac1f6b6435d0,25,0 7 25
b3c911dc-bbb7-11e8-b2ba-ac1f6b6435d0,23 0,0 23
b3ce2d7a-bbc1-11e8-b2bb-ac1f6b6435d0,14,2 14
b3cedf90-bbb2-11e8-b2ba-ac1f6b6435d0,6 1,1
b3cf3ca8-bba1-11e8-b2b9-ac1f6b6435d0,20,20
b3cf911e-bbc7-11e8-b2bc-ac1f6b6435d0,2 0,4
b3cfe7da-bbc3-11e8-b2bc-ac1f6b6435d0,25 0,0 25
b3d2ef64-bbbb-11e8-b2ba-ac1f6b6435d0,18,21
b3d3b046-bb9a-11e8-b2b9-ac1f6b6435d0,25 0,0 23
b3d64dc8-bbaf-11e8-b2ba-ac1f6b6435d0,25 2 0,2 11
b3d6b02e-bbb9-11e8-b2ba-ac1f6b6435d0,25 21,21 25
b3dddae8-bbb9-11e8-b2ba-ac1f6b6435d0,25 0 21,25
b3e1ca10-bbad-11e8-b2ba-ac1f6b6435d0,25 0,0 25
b3e44540-bbb9-11e8-b2ba-ac1f6b6435d0,25 0,0 25
b3e48caa-bb99-11e8-b2b9-ac1f6b6435d0,25 0,0 12
b3e682e6-bbc9-11e8-b2bc-ac1f6b6435d0,25 1,1 25
b3e72978-bbc2-11e8-b2bc-ac1f6b6435d0,7 0,0 7
b3e838c8-bbb2-11e8-b2ba-ac1f6b6435d0,25 2 0,0 2 25
b3e8d9de-bbaa-11e8-b2ba-ac1f6b6435d0,22 25 0,0 21 25
b3f18be6-bbbf-11e8-b2bb-ac1f6b6435d0,0 21,0 21 25
b3f43018-bbaf-11e8-b2ba-ac1f6b6435d0,25,5 25
b3f4debc-bbca-11e8-b2bc-ac1f6b6435d0,19 0,0
b3f6abc2-bba5-11e8-b2ba-ac1f6b6435d0,1 0,0 1
b3f7b7d8-bb9b-11e8-b2b9-ac1f6b6435d0,12 0,12
b3f8d74a-bbbd-11e8-b2ba-ac1f6b6435d0,25,13
b3fa009e-bbbc-11e8-b2ba-ac1f6b6435d0,25 2,25
b3fa54f6-bbb0-11e8-b2ba-ac1f6b6435d0,0,0
b3fc2b68-bb9d-11e8-b2b9-ac1f6b6435d0,0,0
b3fe4f60-bbc5-11e8-b2bc-ac1f6b6435d0,23 0,23
b3fec69e-bbb0-11e8-b2ba-ac1f6b6435d0,3 0,0 2 3
b3fecd50-bbac-11e8-b2ba-ac1f6b6435d0,1 2 0,0 1 2
b402b8d2-bbc2-11e8-b2bc-ac1f6b6435d0,18,18
b402ecf0-bbc0-11e8-b2bb-ac1f6b6435d0,23,0 23
b404ca62-bbc4-11e8-b2bc-ac1f6b6435d0,7,7
b404cfa8-bb9c-11e8-b2b9-ac1f6b6435d0,1 0,0 1
b406d674-bb9f-11e8-b2b9-ac1f6b6435d0,11,11
b40a185e-bbbb-11e8-b2ba-ac1f6b6435d0,6,6 25
b40fb3ca-bbc2-11e8-b2bc-ac1f6b6435d0,25 0,0 25
b4102426-bbaf-11e8-b2ba-ac1f6b6435d0,7 2 0,0 7
b411f9f4-bbaa-11e8-b2ba-ac1f6b6435d0,25 5 0,5 25
b4200c8c-bbc4-11e8-b2bc-ac1f6b6435d0,25 5,5 25
b421ec58-bbc6-11e8-b2bc-ac1f6b6435d0,25 2 0,0 2 25
b42540a8-bb9c-11e8-b2b9-ac1f6b6435d0,25 21,0 25
b425b452-bbba-11e8-b2ba-ac1f6b6435d0,25 21,21 25
b426b420-bbc3-11e8-b2bc-ac1f6b6435d0,25 7 0 21,21 25
b426c2b8-bb9a-11e8-b2b9-ac1f6b6435d0,5 0,0
b42a3d16-bbc3-11e8-b2bc-ac1f6b6435d0,0,0 25
b42cd350-bbbe-11e8-b2ba-ac1f6b6435d0,11,11
b4314c42-bb9f-11e8-b2b9-ac1f6b6435d0,21,21
b43150e8-bbbd-11e8-b2ba-ac1f6b6435d0,5 0,0 5
b433c0a6-bbb0-11e8-b2ba-ac1f6b6435d0,23 0,0 23
b4347060-bb9b-11e8-b2b9-ac1f6b6435d0,19 25 0,0 19
b434e704-bbc6-11e8-b2bc-ac1f6b6435d0,23,23
b43ac134-bbc0-11e8-b2bb-ac1f6b6435d0,5 2 0,0 5
b4404912-bbaa-11e8-b2ba-ac1f6b6435d0,19,19
b4415b52-bbb1-11e8-b2ba-ac1f6b6435d0,7,7
b441cd36-bbba-11e8-b2ba-ac1f6b6435d0,4,4
b444bb62-bba2-11e8-b2b9-ac1f6b6435d0,4,4
b444e240-bbb1-11e8-b2ba-ac1f6b6435d0,21,21
b445c832-bbc9-11e8-b2bc-ac1f6b6435d0,25 14 0,0 14 25
b449a0a6-bbb5-11e8-b2ba-ac1f6b6435d0,0,0
b44b8110-bb9b-11e8-b2b9-ac1f6b6435d0,22 0,0 22
b44ba702-bbbf-11e8-b2bb-ac1f6b6435d0,25 23 2,2 23 25
b44df532-bbc1-11e8-b2bb-ac1f6b6435d0,2 0,0 2
b44fbc9c-bbb1-11e8-b2ba-ac1f6b6435d0,14,14
b4538ba2-bbb0-11e8-b2ba-ac1f6b6435d0,1 2 0,0 1 2
b45471f0-bba3-11e8-b2b9-ac1f6b6435d0,25,25
b456debe-bbbb-11e8-b2ba-ac1f6b6435d0,19,5
b45b9270-bbbf-11e8-b2bb-ac1f6b6435d0,12 0,0
b45c53b4-bbaa-11e8-b2ba-ac1f6b6435d0,7,7
b45f2386-bbb0-11e8-b2ba-ac1f6b6435d0,25,7 25
b4604b80-bb9c-11e8-b2b9-ac1f6b6435d0,11,0 7 11
b4618806-bbba-11e8-b2ba-ac1f6b6435d0,7 0,0 7
b46214d0-bbb8-11e8-b2ba-ac1f6b6435d0,23 5,5
b4637096-bbb8-11e8-b2ba-ac1f6b6435d0,25,25
b467ce36-bba2-11e8-b2b9-ac1f6b6435d0,21,0 21
b4684bb6-bbb8-11e8-b2ba-ac1f6b6435d0,11,11
b4688e52-bbc5-11e8-b2bc-ac1f6b6435d0,12 23 0,0 12 23
b469f804-bb9e-11e8-b2b9-ac1f6b6435d0,0,0 1
b46af71a-bba1-11e8-b2b9-ac1f6b6435d0,25 1,1 25
b46ce9ba-bbad-11e8-b2ba-ac1f6b6435d0,25 14 0,0 14
b46d7384-bb9f-11e8-b2b9-ac1f6b6435d0,22 4,4 22
b47175d0-bba2-11e8-b2b9-ac1f6b6435d0,25 0,21 25
b47298ea-bb9b-11e8-b2b9-ac1f6b6435d0,3 21,3 22
b472eea6-bbc5-11e8-b2bc-ac1f6b6435d0,5,0
b473be50-bbb9-11e8-b2ba-ac1f6b6435d0,24 11,24
b477071a-bbad-11e8-b2ba-ac1f6b6435d0,13,13
b47ac804-bbbd-11e8-b2ba-ac1f6b6435d0,1,1
b47af8ba-bba4-11e8-b2ba-ac1f6b6435d0,4,0 4
b47cadf4-bbae-11e8-b2ba-ac1f6b6435d0,5 0,5
b48245a4-bbc5-11e8-b2bc-ac1f6b6435d0,25 0,0
b482964a-bbc4-11e8-b2bc-ac1f6b6435d0,4,4
b484197e-bbbb-11e8-b2ba-ac1f6b6435d0,19,19 25
b485d1b0-bb9d-11e8-b2b9-ac1f6b6435d0,25 0,0 25
b4873f54-bbbc-11e8-b2ba-ac1f6b6435d0,7,7
b48a46a6-bbbf-11e8-b2bb-ac1f6b6435d0,25 11,11 25
b48b1d6c-bba9-11e8-b2ba-ac1f6b6435d0,22,22
b48bcd6e-bbab-11e8-b2ba-ac1f6b6435d0,0,0
b48cc8a6-bba4-11e8-b2ba-ac1f6b6435d0,2,2 23
b490c840-bbbb-11e8-b2ba-ac1f6b6435d0,22 21,21 25
b4946d3c-bbbc-11e8-b2ba-ac1f6b6435d0,7 0 21,0 7
b494ba42-bbb4-11e8-b2ba-ac1f6b6435d0,0 21,0 21
b497bc74-bbc8-11e8-b2bc-ac1f6b6435d0,7,7
b4980064-bbad-11e8-b2ba-ac1f6b6435d0,16 7 17,17 18
b49a0124-bba9-11e8-b2ba-ac1f6b6435d0,21,21
b49a1c44-bba5-11e8-b2ba-ac1f6b6435d0,25 0,0 25
b4a00aba-bb9a-11e8-b2b9-ac1f6b6435d0,0,0
b4a0e070-bba4-11e8-b2ba-ac1f6b6435d0,23 21,21
b4a0fb0c-bbca-11e8-b2bc-ac1f6b6435d0,25 0,25
b4a17a34-bbaf-11e8-b2ba-ac1f6b6435d0,23,23
b4a2d7f6-bbc0-11e8-b2bb-ac1f6b6435d0,4,5
b4a4698e-bbc2-11e8-b2bc-ac1f6b6435d0,0 21,0 21
b4a5fda4-bbb2-11e8-b2ba-ac1f6b6435d0,6,6
b4a64e7a-bb9a-11e8-b2b9-ac1f6b6435d0,7,23
b4a7b2c0-bbad-11e8-b2ba-ac1f6b6435d0,0,0
b4a7d4f6-bbb4-11e8-b2ba-ac1f6b6435d0,25 2,2 14 25
b4a7e070-bbb6-11e8-b2ba-ac1f6b6435d0,25,25
b4a8c93c-bba1-11e8-b2b9-ac1f6b6435d0,19 25,19 25
b4ac6688-bba5-11e8-b2ba-ac1f6b6435d0,25,25
b4aec8a2-bb9a-11e8-b2b9-ac1f6b6435d0,25 0,0 23 25
b4af5e20-bbbd-11e8-b2ba-ac1f6b6435d0,0,0 17
b4b3be92-bbbe-11e8-b2ba-ac1f6b6435d0,2 0,0 2
b4b7faf2-bb9b-11e8-b2b9-ac1f6b6435d0,6,6
b4b9a986-bbb6-11e8-b2ba-ac1f6b6435d0,25,21
b4bbec00-bbc5-11e8-b2bc-ac1f6b6435d0,25 0,0 25
b4bca6d4-bbc7-11e8-b2bc-ac1f6b6435d0,25 0,0 25
b4bd40c0-bbbe-11e8-b2ba-ac1f6b6435d0,23,23
b4be0bc0-bb9d-11e8-b2b9-ac1f6b6435d0,0 21,0 21
b4bffc20-bba5-11e8-b2ba-ac1f6b6435d0,0,0
b4c40780-bbbd-11e8-b2ba-ac1f6b6435d0,21,25
b4c46282-bb9c-11e8-b2b9-ac1f6b6435d0,7,7
b4c5d36a-bba6-11e8-b2ba-ac1f6b6435d0,25 1,1 6
b4c61d76-bba0-11e8-b2b9-ac1f6b6435d0,0,0
b4c84c6e-bb9a-11e8-b2b9-ac1f6b6435d0,12,12 23
b4cc0888-bbca-11e8-b2bc-ac1f6b6435d0,25,2 7
b4cd2918-bbb4-11e8-b2ba-ac1f6b6435d0,25 5,5 25
b4d16ffc-bba8-11e8-b2ba-ac1f6b6435d0,7 0,0 7
b4d2d3ce-bbb7-11e8-b2ba-ac1f6b6435d0,14,25
b4d615d4-bba8-11e8-b2ba-ac1f6b6435d0,23 3,2 23
b4d9ba84-bbc8-11e8-b2bc-ac1f6b6435d0,1 0,1 4
b4da38b6-bba4-11e8-b2ba-ac1f6b6435d0,0,0
b4e44544-bba0-11e8-b2b9-ac1f6b6435d0,2 0,0 2
b4e8840e-bbc5-11e8-b2bc-ac1f6b6435d0,24 25,24 25
b4ea603c-bbc3-11e8-b2bc-ac1f6b6435d0,22,1 21
b4f0f612-bba6-11e8-b2ba-ac1f6b6435d0,0,0
b4f24abc-bba6-11e8-b2ba-ac1f6b6435d0,4,0
b4f3876c-bb9a-11e8-b2b9-ac1f6b6435d0,19,19
b4f3949c-bba3-11e8-b2b9-ac1f6b6435d0,23,25
b4f45822-bba4-11e8-b2ba-ac1f6b6435d0,23,23
b4f51dc0-bbae-11e8-b2ba-ac1f6b6435d0,0 21,0 2 21
b4f7542e-bbbc-11e8-b2ba-ac1f6b6435d0,25 1 0,0 1 25
b4f895d8-bba2-11e8-b2b9-ac1f6b6435d0,7 5 0,0 7
b4f95f3a-bbc6-11e8-b2bc-ac1f6b6435d0,25 13 0,0 5 25
b4fa21fc-bba5-11e8-b2ba-ac1f6b6435d0,1 0,0
b4fa48b6-bbc4-11e8-b2bc-ac1f6b6435d0,2 0,0 2
b4fd7e90-bbbb-11e8-b2ba-ac1f6b6435d0,14 4,4 14 25
b4fe83d6-bbc4-11e8-b2bc-ac1f6b6435d0,25 0 21,0 14 21 25
b5004406-bbc3-11e8-b2bc-ac1f6b6435d0,7,0 7
b503b920-bbb8-11e8-b2ba-ac1f6b6435d0,23 0,0 23
b507439e-bbb1-11e8-b2ba-ac1f6b6435d0,0,0 1
b507b0f8-bbb2-11e8-b2ba-ac1f6b6435d0,11 2,6
b5089522-bb99-11e8-b2b9-ac1f6b6435d0,0,0
b508b310-bba1-11e8-b2b9-ac1f6b6435d0,2 0,0 2
b50ceca2-bbae-11e8-b2ba-ac1f6b6435d0,25 0 21,0 21 25
b50d201c-bbc4-11e8-b2bc-ac1f6b6435d0,25 0,0
b5101156-bbaf-11e8-b2ba-ac1f6b6435d0,4,4
b51218c4-bbab-11e8-b2ba-ac1f6b6435d0,16 0,0
b516312a-bbba-11e8-b2ba-ac1f6b6435d0,24 3,25
b517b0c8-bba5-11e8-b2ba-ac1f6b6435d0,3 0,0 3
b51809fe-bbbb-11e8-b2ba-ac1f6b6435d0,7 2 0,0 2
b51eaf30-bb9c-11e8-b2b9-ac1f6b6435d0,11 1 0,11
b51ff910-bba8-11e8-b2ba-ac1f6b6435d0,19 0,0 19
b5200fa4-bbc6-11e8-b2bc-ac1f6b6435d0,7,7
b520bea2-bbb4-11e8-b2ba-ac1f6b6435d0,25 4 21,25
b527abe8-bbac-11e8-b2ba-ac1f6b6435d0,25 21,21
b5284ca0-bb9e-11e8-b2b9-ac1f6b6435d0,25 13 0,0
b5291c4e-bbc0-11e8-b2bb-ac1f6b6435d0,23 2,2 23
b53106c8-bb9f-11e8-b2b9-ac1f6b6435d0,25 7 0 21,0 7
b532c3a4-bbb4-11e8-b2ba-ac1f6b6435d0,5,3
b535fc7e-bba3-11e8-b2b9-ac1f6b6435d0,1 0,0 1
b5366d20-bbc7-11e8-b2bc-ac1f6b6435d0,7,7
b53be98a-bba9-11e8-b2ba-ac1f6b6435d0,0,0
b53c838c-bbb7-11e8-b2ba-ac1f6b6435d0,25,25
b54161be-bbb1-11e8-b2ba-ac1f6b6435d0,1 21,1 12 21
b541e9a2-bbb3-11e8-b2ba-ac1f6b6435d0,23,23
b541e9a6-bb9b-11e8-b2b9-ac1f6b6435d0,3 21,3 25
b5420fde-bba6-11e8-b2ba-ac1f6b6435d0,25,25
b544b5e4-bbca-11e8-b2bc-ac1f6b6435d0,1 0,0 1
b545bcc4-bbc9-11e8-b2bc-ac1f6b6435d0,7,7
b552da46-bb9a-11e8-b2b9-ac1f6b6435d0,25 2,2 25
b5555150-bba3-11e8-b2b9-ac1f6b6435d0,25 2,2
b55bd358-bbb8-11e8-b2ba-ac1f6b6435d0,25,25
b55bda66-bba8-11e8-b2ba-ac1f6b6435d0,25,25
b55d87b0-bbb9-11e8-b2ba-ac1f6b6435d0,19 16 0,0 16 19
b55f86e8-bb9e-11e8-b2b9-ac1f6b6435d0,23,23
b562c2f8-bbb8-11e8-b2ba-ac1f6b6435d0,12 0,0 21
b5633452-bbc4-11e8-b2bc-ac1f6b6435d0,3,3
b566cd24-bbba-11e8-b2ba-ac1f6b6435d0,2 0,0 2
b566f2fc-bbc1-11e8-b2bb-ac1f6b6435d0,7 2 0,0 3 7
b56aeb04-bba9-11e8-b2ba-ac1f6b6435d0,23,0 23
b56fff24-bba7-11e8-b2ba-ac1f6b6435d0,25 7,7 25
b570fd9a-bb9b-11e8-b2b9-ac1f6b6435d0,6 0,25
b5711b7a-bbb6-11e8-b2ba-ac1f6b6435d0,1 2 0,0 1 2
b5717256-bbbf-11e8-b2bb-ac1f6b6435d0,13 11,21
b575b142-bbc7-11e8-b2bc-ac1f6b6435d0,25 0,0 25
b5765bec-bba4-11e8-b2ba-ac1f6b6435d0,11,11
b576c6ba-bbc5-11e8-b2bc-ac1f6b6435d0,19 0 21,0 19 21 25
b57791de-bbb2-11e8-b2ba-ac1f6b6435d0,25 2,2
b57839d4-bbaf-11e8-b2ba-ac1f6b6435d0,25,25
b5788728-bbc7-11e8-b2bc-ac1f6b6435d0,7 0,0 1 7
b578c7cc-bb9c-11e8-b2b9-ac1f6b6435d0,25,4 21
b5798092-bbc7-11e8-b2bc-ac1f6b6435d0,22 2,2 22
b57b5c78-bbb8-11e8-b2ba-ac1f6b6435d0,22 21,21 22 25
b57e10e4-bbb3-11e8-b2ba-ac1f6b6435d0,2 0,0 2
b57ecffa-bbbf-11e8-b2bb-ac1f6b6435d0,19 0,0
b57fb20e-bbaa-11e8-b2ba-ac1f6b6435d0,25,25
b5854fa0-bbca-11e8-b2bc-ac1f6b6435d0,25,25
b5857e52-bbc6-11e8-b2bc-ac1f6b6435d0,23,20 23
b586dca8-bbc5-11e8-b2bc-ac1f6b6435d0,11,11
b58972ba-bbc5-11e8-b2bc-ac1f6b6435d0,14 2 0,14
b58d5e02-bba7-11e8-b2ba-ac1f6b6435d0,4,4
b58ed5ce-bb99-11e8-b2b9-ac1f6b6435d0,4,4
b590a2ae-bbc7-11e8-b2bc-ac1f6b6435d0,16 0,0
b592e02a-bbb6-11e8-b2ba-ac1f6b6435d0,2 0,2
b592ebfc-bbc4-11e8-b2bc-ac1f6b6435d0,23 2 0,3 23
b595c766-bba4-11e8-b2ba-ac1f6b6435d0,14,2 14
b5963dc2-bbb3-11e8-b2ba-ac1f6b6435d0,0,0
b5973fae-bbbf-11e8-b2bb-ac1f6b6435d0,8,8 20
b59859fc-bba6-11e8-b2ba-ac1f6b6435d0,25 23 0,0
b5a59678-bbb3-11e8-b2ba-ac1f6b6435d0,23 0,0
b5a7ead0-bbaa-11e8-b2ba-ac1f6b6435d0,25 0,0
b5a98da4-bbb4-11e8-b2ba-ac1f6b6435d0,6,25
b5ab7da4-bba9-11e8-b2ba-ac1f6b6435d0,0,0
b5acedb0-bbae-11e8-b2ba-ac1f6b6435d0,26,1
b5ad2a9a-bbbe-11e8-b2ba-ac1f6b6435d0,25 0 21,0 21 25
b5b3833a-bba1-11e8-b2b9-ac1f6b6435d0,0,0
b5b38f16-bbc3-11e8-b2bc-ac1f6b6435d0,7 0,0 7
b5b4a2b6-bbc3-11e8-b2bc-ac1f6b6435d0,1 2 21,1
b5b66a8e-bbb3-11e8-b2ba-ac1f6b6435d0,19,19
b5bb5850-bbc2-11e8-b2bc-ac1f6b6435d0,2 21,2 21 25
b5be1344-bb9d-11e8-b2b9-ac1f6b6435d0,6,6
b5bec1f0-bbab-11e8-b2ba-ac1f6b6435d0,4,4
b5c71b7e-bbb1-11e8-b2ba-ac1f6b6435d0,1 0,0 1
b5c91292-bbbd-11e8-b2ba-ac1f6b6435d0,25 0,5
b5ca8f20-bb9d-11e8-b2b9-ac1f6b6435d0,7 0,0 7
b5cd6204-bba7-11e8-b2ba-ac1f6b6435d0,23,20 23
b5d19418-bb99-11e8-b2b9-ac1f6b6435d0,25 7 0,0 25
b5d257ee-bbbd-11e8-b2ba-ac1f6b6435d0,22 21,21
b5d2d98c-bbc5-11e8-b2bc-ac1f6b6435d0,25 0,0 25
b5da1ea6-bbc8-11e8-b2bc-ac1f6b6435d0,16 14,11 14
b5dd9202-bbc3-11e8-b2bc-ac1f6b6435d0,0,0
b5dea6f2-bbc7-11e8-b2bc-ac1f6b6435d0,25 0,0 25
b5df1d58-bba4-11e8-b2ba-ac1f6b6435d0,12 21,13 21
b5e03b30-bbbc-11e8-b2ba-ac1f6b6435d0,25 1,1 25
b5e15b22-bbae-11e8-b2ba-ac1f6b6435d0,25,25
b5e4d0c2-bba4-11e8-b2ba-ac1f6b6435d0,25 1 0,0 1 25
b5e551b2-bbb0-11e8-b2ba-ac1f6b6435d0,12 0,12
b5e6418c-bba9-11e8-b2ba-ac1f6b6435d0,0,0
b5e9e8aa-bbb8-11e8-b2ba-ac1f6b6435d0,19,19
b5ea715e-bbb2-11e8-b2ba-ac1f6b6435d0,0,0
b5ebbc40-bba7-11e8-b2ba-ac1f6b6435d0,4,4
b5ec77f2-bba2-11e8-b2b9-ac1f6b6435d0,25 5 0,0 5 25
b5ecd3ba-bbc4-11e8-b2bc-ac1f6b6435d0,3 0,0 3
b5eeb574-bbbd-11e8-b2ba-ac1f6b6435d0,6 3,3 6
b5f0f128-bb99-11e8-b2b9-ac1f6b6435d0,22 21,25
b5f2c1b8-bbb4-11e8-b2ba-ac1f6b6435d0,11,11
b5f35926-bbc7-11e8-b2bc-ac1f6b6435d0,0,0 19
b5f3ebfc-bba4-11e8-b2ba-ac1f6b6435d0,7 0,0 7
b5f59dbe-bba7-11e8-b2ba-ac1f6b6435d0,11,11
b5f6d9ce-bba0-11e8-b2b9-ac1f6b6435d0,25 0,0 25
b5f74d56-bbbd-11e8-b2ba-ac1f6b6435d0,0 21,0 2
b5f8a5e6-bba6-11e8-b2ba-ac1f6b6435d0,19 0,0 19
b5f8c99a-bba6-11e8-b2ba-ac1f6b6435d0,5 0,5
b5fb47e4-bbc7-11e8-b2bc-ac1f6b6435d0,25 0,0 25
b5fcf27c-bbb0-11e8-b2ba-ac1f6b6435d0,5,0
b6031da4-bbb1-11e8-b2ba-ac1f6b6435d0,25 7 0,7 25
b604a68a-bbc3-11e8-b2bc-ac1f6b6435d0,23 0,0 23 25
b605dd9a-bbc6-11e8-b2bc-ac1f6b6435d0,25,6 25
b60733c4-bbb8-11e8-b2ba-ac1f6b6435d0,0,0
b608682a-bbb3-11e8-b2ba-ac1f6b6435d0,25 0,0 25
b60bb51e-bbbf-11e8-b2bb-ac1f6b6435d0,21,25
b60c0744-bbab-11e8-b2ba-ac1f6b6435d0,0,0
b60de28e-bbac-11e8-b2ba-ac1f6b6435d0,4 3,4
b60e6f2a-bbc9-11e8-b2bc-ac1f6b6435d0,19,0 1
b610e47e-bbad-11e8-b2ba-ac1f6b6435d0,11,11
b61516ec-bba9-11e8-b2ba-ac1f6b6435d0,14,14
b6192ff8-bbb7-11e8-b2ba-ac1f6b6435d0,11 0,0 25
b619decc-bba7-11e8-b2ba-ac1f6b6435d0,0 21,0 25
b62013d6-bbad-11e8-b2ba-ac1f6b6435d0,25 11 0,0 19 25
b6204eec-bbca-11e8-b2bc-ac1f6b6435d0,2,2
b62587f8-bba3-11e8-b2b9-ac1f6b6435d0,11,25
b6298e5e-bbc9-11e8-b2bc-ac1f6b6435d0,19 0,0 19 25
b62aaa24-bbc8-11e8-b2bc-ac1f6b6435d0,19 25 0,0 19 25
b62bd794-bba2-11e8-b2b9-ac1f6b6435d0,5,5
b62cf6a8-bbb9-11e8-b2ba-ac1f6b6435d0,25,25
b62eb97a-bbb4-11e8-b2ba-ac1f6b6435d0,22 25 18 0,0 18 25
b6347f8e-bbc5-11e8-b2bc-ac1f6b6435d0,0,0
b6376e90-bbb3-11e8-b2ba-ac1f6b6435d0,22 0,0 22
b638debc-bb9d-11e8-b2b9-ac1f6b6435d0,7,7
b63aa1a6-bba8-11e8-b2ba-ac1f6b6435d0,0,0
b63e5768-bbaf-11e8-b2ba-ac1f6b6435d0,12,0 12 21
b6418d44-bbc2-11e8-b2bc-ac1f6b6435d0,2 0,0 2
b641b726-bbac-11e8-b2ba-ac1f6b6435d0,0,0
b641dc98-bbba-11e8-b2ba-ac1f6b6435d0,6,1 6
b647e2e8-bbb3-11e8-b2ba-ac1f6b6435d0,7 0,0 7
b64bc7b8-bb9b-11e8-b2b9-ac1f6b6435d0,25 23 0,23
b64bd070-bb99-11e8-b2b9-ac1f6b6435d0,23,23
b64cb9a4-bbc1-11e8-b2bb-ac1f6b6435d0,0 21,0 13 21
b64d0b14-bbaf-11e8-b2ba-ac1f6b6435d0,19 23,19
b64d8110-bbb5-11e8-b2ba-ac1f6b6435d0,21,21
b654749a-bbc7-11e8-b2bc-ac1f6b6435d0,25 4 21,21
b6551e12-bbbe-11e8-b2ba-ac1f6b6435d0,25 7 0,0 13 25
b65524ce-bbab-11e8-b2ba-ac1f6b6435d0,19,0
b655b6a0-bbc9-11e8-b2bc-ac1f6b6435d0,3,3
b6567bb6-bbb6-11e8-b2ba-ac1f6b6435d0,0,0
b65791be-bbc9-11e8-b2bc-ac1f6b6435d0,7,7
b65e36d4-bbbc-11e8-b2ba-ac1f6b6435d0,25 0,0 25
b65f1f26-bba4-11e8-b2ba-ac1f6b6435d0,25 23,23
b6605aba-bb9c-11e8-b2b9-ac1f6b6435d0,23,0 25
b663ea30-bbbb-11e8-b2ba-ac1f6b6435d0,25 18 21,18 25
b6649a88-bbad-11e8-b2ba-ac1f6b6435d0,2 21,2 21
b6650e84-bba1-11e8-b2b9-ac1f6b6435d0,25 2 0,0 2 25
b6661bf6-bbc6-11e8-b2bc-ac1f6b6435d0,7,7
b666a31e-bb9e-11e8-b2b9-ac1f6b6435d0,22 21,25
b6699f62-bba1-11e8-b2b9-ac1f6b6435d0,2 0,0 2
b66b1e3c-bb9c-11e8-b2b9-ac1f6b6435d0,11,11
b66c7efe-bbc8-11e8-b2bc-ac1f6b6435d0,21,21 22
b66fceaa-bbba-11e8-b2ba-ac1f6b6435d0,3,3
b671593c-bba1-11e8-b2b9-ac1f6b6435d0,25 0,0 21 25
b67160cc-bbbe-11e8-b2ba-ac1f6b6435d0,4,4
b671f7a0-bbad-11e8-b2ba-ac1f6b6435d0,7 2 0,0 7
b6731ca0-bbc8-11e8-b2bc-ac1f6b6435d0,25 0,0 25
b676705c-bbc9-11e8-b2bc-ac1f6b6435d0,19,25
b67b40bc-bbc6-11e8-b2bc-ac1f6b6435d0,0,0
b67e138c-bb9e-11e8-b2b9-ac1f6b6435d0,25 0,0 25 26
b681ca62-bbbd-11e8-b2ba-ac1f6b6435d0,25 2 0,3 25
b6862aa4-bba8-11e8-b2ba-ac1f6b6435d0,4,4 5
b68bc9a4-bbb8-11e8-b2ba-ac1f6b6435d0,25 21,21
b68e0514-bbc4-11e8-b2bc-ac1f6b6435d0,19,19
b690a378-bbbf-11e8-b2bb-ac1f6b6435d0,23,6 23
b69186c6-bbba-11e8-b2ba-ac1f6b6435d0,18,14 25
b691e080-bb9c-11e8-b2b9-ac1f6b6435d0,25 23 0,0 25
b6936e84-bba9-11e8-b2ba-ac1f6b6435d0,22 0,0 22
b69656be-bb9d-11e8-b2b9-ac1f6b6435d0,5,5
b69d1036-bba6-11e8-b2ba-ac1f6b6435d0,4,4 23
b69e8f8a-bb9a-11e8-b2b9-ac1f6b6435d0,4,4
b6a0378a-bbc3-11e8-b2bc-ac1f6b6435d0,21,21
b6a0f2b8-bba7-11e8-b2ba-ac1f6b6435d0,3,3
b6a3bb22-bba4-11e8-b2ba-ac1f6b6435d0,0,0
b6a469d8-bbad-11e8-b2ba-ac1f6b6435d0,16 17,14
b6a69688-bba1-11e8-b2b9-ac1f6b6435d0,11 0,0 11
b6a6fd1c-bbb5-11e8-b2ba-ac1f6b6435d0,23 0,0 25
b6aae78e-bbaf-11e8-b2ba-ac1f6b6435d0,25 13,13 25
b6acdd86-bbba-11e8-b2ba-ac1f6b6435d0,6,6
b6ad485e-bbbd-11e8-b2ba-ac1f6b6435d0,25 5 0,0 5 25
b6ae69a0-bbb8-11e8-b2ba-ac1f6b6435d0,3,3
b6b01102-bbbc-11e8-b2ba-ac1f6b6435d0,5 3,3 5
b6b08bf6-bba7-11e8-b2ba-ac1f6b6435d0,21,21
b6b356c2-bbae-11e8-b2ba-ac1f6b6435d0,2 0,2
b6b54050-bbb2-11e8-b2ba-ac1f6b6435d0,19 0,0 18
b6b7e6d2-bbc8-11e8-b2bc-ac1f6b6435d0,14,14
b6b7e918-bba8-11e8-b2ba-ac1f6b6435d0,11 0,0 11
b6ba98ac-bbad-11e8-b2ba-ac1f6b6435d0,25 0,5 25
b6bb1c20-bbb5-11e8-b2ba-ac1f6b6435d0,25 0,0 25
b6bceac6-bbc6-11e8-b2bc-ac1f6b6435d0,14 4,4 14
b6be06ca-bbc3-11e8-b2bc-ac1f6b6435d0,23 3 0 21,0 12 23
b6be2366-bbba-11e8-b2ba-ac1f6b6435d0,4,4
b6c13578-bbc0-11e8-b2bb-ac1f6b6435d0,2,2
b6c339f8-bbad-11e8-b2ba-ac1f6b6435d0,18 0,0 18
b6c659fa-bbb5-11e8-b2ba-ac1f6b6435d0,25 2 0,0 2
b6c79814-bbca-11e8-b2bc-ac1f6b6435d0,22 25 7,7 22
b6c819be-bbad-11e8-b2ba-ac1f6b6435d0,3 21,3
b6c9625c-bbca-11e8-b2bc-ac1f6b6435d0,25 5 0,0
b6cfc3ec-bbbe-11e8-b2ba-ac1f6b6435d0,14,14
b6cff096-bbb5-11e8-b2ba-ac1f6b6435d0,23,23
b6cfffb0-bb9b-11e8-b2b9-ac1f6b6435d0,23 1 2 0,2 7
b6d2a67e-bbc9-11e8-b2bc-ac1f6b6435d0,0,0
b6d2e7c4-bbba-11e8-b2ba-ac1f6b6435d0,5 0,5
b6d4e8c0-bbb1-11e8-b2ba-ac1f6b6435d0,5,5
b6d609c4-bbae-11e8-b2ba-ac1f6b6435d0,0 21,25
b6d89dcc-bbc4-11e8-b2bc-ac1f6b6435d0,25 14,14 25
b6d8b2bc-bba1-11e8-b2b9-ac1f6b6435d0,7 5 0,0 5 7
b6dad0f6-bba6-11e8-b2ba-ac1f6b6435d0,0 21,0 21
b6dae7f8-bbb5-11e8-b2ba-ac1f6b6435d0,0,3 5
b6e1f728-bba1-11e8-b2b9-ac1f6b6435d0,0,0
b6e493d2-bbb7-11e8-b2ba-ac1f6b6435d0,19 0,0 19 26
b6e4f994-bb9e-11e8-b2b9-ac1f6b6435d0,25 0,5 25
b6eb0a1a-bbc0-11e8-b2bb-ac1f6b6435d0,0,0
b6f285ca-bbc9-11e8-b2bc-ac1f6b6435d0,22 14,11 14
b6f52de6-bbc1-11e8-b2bb-ac1f6b6435d0,25 0,0 25
b6f82dd0-bbbb-11e8-b2ba-ac1f6b6435d0,25 13,13
b6f8b710-bba1-11e8-b2b9-ac1f6b6435d0,0,0 16
b6fa04fa-bb9f-11e8-b2b9-ac1f6b6435d0,5,0 5
b6fbeefa-bb9a-11e8-b2b9-ac1f6b6435d0,5,5
b6fc16e8-bbb6-11e8-b2ba-ac1f6b6435d0,26 0,0 25 26
b6ff8a3e-bbb2-11e8-b2ba-ac1f6b6435d0,0,0
b702981a-bbbb-11e8-b2ba-ac1f6b6435d0,0,0
b702e1c8-bbc3-11e8-b2bc-ac1f6b6435d0,23 2,2 23
b707ed82-bbbc-11e8-b2ba-ac1f6b6435d0,25 0,0 25
b70c4970-bbc8-11e8-b2bc-ac1f6b6435d0,2 0 21,0 2 21
b70c63b8-bbb1-11e8-b2ba-ac1f6b6435d0,2 0,0 2
b7155cfe-bbc8-11e8-b2bc-ac1f6b6435d0,4 21,4
b71b17ae-bbc6-11e8-b2bc-ac1f6b6435d0,14 2,2 14
b71ca2be-bbb1-11e8-b2ba-ac1f6b6435d0,3 0,0 3
b71cc6be-bbc4-11e8-b2bc-ac1f6b6435d0,19 25,19
b71eade8-bbca-11e8-b2bc-ac1f6b6435d0,21,21
b72556d0-bbb0-11e8-b2ba-ac1f6b6435d0,1 0,0 1
b7258374-bbad-11e8-b2ba-ac1f6b6435d0,6,6
b729868c-bb9d-11e8-b2b9-ac1f6b6435d0,5,5
b72b4f1c-bbbb-11e8-b2ba-ac1f6b6435d0,12 2 0,0 2 12
b72e8c6c-bb9e-11e8-b2b9-ac1f6b6435d0,3 0,3
b72f3dd4-bba2-11e8-b2b9-ac1f6b6435d0,19,19
b7320dba-bba3-11e8-b2b9-ac1f6b6435d0,2,2
b735c514-bbca-11e8-b2bc-ac1f6b6435d0,23,0 23
b736e0b8-bba0-11e8-b2b9-ac1f6b6435d0,25,25
b738569c-bbb3-11e8-b2ba-ac1f6b6435d0,22,21
b73c05ba-bbc9-11e8-b2bc-ac1f6b6435d0,0,0
b740cc4c-bbc6-11e8-b2bc-ac1f6b6435d0,2,5
b742ef7a-bbc8-11e8-b2bc-ac1f6b6435d0,5,5
b7433f56-bb9c-11e8-b2b9-ac1f6b6435d0,2 0,0 2 19
b743b560-bb99-11e8-b2b9-ac1f6b6435d0,25 0,0 19
b7475d40-bbc2-11e8-b2bc-ac1f6b6435d0,0,0
b752ff86-bba6-11e8-b2ba-ac1f6b6435d0,18 0,18
b7531184-bbb4-11e8-b2ba-ac1f6b6435d0,1 3,0 1
b75667a6-bba7-11e8-b2ba-ac1f6b6435d0,0,0
b758171a-bba5-11e8-b2ba-ac1f6b6435d0,21,0 21
b7590ffe-bbbd-11e8-b2ba-ac1f6b6435d0,23,0
b75994cc-bbb0-11e8-b2ba-ac1f6b6435d0,6,23
b75bdae0-bbc2-11e8-b2bc-ac1f6b6435d0,2,0 2
b75d5c26-bbc7-11e8-b2bc-ac1f6b6435d0,23,23
b75dfc2a-bbb4-11e8-b2ba-ac1f6b6435d0,18,9 10 18
b75e5096-bbb7-11e8-b2ba-ac1f6b6435d0,7,7
b7626174-bbc4-11e8-b2bc-ac1f6b6435d0,2 0,0 2 25
b7628ace-bbb9-11e8-b2ba-ac1f6b6435d0,2,0 2
b7640e70-bbb5-11e8-b2ba-ac1f6b6435d0,25 2,2 6 25
b7663d72-bbaa-11e8-b2ba-ac1f6b6435d0,25 5,5 25
b7674634-bba7-11e8-b2ba-ac1f6b6435d0,2 0,0 2
b76810ec-bb9c-11e8-b2b9-ac1f6b6435d0,25 6 3 0,0 2 25
b76aa5a4-bbbb-11e8-b2ba-ac1f6b6435d0,25 4,0
b76adaaa-bbb2-11e8-b2ba-ac1f6b6435d0,21,0 21
b76d328a-bb9b-11e8-b2b9-ac1f6b6435d0,5 0,0 5
b770e17c-bba6-11e8-b2ba-ac1f6b6435d0,4,4
b7721dd0-bbba-11e8-b2ba-ac1f6b6435d0,25 1 0,1
b772bfc6-bbc2-11e8-b2bc-ac1f6b6435d0,25 5,25
b774cfb8-bbaa-11e8-b2ba-ac1f6b6435d0,25 1 0,0
b7767e4a-bbbd-11e8-b2ba-ac1f6b6435d0,19 25 2 0,0 2
b77898da-bba2-11e8-b2b9-ac1f6b6435d0,25,25
b77b3dac-bbab-11e8-b2ba-ac1f6b6435d0,25 0,0 5 25
b77dd998-bbb2-11e8-b2ba-ac1f6b6435d0,23 0,0 23
b7802c84-bbb7-11e8-b2ba-ac1f6b6435d0,3 0,0 2
b780bb98-bba5-11e8-b2ba-ac1f6b6435d0,3 0,0
b7822dc4-bbb5-11e8-b2ba-ac1f6b6435d0,5,5 24
b78370e0-bbaf-11e8-b2ba-ac1f6b6435d0,2 0,0 3
b78917b8-bbc1-11e8-b2bb-ac1f6b6435d0,19 25 0,0 19
b78bf326-bba2-11e8-b2b9-ac1f6b6435d0,6 4,4 25
b78c08c0-bbbb-11e8-b2ba-ac1f6b6435d0,3 0,0
b78e1a58-bba1-11e8-b2b9-ac1f6b6435d0,25 0,0 25
b78fa636-bbb8-11e8-b2ba-ac1f6b6435d0,7,0 7
b78fda0a-bbb5-11e8-b2ba-ac1f6b6435d0,0,0 25
b792f348-bba6-11e8-b2ba-ac1f6b6435d0,25,25
b796ea26-bbb9-11e8-b2ba-ac1f6b6435d0,25,25
b797bc48-bbab-11e8-b2ba-ac1f6b6435d0,13 0,0 13
b79b4ff0-bbbc-11e8-b2ba-ac1f6b6435d0,20 0,0 2
b79c99f8-bba0-11e8-b2b9-ac1f6b6435d0,22 25 0,0 25
b79d4e36-bb99-11e8-b2b9-ac1f6b6435d0,22 7 21,0 7
b79dcbc0-bbbe-11e8-b2ba-ac1f6b6435d0,7 0,0
b7a108aa-bbad-11e8-b2ba-ac1f6b6435d0,1 0,0 1
b7a22116-bb9b-11e8-b2b9-ac1f6b6435d0,21,22
b7a3b1a8-bba9-11e8-b2ba-ac1f6b6435d0,25 7,7
b7a3f232-bbb6-11e8-b2ba-ac1f6b6435d0,22,0 25
b7a4b2be-bbc8-11e8-b2bc-ac1f6b6435d0,25 2 0,0 2 25
b7a760f4-bbb9-11e8-b2ba-ac1f6b6435d0,23,6 23
b7a9e0ac-bbb6-11e8-b2ba-ac1f6b6435d0,25 0,0 25
b7ab2182-bbb7-11e8-b2ba-ac1f6b6435d0,5,5
b7ae0fb2-bbaa-11e8-b2ba-ac1f6b6435d0,2,2 3
b7aeaad2-bbc1-11e8-b2bb-ac1f6b6435d0,7 0,0 7
b7afa328-bba4-11e8-b2ba-ac1f6b6435d0,23 0,0 2 26
b7b1d7d8-bbb3-11e8-b2ba-ac1f6b6435d0,25 0,0
b7b5879a-bbca-11e8-b2bc-ac1f6b6435d0,0,0
b7b5dc20-bbc2-11e8-b2bc-ac1f6b6435d0,0 21,0 21
b7b5dfba-bb9d-11e8-b2b9-ac1f6b6435d0,2 0,0 2
b7b5f520-bb9a-11e8-b2b9-ac1f6b6435d0,2 0,0 2
b7b7e34a-bbbc-11e8-b2ba-ac1f6b6435d0,4,4
b7b9fe26-bb9b-11e8-b2b9-ac1f6b6435d0,4,4 23
b7bc5ba8-bbb9-11e8-b2ba-ac1f6b6435d0,5 0,0 5
b7bc77d8-bbc7-11e8-b2bc-ac1f6b6435d0,18 23 0 21,0 21 23
b7bd5752-bbc7-11e8-b2bc-ac1f6b6435d0,5,5
b7bdade2-bbc2-11e8-b2bc-ac1f6b6435d0,4,3 4
b7bfb620-bbc5-11e8-b2bc-ac1f6b6435d0,13 21,0 25
b7c2b4d4-bbc4-11e8-b2bc-ac1f6b6435d0,25,25
b7c31884-bbba-11e8-b2ba-ac1f6b6435d0,7,7 25
b7c7c860-bbac-11e8-b2ba-ac1f6b6435d0,18,18
b7c80d7e-bbb7-11e8-b2ba-ac1f6b6435d0,1 4,0
b7c971fe-bbae-11e8-b2ba-ac1f6b6435d0,5 21,5
b7ce6fdc-bbbe-11e8-b2ba-ac1f6b6435d0,0,5
b7ce954e-bbbd-11e8-b2ba-ac1f6b6435d0,23,23
b7d0b346-bbb4-11e8-b2ba-ac1f6b6435d0,19,19
b7d16e56-bba2-11e8-b2b9-ac1f6b6435d0,0,0
b7d40490-bbbb-11e8-b2ba-ac1f6b6435d0,23 0,0
b7d92cfa-bbb0-11e8-b2ba-ac1f6b6435d0,25,25
b7d9d1e0-bbb1-11e8-b2ba-ac1f6b6435d0,6 7,6 7
b7dce9d0-bbbf-11e8-b2bb-ac1f6b6435d0,22 5 0,3
b7e1a282-bbb4-11e8-b2ba-ac1f6b6435d0,13 0,13
b7e21ce2-bbc5-11e8-b2bc-ac1f6b6435d0,23 2 0,0 2 23
b7e2b7c8-bba3-11e8-b2b9-ac1f6b6435d0,4,4
b7e42874-bba8-11e8-b2ba-ac1f6b6435d0,2,2
b7e677f4-bbc2-11e8-b2bc-ac1f6b6435d0,7,7
b7e70d40-bbb8-11e8-b2ba-ac1f6b6435d0,21,21
b7e8e626-bbb6-11e8-b2ba-ac1f6b6435d0,5,5 7
b7ec2998-bba3-11e8-b2b9-ac1f6b6435d0,25 0,0
b7ecd040-bbb8-11e8-b2ba-ac1f6b6435d0,11 2 0,0 2 11
b7ed66c6-bba5-11e8-b2ba-ac1f6b6435d0,2 0,0 2
b7ee5b4e-bbb4-11e8-b2ba-ac1f6b6435d0,25,25
b7eea76c-bba4-11e8-b2ba-ac1f6b6435d0,2,2 7
b7f085d4-bbac-11e8-b2ba-ac1f6b6435d0,16 21,16 21
b7f23f32-bbb1-11e8-b2ba-ac1f6b6435d0,19,19
b7f2ea10-bbaa-11e8-b2ba-ac1f6b6435d0,25 2 0,0 2 25
b7f49156-bbca-11e8-b2bc-ac1f6b6435d0,19,19
b7f9c0da-bbb2-11e8-b2ba-ac1f6b6435d0,22 25 0,0 25
b7fb67d8-bbc5-11e8-b2bc-ac1f6b6435d0,2 0,7 25
b7fb93b4-bb9f-11e8-b2b9-ac1f6b6435d0,25 7 2 0,2 7 25
b7fc3de6-bba9-11e8-b2ba-ac1f6b6435d0,24,24
b7fe8272-bbae-11e8-b2ba-ac1f6b6435d0,23,23
b800c90c-bbc1-11e8-b2bb-ac1f6b6435d0,5,5
b8020536-bbc3-11e8-b2bc-ac1f6b6435d0,1 4,4
b8030a08-bbbe-11e8-b2ba-ac1f6b6435d0,25 18,18 25
b805bf22-bbb0-11e8-b2ba-ac1f6b6435d0,4,4
b80754fc-bbad-11e8-b2ba-ac1f6b6435d0,2 0,0 2
b8092acc-bbc9-11e8-b2bc-ac1f6b6435d0,25 21,21
b809f4b8-bba4-11e8-b2ba-ac1f6b6435d0,25 21,21
b80d21c6-bbca-11e8-b2bc-ac1f6b6435d0,25 0,0 25
b8161582-bbb2-11e8-b2ba-ac1f6b6435d0,21,4
b8162afe-bbc6-11e8-b2bc-ac1f6b6435d0,25 1,25
b819a81c-bbc3-11e8-b2bc-ac1f6b6435d0,25 0,0 25
b820470e-bba9-11e8-b2ba-ac1f6b6435d0,25 0,0 25
b822d0de-bbac-11e8-b2ba-ac1f6b6435d0,25 0,0 25
b8245656-bbc6-11e8-b2bc-ac1f6b6435d0,23 0,0 23
b82471fe-bbbc-11e8-b2ba-ac1f6b6435d0,23,23
b8271026-bbbc-11e8-b2ba-ac1f6b6435d0,11,11
b8273e18-bb9c-11e8-b2b9-ac1f6b6435d0,23 0,0 23
b82946c2-bb9c-11e8-b2b9-ac1f6b6435d0,25 7 0,7
b829943a-bb9a-11e8-b2b9-ac1f6b6435d0,1,1
b82a4736-bbb3-11e8-b2ba-ac1f6b6435d0,0,0
b82aac5e-bbb2-11e8-b2ba-ac1f6b6435d0,21,21
b82b27f0-bbae-11e8-b2ba-ac1f6b6435d0,4 21,4 25
b82cb89e-bbb9-11e8-b2ba-ac1f6b6435d0,21,21
b82e2ac4-bba2-11e8-b2b9-ac1f6b6435d0,22 0,0 22
b8317504-bba1-11e8-b2b9-ac1f6b6435d0,23,23
b8339774-bb99-11e8-b2b9-ac1f6b6435d0,2 0 21,0 7 21
b837cf30-bbbf-11e8-b2bb-ac1f6b6435d0,25 0,0 25
b83810cc-bbaf-11e8-b2ba-ac1f6b6435d0,14,14
b838966e-bbaf-11e8-b2ba-ac1f6b6435d0,0,0 25
b838c0a8-bbc8-11e8-b2bc-ac1f6b6435d0,6,21
b839b2ba-bbb4-11e8-b2ba-ac1f6b6435d0,25 2 0,0 2 25
b83f2bc0-bbb2-11e8-b2ba-ac1f6b6435d0,5 0,0 7
b83fbfe6-bbc0-11e8-b2bb-ac1f6b6435d0,4,1
b8434e5e-bb9d-11e8-b2b9-ac1f6b6435d0,25,25
b8443592-bbbd-11e8-b2ba-ac1f6b6435d0,3,3
b8446934-bba6-11e8-b2ba-ac1f6b6435d0,25 11,11
b845cb76-bbba-11e8-b2ba-ac1f6b6435d0,25 2 0,2
b847afc4-bb9f-11e8-b2b9-ac1f6b6435d0,0,3
b84b56dc-bbc8-11e8-b2bc-ac1f6b6435d0,23,23
b84baa56-bbb9-11e8-b2ba-ac1f6b6435d0,23 0,0 23
b84be2b2-bbac-11e8-b2ba-ac1f6b6435d0,25 7 0,0 25
b84bf5c4-bbaa-11e8-b2ba-ac1f6b6435d0,23,0 23
b84cb64c-bbac-11e8-b2ba-ac1f6b6435d0,3,3
b84dd62c-bbab-11e8-b2ba-ac1f6b6435d0,25 3,3 6 25
b84f1ea8-bbc2-11e8-b2bc-ac1f6b6435d0,25 7,7 25
b8529ec2-bba2-11e8-b2b9-ac1f6b6435d0,21,5 21
b8531cf0-bb9b-11e8-b2b9-ac1f6b6435d0,25 21,25
b853dd5e-bbc1-11e8-b2bb-ac1f6b6435d0,0 21,0 21
b856e8f2-bb9c-11e8-b2b9-ac1f6b6435d0,7,7
b85775cc-bbb7-11e8-b2ba-ac1f6b6435d0,1 2,1 2
b8578bd4-bbb7-11e8-b2ba-ac1f6b6435d0,14 4,4 14
b8584c82-bbc5-11e8-b2bc-ac1f6b6435d0,19 25 0,0 19 25
b859424e-bb99-11e8-b2b9-ac1f6b6435d0,25 5,0 25
b85aab8c-bb9b-11e8-b2b9-ac1f6b6435d0,26,26
b85abd08-bba9-11e8-b2ba-ac1f6b6435d0,25,21
b85ccbae-bb9d-11e8-b2b9-ac1f6b6435d0,3,3
b8621dac-bbb1-11e8-b2ba-ac1f6b6435d0,2 0,0 2
b865cea6-bb9e-11e8-b2b9-ac1f6b6435d0,0,0 3
b86c1ec4-bb9d-11e8-b2b9-ac1f6b6435d0,25,25
b86ea4c2-bbb7-11e8-b2ba-ac1f6b6435d0,26,25 26
b86fec02-bba2-11e8-b2b9-ac1f6b6435d0,4,4 25
b870647a-bb9d-11e8-b2b9-ac1f6b6435d0,25,25
b8725102-bba9-11e8-b2ba-ac1f6b6435d0,26,26
b872f2c2-bb9c-11e8-b2b9-ac1f6b6435d0,5,5
b87a8fec-bbb4-11e8-b2ba-ac1f6b6435d0,7 0,0 7
b87af0b0-bbb7-11e8-b2ba-ac1f6b6435d0,21,21 22
b87b6182-bbba-11e8-b2ba-ac1f6b6435d0,21,25
b87b9966-bba8-11e8-b2ba-ac1f6b6435d0,12 0 21,0 12 21
b87c7a7e-bba4-11e8-b2ba-ac1f6b6435d0,21,21 25
b87ec9e0-bbaa-11e8-b2ba-ac1f6b6435d0,25 0,0 25
b880fc04-bbc5-11e8-b2bc-ac1f6b6435d0,25,21 25
b885abe4-bba9-11e8-b2ba-ac1f6b6435d0,19 21,19 21
b8895ca6-bbc4-11e8-b2bc-ac1f6b6435d0,3 21,3 21
b88978f4-bba5-11e8-b2ba-ac1f6b6435d0,25,26
b88b4656-bbab-11e8-b2ba-ac1f6b6435d0,23,23
b88bb5a8-bba3-11e8-b2b9-ac1f6b6435d0,23,23
b88f506a-bbc5-11e8-b2bc-ac1f6b6435d0,25 21,0 21 25
b893d97c-bb9e-11e8-b2b9-ac1f6b6435d0,25 0,0 25
b895642c-bbb7-11e8-b2ba-ac1f6b6435d0,23,23
b897205a-bbbc-11e8-b2ba-ac1f6b6435d0,23 0,0
b89775fa-bbc1-11e8-b2bb-ac1f6b6435d0,25 18,19 25
b898997a-bbbd-11e8-b2ba-ac1f6b6435d0,25 0,17 18
b89b9158-bbb7-11e8-b2ba-ac1f6b6435d0,4 0,0 5
b8a0db9e-bbb3-11e8-b2ba-ac1f6b6435d0,7 2 0,0 2 7
b8a3df50-bbbe-11e8-b2ba-ac1f6b6435d0,25 18,18 25
b8a6cf22-bbb3-11e8-b2ba-ac1f6b6435d0,1,1
b8a7ce1e-bbc6-11e8-b2bc-ac1f6b6435d0,26,26
b8b0889c-bba3-11e8-b2b9-ac1f6b6435d0,0,11
b8b286fa-bba4-11e8-b2ba-ac1f6b6435d0,2 0,0 2
b8b2ab70-bbb4-11e8-b2ba-ac1f6b6435d0,23,23
b8b31748-bbbb-11e8-b2ba-ac1f6b6435d0,19 2 21,2 19 21
b8b669a6-bbb7-11e8-b2ba-ac1f6b6435d0,0,0
b8b7c25c-bba2-11e8-b2b9-ac1f6b6435d0,4 0,0
b8b995ac-bbc3-11e8-b2bc-ac1f6b6435d0,25 5 0,0 5 25
b8b9cda6-bb9b-11e8-b2b9-ac1f6b6435d0,0,0 25
b8ba2026-bbc8-11e8-b2bc-ac1f6b6435d0,25 21,0 25
b8bebb0a-bbb3-11e8-b2ba-ac1f6b6435d0,21,21
b8c17646-bbc8-11e8-b2bc-ac1f6b6435d0,0,0
b8c1a8ee-bba2-11e8-b2b9-ac1f6b6435d0,5,5
b8c2d582-bb9a-11e8-b2b9-ac1f6b6435d0,21,25
b8c5737c-bba0-11e8-b2b9-ac1f6b6435d0,4,0
b8ca4b42-bb99-11e8-b2b9-ac1f6b6435d0,0,0
b8cce472-bbaf-11e8-b2ba-ac1f6b6435d0,2 0,0 3
b8ce6228-bba7-11e8-b2ba-ac1f6b6435d0,2,25
b8d23a08-bbb4-11e8-b2ba-ac1f6b6435d0,2 0,0 2
b8d6503e-bbaf-11e8-b2ba-ac1f6b6435d0,2 0,0 2
b8d68bde-bbc9-11e8-b2bc-ac1f6b6435d0,5 0,0 5
b8d8584c-bbc9-11e8-b2bc-ac1f6b6435d0,25 14,14 25
b8d8eb9c-bba9-11e8-b2ba-ac1f6b6435d0,0,0
b8d9cbfe-bbb6-11e8-b2ba-ac1f6b6435d0,25,2 25
b8db558e-bbaa-11e8-b2ba-ac1f6b6435d0,2,2
b8dee8c8-bbca-11e8-b2bc-ac1f6b6435d0,0,0
b8e12408-bb9d-11e8-b2b9-ac1f6b6435d0,2 21,2 25
b8e50990-bbc7-11e8-b2bc-ac1f6b6435d0,25,25
b8e97dfe-bbc2-11e8-b2bc-ac1f6b6435d0,6 20,6
b8ea9f32-bba8-11e8-b2ba-ac1f6b6435d0,16 18 17,16 17 18
b8ebdeac-bbac-11e8-b2ba-ac1f6b6435d0,26,26
b8edebe0-bbb4-11e8-b2ba-ac1f6b6435d0,7,0 7
b8eea0d4-bbbf-11e8-b2bb-ac1f6b6435d0,3 0,0 3
b8f08d44-bbc0-11e8-b2bb-ac1f6b6435d0,25,23
b8f0d89e-bbc0-11e8-b2bb-ac1f6b6435d0,23,23
b8f1ec34-bbc0-11e8-b2bb-ac1f6b6435d0,4 21,0 25
b8f36a18-bbad-11e8-b2ba-ac1f6b6435d0,11,11
b8f44fce-bb9d-11e8-b2b9-ac1f6b6435d0,11,11
b8f67314-bbaa-11e8-b2ba-ac1f6b6435d0,13,13
b8fb20c8-bba8-11e8-b2ba-ac1f6b6435d0,5,0 5 16
b8fbf760-bb9d-11e8-b2b9-ac1f6b6435d0,7 0,7 23
b903116e-bbc8-11e8-b2bc-ac1f6b6435d0,5,0 2 5
b90670de-bb9b-11e8-b2b9-ac1f6b6435d0,25 11 0,4 26
b90bc85a-bb9a-11e8-b2b9-ac1f6b6435d0,12 0 21,0 1 25
b90cb542-bb9c-11e8-b2b9-ac1f6b6435d0,3,3 6
b90cd6dc-bbc7-11e8-b2bc-ac1f6b6435d0,24,24
b90d8f9a-bb9b-11e8-b2b9-ac1f6b6435d0,14,14
b914d2f2-bb99-11e8-b2b9-ac1f6b6435d0,3,3
b9180886-bbb8-11e8-b2ba-ac1f6b6435d0,7,7
b91a5b32-bba3-11e8-b2b9-ac1f6b6435d0,18,18
b91c52e8-bb9e-11e8-b2b9-ac1f6b6435d0,16 14,14
b91f5b84-bbb0-11e8-b2ba-ac1f6b6435d0,6,6
b9211a6e-bb9c-11e8-b2b9-ac1f6b6435d0,23,23
b922da7e-bb9d-11e8-b2b9-ac1f6b6435d0,6,6 25
b9231cfa-bbb6-11e8-b2ba-ac1f6b6435d0,25 1 0,1
b92484fa-bbb1-11e8-b2ba-ac1f6b6435d0,25,25
b927ef4a-bbb2-11e8-b2ba-ac1f6b6435d0,7,4 7
b92862de-bbc8-11e8-b2bc-ac1f6b6435d0,7 5,7
b92925de-bbbe-11e8-b2ba-ac1f6b6435d0,25 21,21 25
b92c88ea-bbb5-11e8-b2ba-ac1f6b6435d0,23,23
b92f1b26-bbbc-11e8-b2ba-ac1f6b6435d0,11,11
b930cbde-bba7-11e8-b2ba-ac1f6b6435d0,7 0,0 7
b931cdde-bbc7-11e8-b2bc-ac1f6b6435d0,0,0
b93372c6-bbac-11e8-b2ba-ac1f6b6435d0,19,0 19
b9349fa2-bbbb-11e8-b2ba-ac1f6b6435d0,0,0 17
b93568fa-bb99-11e8-b2b9-ac1f6b6435d0,4 0,0 4
b93c0890-bbbc-11e8-b2ba-ac1f6b6435d0,25 3 0,3
b93ca372-bbc1-11e8-b2bb-ac1f6b6435d0,1 2 0,0 1
b93d1fe2-bbb6-11e8-b2ba-ac1f6b6435d0,7,7
b93dc910-bba7-11e8-b2ba-ac1f6b6435d0,19 25,19 25
b93fbdce-bbb1-11e8-b2ba-ac1f6b6435d0,0 21,0 12 21
b94181ba-bbc8-11e8-b2bc-ac1f6b6435d0,25 0,3
b9458bac-bbbe-11e8-b2ba-ac1f6b6435d0,25,25
b94801e4-bb9a-11e8-b2b9-ac1f6b6435d0,23 4,4 23
b94a3350-bbbe-11e8-b2ba-ac1f6b6435d0,11,11
b94c1aa0-bbad-11e8-b2ba-ac1f6b6435d0,25 14 2,2 14 25
b94c6f8a-bbc3-11e8-b2bc-ac1f6b6435d0,19 2,2 19
b94cc78c-bba5-11e8-b2ba-ac1f6b6435d0,2 0,0
b94e2424-bba0-11e8-b2b9-ac1f6b6435d0,5 0,5
b94f4936-bbc2-11e8-b2bc-ac1f6b6435d0,7 5,3
b94f505e-bbc5-11e8-b2bc-ac1f6b6435d0,4,4
b94fefaa-bbc0-11e8-b2bb-ac1f6b6435d0,19,19
b951e022-bbbf-11e8-b2bb-ac1f6b6435d0,25 7 0,0 7
b951f366-bbb3-11e8-b2ba-ac1f6b6435d0,11,11
b952ae1a-bbb7-11e8-b2ba-ac1f6b6435d0,19 25,19 25
b956696e-bbbd-11e8-b2ba-ac1f6b6435d0,7 4,13
b959936e-bbc2-11e8-b2bc-ac1f6b6435d0,23,23
b95b12c2-bbc5-11e8-b2bc-ac1f6b6435d0,0,0
b95eeeca-bbbf-11e8-b2bb-ac1f6b6435d0,18,19
b95f1756-bbc4-11e8-b2bc-ac1f6b6435d0,25 4,4 25
b964f7a2-bba6-11e8-b2ba-ac1f6b6435d0,13,13
b968d66e-bbbb-11e8-b2ba-ac1f6b6435d0,25,17 25
b9694df4-bbc7-11e8-b2bc-ac1f6b6435d0,25 0,0 25
b96a7c88-bb9f-11e8-b2b9-ac1f6b6435d0,21,21
b96ab67e-bbc9-11e8-b2bc-ac1f6b6435d0,24,24
b96ac374-bbc1-11e8-b2bb-ac1f6b6435d0,3,3
b96b74aa-bbac-11e8-b2ba-ac1f6b6435d0,18,18
b96cdc92-bba6-11e8-b2ba-ac1f6b6435d0,7,7 20
b96d45e4-bbc2-11e8-b2bc-ac1f6b6435d0,25,25
b9736050-bb9a-11e8-b2b9-ac1f6b6435d0,2,2
b973a4d4-bb9a-11e8-b2b9-ac1f6b6435d0,23,23
b978e96c-bba4-11e8-b2ba-ac1f6b6435d0,21,21
b9790126-bbaf-11e8-b2ba-ac1f6b6435d0,16 14 0,0 14
b979617a-bbc3-11e8-b2bc-ac1f6b6435d0,5,0 5
b97ba770-bba8-11e8-b2ba-ac1f6b6435d0,23,23
b97d5fc0-bb9e-11e8-b2b9-ac1f6b6435d0,12,12
b9835e8a-bba7-11e8-b2ba-ac1f6b6435d0,25 1 0,0
b98420e4-bbc6-11e8-b2bc-ac1f6b6435d0,21,21
b986f4be-bbac-11e8-b2ba-ac1f6b6435d0,25 5,0 5
b98b0e46-bbb1-11e8-b2ba-ac1f6b6435d0,23,23
b98d9c36-bbc2-11e8-b2bc-ac1f6b6435d0,0,0
b992015a-bbb7-11e8-b2ba-ac1f6b6435d0,0,0
b9934a72-bbaf-11e8-b2ba-ac1f6b6435d0,25,25
b99515d8-bba9-11e8-b2ba-ac1f6b6435d0,7 0,0 7
b99a8e06-bb99-11e8-b2b9-ac1f6b6435d0,19 25,19 25
b99b22f4-bbc0-11e8-b2bb-ac1f6b6435d0,25 0,0 21
b99bdc78-bbbe-11e8-b2ba-ac1f6b6435d0,0 21,21
b99d9c66-bba5-11e8-b2ba-ac1f6b6435d0,23,2 23
b99dc86a-bbc5-11e8-b2bc-ac1f6b6435d0,0,0
b99ebf04-bba7-11e8-b2ba-ac1f6b6435d0,25,19 25
b9a68698-bbc1-11e8-b2bb-ac1f6b6435d0,5,5
b9af306c-bbc2-11e8-b2bc-ac1f6b6435d0,1,0 1
b9b45b38-bbc6-11e8-b2bc-ac1f6b6435d0,25 0,25
b9b817c0-bbab-11e8-b2ba-ac1f6b6435d0,4,0
b9b8341a-bb99-11e8-b2b9-ac1f6b6435d0,7,21
b9b88056-bbb6-11e8-b2ba-ac1f6b6435d0,2,2
b9bad040-bbca-11e8-b2bc-ac1f6b6435d0,25 6,25
b9c05768-bbb1-11e8-b2ba-ac1f6b6435d0,4,2 4
b9c0ca90-bbac-11e8-b2ba-ac1f6b6435d0,23 0,0 23
b9c1704e-bbbb-11e8-b2ba-ac1f6b6435d0,25 18,25
b9c60af6-bbc9-11e8-b2bc-ac1f6b6435d0,19 4,0
b9ccf63c-bba5-11e8-b2ba-ac1f6b6435d0,25,25
b9cdedf0-bbad-11e8-b2ba-ac1f6b6435d0,7 0,0 7
b9d3334e-bbc3-11e8-b2bc-ac1f6b6435d0,25,25
b9d344ee-bba3-11e8-b2b9-ac1f6b6435d0,23 0,0 23
b9dbd6ec-bbc9-11e8-b2bc-ac1f6b6435d0,25,21 25
b9dd39b0-bbbf-11e8-b2bb-ac1f6b6435d0,6,6
b9e29b8e-bbca-11e8-b2bc-ac1f6b6435d0,25 7,7 25
b9e2c1de-bbb8-11e8-b2ba-ac1f6b6435d0,0,0
b9e66f66-bba7-11e8-b2ba-ac1f6b6435d0,4,4
b9e6bdec-bbc3-11e8-b2bc-ac1f6b6435d0,4,4
b9e711c6-bbae-11e8-b2ba-ac1f6b6435d0,0,0
b9e7dc5e-bb9b-11e8-b2b9-ac1f6b6435d0,7 21,7 21
b9eb2af6-bbc0-11e8-b2bb-ac1f6b6435d0,2 0,0 2
b9ef33a8-bbb6-11e8-b2ba-ac1f6b6435d0,25 0,0 25
b9ef3938-bbc6-11e8-b2bc-ac1f6b6435d0,25 2 0,3 25
b9ef4eaa-bba8-11e8-b2ba-ac1f6b6435d0,25 3,3 25
b9f076b4-bbac-11e8-b2ba-ac1f6b6435d0,7,7
b9f169cc-bbc3-11e8-b2bc-ac1f6b6435d0,22 25 0,0 21 22
b9f190b2-bbac-11e8-b2ba-ac1f6b6435d0,6,25
b9f1bfa0-bbb7-11e8-b2ba-ac1f6b6435d0,6,6
b9f3fc20-bba3-11e8-b2b9-ac1f6b6435d0,23 0,0 23
b9f67ab2-bbb3-11e8-b2ba-ac1f6b6435d0,25,25
b9f8b9f4-bbc1-11e8-b2bb-ac1f6b6435d0,18,17 18
b9f9dd92-bb9a-11e8-b2b9-ac1f6b6435d0,3,0 3
b9fe65dc-bba5-11e8-b2ba-ac1f6b6435d0,4,2 4
ba00e8aa-bba7-11e8-b2ba-ac1f6b6435d0,0,4
ba04f0be-bbaf-11e8-b2ba-ac1f6b6435d0,0,0
ba05ebba-bba3-11e8-b2b9-ac1f6b6435d0,5,0 5
ba086f7a-bba3-11e8-b2b9-ac1f6b6435d0,3 0,3
ba091fb0-bbb2-11e8-b2ba-ac1f6b6435d0,0,0
ba0b7ef6-bbb5-11e8-b2ba-ac1f6b6435d0,4,4
ba0b8f88-bbc2-11e8-b2bc-ac1f6b6435d0,23,19
ba0f383e-bbab-11e8-b2ba-ac1f6b6435d0,25 2 0,0 2 25
ba0fdd72-bbc7-11e8-b2bc-ac1f6b6435d0,21,13 21
ba1043be-bbb5-11e8-b2ba-ac1f6b6435d0,19,19
ba10a22e-bbc3-11e8-b2bc-ac1f6b6435d0,7 0,0 7 13
ba12a65c-bbc6-11e8-b2bc-ac1f6b6435d0,4,4
ba14a88a-bbc6-11e8-b2bc-ac1f6b6435d0,25 0,0 25
ba173242-bbc3-11e8-b2bc-ac1f6b6435d0,12,12
ba1b3f8c-bb9f-11e8-b2b9-ac1f6b6435d0,25 5,0
ba1d3b16-bbc2-11e8-b2bc-ac1f6b6435d0,20 0,0 20
ba1fe768-bb99-11e8-b2b9-ac1f6b6435d0,25 0,4
ba22a5ca-bb9e-11e8-b2b9-ac1f6b6435d0,6,25
ba23b0dc-bbad-11e8-b2ba-ac1f6b6435d0,23 0,0 23
ba25022e-bb9a-11e8-b2b9-ac1f6b6435d0,21,21
ba25adf6-bbb7-11e8-b2ba-ac1f6b6435d0,24 11,11
ba28c274-bbc2-11e8-b2bc-ac1f6b6435d0,3,3
ba2a1f2c-bbca-11e8-b2bc-ac1f6b6435d0,23,23
ba2b474a-bbb0-11e8-b2ba-ac1f6b6435d0,25 0,0
ba316150-bba3-11e8-b2b9-ac1f6b6435d0,25 5,0 25
ba322b52-bbb3-11e8-b2ba-ac1f6b6435d0,23 4,4 23
ba342dde-bbb9-11e8-b2ba-ac1f6b6435d0,21,21
ba359224-bbb8-11e8-b2ba-ac1f6b6435d0,4,4
ba35a37a-bbbf-11e8-b2bb-ac1f6b6435d0,18,18 19
ba37beac-bbc5-11e8-b2bc-ac1f6b6435d0,0 21,0 21
ba386cfa-bbbe-11e8-b2ba-ac1f6b6435d0,0,0
ba394ff2-bba6-11e8-b2ba-ac1f6b6435d0,4 21,0
ba3bec7c-bbbe-11e8-b2ba-ac1f6b6435d0,25 3,25
ba3bf278-bbc1-11e8-b2bb-ac1f6b6435d0,7 5,0 5 7
ba3ca9f0-bbbe-11e8-b2ba-ac1f6b6435d0,23 0,0
ba3ce546-bbb9-11e8-b2ba-ac1f6b6435d0,12 0,0 12 13
ba3e9922-bbaa-11e8-b2ba-ac1f6b6435d0,12 4,4 11
ba3feb42-bbc3-11e8-b2bc-ac1f6b6435d0,13,13
ba413e46-bba7-11e8-b2ba-ac1f6b6435d0,7,7
ba4232d6-bba4-11e8-b2ba-ac1f6b6435d0,23,23
ba4274be-bbb1-11e8-b2ba-ac1f6b6435d0,19 0 21,0 19 21
ba4456f8-bbac-11e8-b2ba-ac1f6b6435d0,25,25
ba47b746-bba5-11e8-b2ba-ac1f6b6435d0,16 25 0,0 16 25
ba494b88-bbb9-11e8-b2ba-ac1f6b6435d0,24 0,4
ba495a10-bbaa-11e8-b2ba-ac1f6b6435d0,5 0,0 5
ba4b3586-bba7-11e8-b2ba-ac1f6b6435d0,2 0 21,21
ba54f47c-bbb1-11e8-b2ba-ac1f6b6435d0,3,3
ba563a86-bbab-11e8-b2ba-ac1f6b6435d0,5,0
ba58a2b8-bb9b-11e8-b2b9-ac1f6b6435d0,26 0,0 26
ba5e812c-bbb1-11e8-b2ba-ac1f6b6435d0,21,21
ba603a4a-bbc4-11e8-b2bc-ac1f6b6435d0,25 0 21,21 25
ba60d808-bbc7-11e8-b2bc-ac1f6b6435d0,7,7
ba63239e-bbc5-11e8-b2bc-ac1f6b6435d0,2 0,0 2
ba6506cc-bba3-11e8-b2b9-ac1f6b6435d0,12 25 21,25
ba675ebe-bbb1-11e8-b2ba-ac1f6b6435d0,7,7
ba6959ae-bba6-11e8-b2ba-ac1f6b6435d0,23,23
ba6dfb64-bbc7-11e8-b2bc-ac1f6b6435d0,7,7
ba73f658-bbb9-11e8-b2ba-ac1f6b6435d0,25 0,0 25
ba77ab66-bbca-11e8-b2bc-ac1f6b6435d0,5,5
ba786a4a-bb9f-11e8-b2b9-ac1f6b6435d0,25 0,0 25
ba7b51d4-bbc6-11e8-b2bc-ac1f6b6435d0,0,0
ba7c54c4-bba0-11e8-b2b9-ac1f6b6435d0,0,0
ba7d88ec-bbbb-11e8-b2ba-ac1f6b6435d0,26 0,4 26
ba7f49c8-bbc7-11e8-b2bc-ac1f6b6435d0,4,4
ba7f60b6-bbae-11e8-b2ba-ac1f6b6435d0,25,25
ba7fc5a8-bbca-11e8-b2bc-ac1f6b6435d0,2 0,0 2
ba802788-bbb5-11e8-b2ba-ac1f6b6435d0,5 0,5 19
ba8074b0-bbae-11e8-b2ba-ac1f6b6435d0,19 4,4
ba81db22-bba7-11e8-b2ba-ac1f6b6435d0,21,21
ba85de70-bba7-11e8-b2ba-ac1f6b6435d0,1,1
ba8818de-bbb6-11e8-b2ba-ac1f6b6435d0,2,2
ba896ce0-bb9b-11e8-b2b9-ac1f6b6435d0,11,0 25
ba8a6a90-bbab-11e8-b2ba-ac1f6b6435d0,3 0,0 3
ba8b612e-bb9d-11e8-b2b9-ac1f6b6435d0,20 0,0 20
ba8c434c-bbb5-11e8-b2ba-ac1f6b6435d0,19,19 25
ba91b742-bbc8-11e8-b2bc-ac1f6b6435d0,18 3,3
ba922ef4-bbc1-11e8-b2bb-ac1f6b6435d0,11 0,0 11
ba9394d6-bbc3-11e8-b2bc-ac1f6b6435d0,25 0,0 25
ba949f6e-bbc5-11e8-b2bc-ac1f6b6435d0,25 0,0 25
ba959582-bbbf-11e8-b2bb-ac1f6b6435d0,21,25
ba962844-bbab-11e8-b2ba-ac1f6b6435d0,23,19 23
ba99e0e2-bbb5-11e8-b2ba-ac1f6b6435d0,2 0,0 2
ba9a04c8-bbc9-11e8-b2bc-ac1f6b6435d0,7 2 0,0 2 7
ba9a6486-bb9c-11e8-b2b9-ac1f6b6435d0,0,0
ba9c7252-bb9d-11e8-b2b9-ac1f6b6435d0,0,0
ba9f6160-bba2-11e8-b2b9-ac1f6b6435d0,3,3
baa28024-bbb2-11e8-b2ba-ac1f6b6435d0,25 7 0 21,0 7
baa5bfda-bba0-11e8-b2b9-ac1f6b6435d0,14,14
baa940c8-bbb5-11e8-b2ba-ac1f6b6435d0,25 2,11
baaa3366-bbab-11e8-b2ba-ac1f6b6435d0,0,5
baaacada-bba4-11e8-b2ba-ac1f6b6435d0,25 7 0,0 7
baafa022-bbaf-11e8-b2ba-ac1f6b6435d0,25 0,0 25
bab0a522-bbb3-11e8-b2ba-ac1f6b6435d0,25,25
bab6158a-bb99-11e8-b2b9-ac1f6b6435d0,25 0,0 25
bab8db6c-bbbc-11e8-b2ba-ac1f6b6435d0,19 23,23 25
baba2cea-bbaf-11e8-b2ba-ac1f6b6435d0,21,2 21
babaac1a-bbbe-11e8-b2ba-ac1f6b6435d0,0,0 25
babdf45c-bbae-11e8-b2ba-ac1f6b6435d0,25 3 0,3
babe5cc2-bb9e-11e8-b2b9-ac1f6b6435d0,21,21
bac04642-bbb5-11e8-b2ba-ac1f6b6435d0,1,1
bac1eaa4-bbbc-11e8-b2ba-ac1f6b6435d0,14 21,21
bac22fc6-bbb4-11e8-b2ba-ac1f6b6435d0,25 4 3,0 25
bac2a294-bbaa-11e8-b2ba-ac1f6b6435d0,2,2
bac3a12c-bba9-11e8-b2ba-ac1f6b6435d0,4 21,4 21 25
bac4381a-bbc9-11e8-b2bc-ac1f6b6435d0,4 21,4 21
bacc21b4-bbc5-11e8-b2bc-ac1f6b6435d0,2 0,0 2
bacc8a64-bbc5-11e8-b2bc-ac1f6b6435d0,12,12
baccb67c-bbc7-11e8-b2bc-ac1f6b6435d0,7 0,0 7
bacfff74-bbab-11e8-b2ba-ac1f6b6435d0,2,2
bad0e24e-bba2-11e8-b2b9-ac1f6b6435d0,21,21
bad33ae0-bba6-11e8-b2ba-ac1f6b6435d0,25 2 0,0 2
bad352ca-bba9-11e8-b2ba-ac1f6b6435d0,0 21,0 21 25
bad48dd0-bba8-11e8-b2ba-ac1f6b6435d0,2,2
bad55940-bb9e-11e8-b2b9-ac1f6b6435d0,0,0
bad6e3ce-bbac-11e8-b2ba-ac1f6b6435d0,0,0 2
bad7e3f2-bb9b-11e8-b2b9-ac1f6b6435d0,25 1,21 25
bad9dc46-bbb6-11e8-b2ba-ac1f6b6435d0,19,5
baddc902-bbc8-11e8-b2bc-ac1f6b6435d0,2 0,0 2
baddfb28-bba7-11e8-b2ba-ac1f6b6435d0,7,7
bade173a-bb9c-11e8-b2b9-ac1f6b6435d0,25 7 2,2 3 7 25
bae4a960-bba1-11e8-b2b9-ac1f6b6435d0,25,25
bae64db4-bbac-11e8-b2ba-ac1f6b6435d0,25 23,25
bae91d88-bba6-11e8-b2ba-ac1f6b6435d0,25,25
baec7120-bbbc-11e8-b2ba-ac1f6b6435d0,25 4,4
baf17fee-bbbc-11e8-b2ba-ac1f6b6435d0,0,0 5 25
baf612b8-bb9c-11e8-b2b9-ac1f6b6435d0,2 0,0 2
baf63128-bb9f-11e8-b2b9-ac1f6b6435d0,0 21,0 22
baf82a88-bbb2-11e8-b2ba-ac1f6b6435d0,25 13,13
baf8dc98-bbbd-11e8-b2ba-ac1f6b6435d0,18,0 19
baf8dd8a-bbc0-11e8-b2bb-ac1f6b6435d0,25,6
bafb8dd8-bbb0-11e8-b2ba-ac1f6b6435d0,5,5
bafc31f8-bba0-11e8-b2b9-ac1f6b6435d0,21,26
bafcded8-bbae-11e8-b2ba-ac1f6b6435d0,25,25
bafd16e4-bbb0-11e8-b2ba-ac1f6b6435d0,3 0,0 3
bafee4f2-bba5-11e8-b2ba-ac1f6b6435d0,25 3 0,0 3 25
bb02d2b0-bba5-11e8-b2ba-ac1f6b6435d0,25 0,0 21
bb05c44e-bbb3-11e8-b2ba-ac1f6b6435d0,6,6
bb063198-bba1-11e8-b2b9-ac1f6b6435d0,23,25
bb07875e-bba2-11e8-b2b9-ac1f6b6435d0,25 7,25
bb0a4b62-bbaa-11e8-b2ba-ac1f6b6435d0,2,2
bb0b8a76-bbbf-11e8-b2bb-ac1f6b6435d0,6 2,1 2 6
bb0d802e-bb9c-11e8-b2b9-ac1f6b6435d0,19 0,0 25
bb0e0e5a-bbc8-11e8-b2bc-ac1f6b6435d0,23,23
bb1046b4-bbca-11e8-b2bc-ac1f6b6435d0,13 7 0,0 7 13
bb11bad4-bbb7-11e8-b2ba-ac1f6b6435d0,25,0
bb1339a8-bbae-11e8-b2ba-ac1f6b6435d0,25 21,0 25
bb138142-bbbd-11e8-b2ba-ac1f6b6435d0,25 0 21,0 25
bb15f496-bba8-11e8-b2ba-ac1f6b6435d0,19 0,0 19
bb16ecd4-bbc6-11e8-b2bc-ac1f6b6435d0,22,22
bb189556-bba4-11e8-b2ba-ac1f6b6435d0,1 0,0 1
bb1c8e5e-bb9a-11e8-b2b9-ac1f6b6435d0,25 1,1 25
bb1d3824-bbac-11e8-b2ba-ac1f6b6435d0,19,19
bb2073da-bbb7-11e8-b2ba-ac1f6b6435d0,23 0,0 23
bb20e0de-bba5-11e8-b2ba-ac1f6b6435d0,25 0,6
bb2232c4-bbc6-11e8-b2bc-ac1f6b6435d0,4 0 21,21 25
bb24d7a2-bbaa-11e8-b2ba-ac1f6b6435d0,21,5 21 22
bb27d5a2-bba9-11e8-b2ba-ac1f6b6435d0,7,7
bb28cebc-bb9f-11e8-b2b9-ac1f6b6435d0,7,7
bb295398-bbc5-11e8-b2bc-ac1f6b6435d0,25 4,4 25
bb2f40d8-bbc9-11e8-b2bc-ac1f6b6435d0,25 21,21
bb30b670-bbb5-11e8-b2ba-ac1f6b6435d0,25 0,0 5 25
bb315ce8-bbaf-11e8-b2ba-ac1f6b6435d0,7,7 8
bb32bfcc-bbbc-11e8-b2ba-ac1f6b6435d0,4,4
bb33571c-bbb1-11e8-b2ba-ac1f6b6435d0,11 2,2 25
bb33b174-bbbd-11e8-b2ba-ac1f6b6435d0,16 25 14,16 25
bb353778-bba0-11e8-b2b9-ac1f6b6435d0,13 0,0 13
bb36e58c-bbbe-11e8-b2ba-ac1f6b6435d0,25 4,4 25
bb386892-bbb6-11e8-b2ba-ac1f6b6435d0,25 0,0 25
bb39df1e-bbb2-11e8-b2ba-ac1f6b6435d0,0,0
bb3e847c-bbaa-11e8-b2ba-ac1f6b6435d0,7,7
bb40bdd6-bbc4-11e8-b2bc-ac1f6b6435d0,25,25
bb432472-bbc9-11e8-b2bc-ac1f6b6435d0,21,21
bb447df2-bbb2-11e8-b2ba-ac1f6b6435d0,0,0 18
bb44a978-bba1-11e8-b2b9-ac1f6b6435d0,16 25 0,0 2
bb46e7c6-bb9f-11e8-b2b9-ac1f6b6435d0,25 23,21 25
bb49acee-bbaa-11e8-b2ba-ac1f6b6435d0,25 0 21,0 25 26
bb4c744e-bba3-11e8-b2b9-ac1f6b6435d0,7,7
bb4de1d0-bbbc-11e8-b2ba-ac1f6b6435d0,25 6 0,0 6 25
bb50e9ac-bba8-11e8-b2ba-ac1f6b6435d0,12,12
bb557a84-bbb8-11e8-b2ba-ac1f6b6435d0,25 2,0 2 25
bb5994aa-bba6-11e8-b2ba-ac1f6b6435d0,7,23
bb5a25f8-bbc1-11e8-b2bb-ac1f6b6435d0,5 21,5 21
bb5a5760-bba5-11e8-b2ba-ac1f6b6435d0,23,23
bb5ae528-bbc7-11e8-b2bc-ac1f6b6435d0,0 21,0
bb5b15b2-bba8-11e8-b2ba-ac1f6b6435d0,25 2,2 25
bb617fe2-bb9e-11e8-b2b9-ac1f6b6435d0,0 21,0 25
bb6487e4-bbb4-11e8-b2ba-ac1f6b6435d0,0 21,0 21 25
bb665668-bbbf-11e8-b2bb-ac1f6b6435d0,21,25
bb672ca4-bbca-11e8-b2bc-ac1f6b6435d0,5,21
bb693a3c-bbb4-11e8-b2ba-ac1f6b6435d0,11,11
bb6e6632-bbb0-11e8-b2ba-ac1f6b6435d0,5,5
bb70037c-bbbd-11e8-b2ba-ac1f6b6435d0,14,14 25
bb72856e-bbab-11e8-b2ba-ac1f6b6435d0,23,7 23
bb7396ac-bbab-11e8-b2ba-ac1f6b6435d0,11,11
bb7a1188-bbbc-11e8-b2ba-ac1f6b6435d0,25 5,25
bb7daac4-bbac-11e8-b2ba-ac1f6b6435d0,25 0,0 23
bb7de6dc-bbc1-11e8-b2bb-ac1f6b6435d0,25 23 0,0
bb7ee9fe-bbc8-11e8-b2bc-ac1f6b6435d0,4,4
bb7f86fa-bba2-11e8-b2b9-ac1f6b6435d0,25 2 0,0 2 25
bb81b060-bba2-11e8-b2b9-ac1f6b6435d0,25 14,14 25
bb829160-bba7-11e8-b2ba-ac1f6b6435d0,0 21,0 21
bb836480-bbb3-11e8-b2ba-ac1f6b6435d0,25 2 0 21,0 2 21 25
bb83dd02-bbb3-11e8-b2ba-ac1f6b6435d0,0 21,0
bb84066a-bbbd-11e8-b2ba-ac1f6b6435d0,23 3 0,0 23
bb894198-bba4-11e8-b2ba-ac1f6b6435d0,12 0,0 21
bb8cb54e-bbb3-11e8-b2ba-ac1f6b6435d0,25 4,4 25
bb903172-bbc9-11e8-b2bc-ac1f6b6435d0,2 0,0 2
bb94fe9e-bbad-11e8-b2ba-ac1f6b6435d0,19,19
bb954894-bba4-11e8-b2ba-ac1f6b6435d0,2,2
bb96bf6e-bbb6-11e8-b2ba-ac1f6b6435d0,25 5,5 25
bb9a4c7c-bbc2-11e8-b2bc-ac1f6b6435d0,7,0 7
bb9a63c8-bbaf-11e8-b2ba-ac1f6b6435d0,25 2 0 21,2 21 25
bb9bf8c6-bba2-11e8-b2b9-ac1f6b6435d0,25 0,0
bb9c1b1a-bbbd-11e8-b2ba-ac1f6b6435d0,23,2 23
bba78d9c-bbbd-11e8-b2ba-ac1f6b6435d0,23 0,0 23
bba7cc06-bbb5-11e8-b2ba-ac1f6b6435d0,6 2,2 21
bba8fab2-bb9d-11e8-b2b9-ac1f6b6435d0,5 21,0 21
bba9db80-bbac-11e8-b2ba-ac1f6b6435d0,23 0,0 23
bbade4ee-bbc2-11e8-b2bc-ac1f6b6435d0,23,23
bbaedbe8-bbad-11e8-b2ba-ac1f6b6435d0,7 0,0 7
bbb26468-bbc4-11e8-b2bc-ac1f6b6435d0,1,1 6
bbb2f750-bba3-11e8-b2b9-ac1f6b6435d0,12 7 4,12
bbb5725a-bb9e-11e8-b2b9-ac1f6b6435d0,0,0
bbb5c09a-bbc4-11e8-b2bc-ac1f6b6435d0,26 3,7
bbb7d938-bbb1-11e8-b2ba-ac1f6b6435d0,25 5,25
bbb8710e-bbca-11e8-b2bc-ac1f6b6435d0,2 0,0 2 7
bbb9fde2-bb9a-11e8-b2b9-ac1f6b6435d0,6,6
bbba0ec8-bba8-11e8-b2ba-ac1f6b6435d0,4,4
bbbd029a-bbb2-11e8-b2ba-ac1f6b6435d0,2 0,0 2
bbc1c000-bbad-11e8-b2ba-ac1f6b6435d0,5,0 5
bbca156c-bbb1-11e8-b2ba-ac1f6b6435d0,3 0,0 2 3
bbd2a2b4-bbb5-11e8-b2ba-ac1f6b6435d0,3,3
bbd8c0aa-bbbe-11e8-b2ba-ac1f6b6435d0,25 0,0 25
bbdd78aa-bbc0-11e8-b2bb-ac1f6b6435d0,22,22
bbe12680-bbb6-11e8-b2ba-ac1f6b6435d0,22,0 22 25
bbe3b566-bba8-11e8-b2ba-ac1f6b6435d0,25 0,0
bbe3bf1a-bbc7-11e8-b2bc-ac1f6b6435d0,18 0,0 7 25
bbe3e012-bba4-11e8-b2ba-ac1f6b6435d0,25,25
bbe8c266-bbaf-11e8-b2ba-ac1f6b6435d0,19,19
bbec1210-bbb7-11e8-b2ba-ac1f6b6435d0,5 0,0
bbedcf24-bba3-11e8-b2b9-ac1f6b6435d0,4,4
bbefef72-bbba-11e8-b2ba-ac1f6b6435d0,6,6
bbf37146-bba2-11e8-b2b9-ac1f6b6435d0,19,19 25
bbf775bc-bba1-11e8-b2b9-ac1f6b6435d0,25 7 0,0 7 25
bbfbd48a-bbb1-11e8-b2ba-ac1f6b6435d0,23,23
bbfcafd8-bbaf-11e8-b2ba-ac1f6b6435d0,1 2,1 2
bbfe004c-bba8-11e8-b2ba-ac1f6b6435d0,6,6
bc027260-bbc8-11e8-b2bc-ac1f6b6435d0,26,21
bc03073e-bbbe-11e8-b2ba-ac1f6b6435d0,0,0
bc069482-bb9e-11e8-b2b9-ac1f6b6435d0,2 0,0 2
bc09b676-bbc6-11e8-b2bc-ac1f6b6435d0,5 0,0
bc09c9e0-bbad-11e8-b2ba-ac1f6b6435d0,25 4,26
bc107aec-bba8-11e8-b2ba-ac1f6b6435d0,0,0 26
bc120d24-bba5-11e8-b2ba-ac1f6b6435d0,5,5
bc12d178-bbc8-11e8-b2bc-ac1f6b6435d0,1 21,1 21
bc13fb7c-bba3-11e8-b2b9-ac1f6b6435d0,0,0
bc16fab0-bb9f-11e8-b2b9-ac1f6b6435d0,25 2,2 6
bc17b79a-bba2-11e8-b2b9-ac1f6b6435d0,5,5
bc197958-bbc1-11e8-b2bb-ac1f6b6435d0,24 11,0 11
bc1b3668-bbbb-11e8-b2ba-ac1f6b6435d0,24,24
bc1b8c44-bbc5-11e8-b2bc-ac1f6b6435d0,25 18 0,18 25
bc1c703a-bbb3-11e8-b2ba-ac1f6b6435d0,23 2,2
bc1e8d72-bba7-11e8-b2ba-ac1f6b6435d0,5,5
bc1ed148-bb9c-11e8-b2b9-ac1f6b6435d0,23,23
bc2584f2-bba6-11e8-b2ba-ac1f6b6435d0,12 25 0,0 12
bc286b76-bbca-11e8-b2bc-ac1f6b6435d0,4,4
bc2af5a0-bbc3-11e8-b2bc-ac1f6b6435d0,21,21 25
bc2f6526-bbc9-11e8-b2bc-ac1f6b6435d0,16 25 0,0 16
bc2fdbf6-bbb9-11e8-b2ba-ac1f6b6435d0,0,4
bc32420c-bba9-11e8-b2ba-ac1f6b6435d0,3,3
bc32b6a4-bb9c-11e8-b2b9-ac1f6b6435d0,23,25
bc3402ac-bbb0-11e8-b2ba-ac1f6b6435d0,25,25
bc35a91e-bbaf-11e8-b2ba-ac1f6b6435d0,19,19
bc3764b6-bbb9-11e8-b2ba-ac1f6b6435d0,4,4
bc394372-bba9-11e8-b2ba-ac1f6b6435d0,19 25 0,0 25
bc39818c-bbb5-11e8-b2ba-ac1f6b6435d0,25 0,3
bc3a2082-bbb6-11e8-b2ba-ac1f6b6435d0,6,6 23
bc3a40fe-bbba-11e8-b2ba-ac1f6b6435d0,7,7
bc410a5a-bba7-11e8-b2ba-ac1f6b6435d0,24 4,4 24
bc42f05a-bb9c-11e8-b2b9-ac1f6b6435d0,1,1
bc45149c-bbac-11e8-b2ba-ac1f6b6435d0,12 25,12
bc4525c4-bbbe-11e8-b2ba-ac1f6b6435d0,25,25
bc45d332-bba2-11e8-b2b9-ac1f6b6435d0,7,7
bc47e6e2-bbc3-11e8-b2bc-ac1f6b6435d0,19 0,0
bc4a3394-bb9a-11e8-b2b9-ac1f6b6435d0,12,12
bc4b3764-bbb6-11e8-b2ba-ac1f6b6435d0,25 21,0 25 26
bc4c7d6c-bbbc-11e8-b2ba-ac1f6b6435d0,21,21
bc4e4dfc-bba5-11e8-b2ba-ac1f6b6435d0,0,0
bc54268c-bbc8-11e8-b2bc-ac1f6b6435d0,25 5,5 25
bc592b78-bbc8-11e8-b2bc-ac1f6b6435d0,25 0,0 25
bc5f0166-bbbd-11e8-b2ba-ac1f6b6435d0,25 21,21
bc60e174-bb9b-11e8-b2b9-ac1f6b6435d0,2,2
bc63698c-bbbc-11e8-b2ba-ac1f6b6435d0,25 3,3 25
bc63d686-bba5-11e8-b2ba-ac1f6b6435d0,1,0 1
bc644030-bba0-11e8-b2b9-ac1f6b6435d0,23,0 23
bc64e57e-bbb1-11e8-b2ba-ac1f6b6435d0,26 3 0 21,0 25 26
bc65e8bc-bbb0-11e8-b2ba-ac1f6b6435d0,5,5
bc665ec2-bbb1-11e8-b2ba-ac1f6b6435d0,11 0,0 11
bc6748c4-bbbf-11e8-b2bb-ac1f6b6435d0,7,21
bc6abd82-bbac-11e8-b2ba-ac1f6b6435d0,4,4
bc6e24c8-bbb0-11e8-b2ba-ac1f6b6435d0,19,19
bc70536c-bbbd-11e8-b2ba-ac1f6b6435d0,7,7
bc720b98-bba0-11e8-b2b9-ac1f6b6435d0,4,4
bc721e4e-bbb4-11e8-b2ba-ac1f6b6435d0,25 0,0 25
bc72ff80-bbb9-11e8-b2ba-ac1f6b6435d0,13,13
bc737bce-bbb7-11e8-b2ba-ac1f6b6435d0,6,6
bc7434c6-bbc4-11e8-b2bc-ac1f6b6435d0,0,0 17
bc750666-bb9d-11e8-b2b9-ac1f6b6435d0,2 0,0
bc7a2cda-bbad-11e8-b2ba-ac1f6b6435d0,25 0,0 25
bc7aabca-bbc0-11e8-b2bb-ac1f6b6435d0,2,3 25
bc7f6b46-bbb7-11e8-b2ba-ac1f6b6435d0,25 0,0 25
bc7f881a-bb9e-11e8-b2b9-ac1f6b6435d0,12 25 21,4 12 21
bc8164ee-bbb4-11e8-b2ba-ac1f6b6435d0,21,6 25
bc816cbe-bbbe-11e8-b2ba-ac1f6b6435d0,0,0 25
bc82332e-bbb9-11e8-b2ba-ac1f6b6435d0,0 21,0 21
bc8314de-bb9a-11e8-b2b9-ac1f6b6435d0,5,5
bc840f78-bbb4-11e8-b2ba-ac1f6b6435d0,23,6 23
bc850fc8-bbb8-11e8-b2ba-ac1f6b6435d0,5,23
bc899740-bbaa-11e8-b2ba-ac1f6b6435d0,25 0,0 25
bc89db68-bbbb-11e8-b2ba-ac1f6b6435d0,23,2 23
bc8ad862-bbb9-11e8-b2ba-ac1f6b6435d0,2 0,2
bc90028a-bba8-11e8-b2ba-ac1f6b6435d0,0,0
bc902200-bb9f-11e8-b2b9-ac1f6b6435d0,7 1,1 7
bc902748-bbc0-11e8-b2bb-ac1f6b6435d0,0,0
bc92e34c-bbbc-11e8-b2ba-ac1f6b6435d0,19,19
bc936220-bb9b-11e8-b2b9-ac1f6b6435d0,6 14 2,2 6 14 25
bc99fb74-bbb1-11e8-b2ba-ac1f6b6435d0,25 11,11
bc9a4a4e-bbc4-11e8-b2bc-ac1f6b6435d0,0,0
bc9d2dd2-bbaa-11e8-b2ba-ac1f6b6435d0,22 0 21,0 22
bc9ee328-bbb6-11e8-b2ba-ac1f6b6435d0,25 3,2 3 25
bc9fd87a-bba0-11e8-b2b9-ac1f6b6435d0,2 0,0 2
bca33a9a-bbca-11e8-b2bc-ac1f6b6435d0,25,25
bca3e7be-bba8-11e8-b2ba-ac1f6b6435d0,25 0,0 25
bca81be4-bb9f-11e8-b2b9-ac1f6b6435d0,1 2,0 2
bcab5ed0-bbb8-11e8-b2ba-ac1f6b6435d0,1 2,1
bcac6f7e-bb9e-11e8-b2b9-ac1f6b6435d0,23 0,0 23
bcae267e-bbb8-11e8-b2ba-ac1f6b6435d0,0 21,0 21
bcb03e46-bbb8-11e8-b2ba-ac1f6b6435d0,7,7
bcb4ccda-bba0-11e8-b2b9-ac1f6b6435d0,25 21,25
bcb65640-bb9b-11e8-b2b9-ac1f6b6435d0,14 0,0 14
bcb67f3e-bba1-11e8-b2b9-ac1f6b6435d0,21,13 21 22
bcba1c8e-bbba-11e8-b2ba-ac1f6b6435d0,22,21 25
bcbe87ce-bbc4-11e8-b2bc-ac1f6b6435d0,24,24
bcc0e174-bba9-11e8-b2ba-ac1f6b6435d0,25 0,0 25
bcc3ec92-bba0-11e8-b2b9-ac1f6b6435d0,7,7
bcc401ea-bba6-11e8-b2ba-ac1f6b6435d0,19,0 18
bcc45fe0-bbc0-11e8-b2bb-ac1f6b6435d0,6,6 7 25
bcc4d02c-bbb8-11e8-b2ba-ac1f6b6435d0,13 0,0 12
bcc84a88-bba7-11e8-b2ba-ac1f6b6435d0,2 0,0 25
bcc94be6-bbab-11e8-b2ba-ac1f6b6435d0,13,13
bccaaef4-bbca-11e8-b2bc-ac1f6b6435d0,25 3,25
bccac2e0-bbac-11e8-b2ba-ac1f6b6435d0,2,2
bcd06032-bb9e-11e8-b2b9-ac1f6b6435d0,0,0
bcd4aac8-bb9b-11e8-b2b9-ac1f6b6435d0,7 0,0 7
bcd5cb1a-bbc3-11e8-b2bc-ac1f6b6435d0,25 23,6 23
bcd5f7d2-bb9d-11e8-b2b9-ac1f6b6435d0,25,25
bcd81364-bbca-11e8-b2bc-ac1f6b6435d0,11 5,11
bcd87a6e-bbae-11e8-b2ba-ac1f6b6435d0,24 18,18 24
bcda0cf2-bba0-11e8-b2b9-ac1f6b6435d0,5 0,0
bcda23a4-bba0-11e8-b2b9-ac1f6b6435d0,19 5 0,5 19
bcdbd96c-bbc6-11e8-b2bc-ac1f6b6435d0,7 0,0 23
bcdc493e-bba2-11e8-b2b9-ac1f6b6435d0,16 0,5
bcdec732-bbbf-11e8-b2bb-ac1f6b6435d0,25 0,25
bcdf294a-bb9a-11e8-b2b9-ac1f6b6435d0,21,21
bce5553c-bb9e-11e8-b2b9-ac1f6b6435d0,25 0,0 25
bce61a30-bbbc-11e8-b2ba-ac1f6b6435d0,25 2 21,2
bce7320c-bba9-11e8-b2ba-ac1f6b6435d0,5,5
bcec108a-bba7-11e8-b2ba-ac1f6b6435d0,21,21
bcefacb4-bb9c-11e8-b2b9-ac1f6b6435d0,3,3
bcefb8c8-bba9-11e8-b2ba-ac1f6b6435d0,23 0,23
bcefddfa-bbc5-11e8-b2bc-ac1f6b6435d0,23,23
bcf14bb4-bbb0-11e8-b2ba-ac1f6b6435d0,23 2,2 23
bcf40f1a-bbc0-11e8-b2bb-ac1f6b6435d0,0,0
bcf44906-bb9a-11e8-b2b9-ac1f6b6435d0,25 2,2 25
bcf50cda-bbb6-11e8-b2ba-ac1f6b6435d0,19 21,21
bcf5cd7c-bb99-11e8-b2b9-ac1f6b6435d0,3 0,0 3 25
bcf73002-bbb4-11e8-b2ba-ac1f6b6435d0,25 13 21,13
bcf8d226-bbc9-11e8-b2bc-ac1f6b6435d0,7,7
bcfacfac-bbb7-11e8-b2ba-ac1f6b6435d0,20,20
bcfbade4-bbb9-11e8-b2ba-ac1f6b6435d0,5 0,0 5
bcfbc790-bbbc-11e8-b2ba-ac1f6b6435d0,7 0,0 7
bcfde9a6-bbc3-11e8-b2bc-ac1f6b6435d0,23,19 23
bcfe334a-bbad-11e8-b2ba-ac1f6b6435d0,0,0
bd022472-bbc2-11e8-b2bc-ac1f6b6435d0,19 4,0 19
bd023f5a-bba1-11e8-b2b9-ac1f6b6435d0,14,0 3 14 25
bd02c496-bbc1-11e8-b2bb-ac1f6b6435d0,25 2 0,2 25
bd031618-bb9d-11e8-b2b9-ac1f6b6435d0,2 0,0 2
bd090262-bba2-11e8-b2b9-ac1f6b6435d0,23 2 0,0 2
bd112504-bbc6-11e8-b2bc-ac1f6b6435d0,23 0,0 23 25
bd131aa0-bbc9-11e8-b2bc-ac1f6b6435d0,25 0,0 25
bd1a3b6e-bba1-11e8-b2b9-ac1f6b6435d0,25 2 0,0
bd1c3fa6-bba4-11e8-b2ba-ac1f6b6435d0,13,5 25
bd1e0cc8-bba9-11e8-b2ba-ac1f6b6435d0,19 25 0,19 22
bd1fbd64-bba1-11e8-b2b9-ac1f6b6435d0,7,7
bd25f740-bbc1-11e8-b2bb-ac1f6b6435d0,7 0,0 7
bd282a10-bba3-11e8-b2b9-ac1f6b6435d0,13 0,0 13
bd2cfd22-bba5-11e8-b2ba-ac1f6b6435d0,25 5 1,21
bd32f856-bba7-11e8-b2ba-ac1f6b6435d0,4 21,4 21
bd345914-bbaf-11e8-b2ba-ac1f6b6435d0,7,23
bd3494de-bbb3-11e8-b2ba-ac1f6b6435d0,5 0,5
bd3926d0-bbad-11e8-b2ba-ac1f6b6435d0,2 0,0
bd3972a8-bbc0-11e8-b2bb-ac1f6b6435d0,25 4,4 25
bd39ba0c-bbab-11e8-b2ba-ac1f6b6435d0,19 23,19
bd3a7588-bbb9-11e8-b2ba-ac1f6b6435d0,23,23
bd3e3c46-bbae-11e8-b2ba-ac1f6b6435d0,22 5,22
bd3f54ca-bbbb-11e8-b2ba-ac1f6b6435d0,0,0 5 25
bd42d526-bbb8-11e8-b2ba-ac1f6b6435d0,25,23
bd42e0ac-bb9f-11e8-b2b9-ac1f6b6435d0,7,7
bd4a5338-bbad-11e8-b2ba-ac1f6b6435d0,7 5 0,0 5 7
bd4bda62-bbbe-11e8-b2ba-ac1f6b6435d0,14 3,14
bd4cba88-bbbc-11e8-b2ba-ac1f6b6435d0,3,3
bd4f9c5e-bba2-11e8-b2b9-ac1f6b6435d0,12 25 4,4
bd501dcc-bbb7-11e8-b2ba-ac1f6b6435d0,25 4 2,2 4 25
bd51fafa-bbaa-11e8-b2ba-ac1f6b6435d0,25,25
bd52e37a-bbaa-11e8-b2ba-ac1f6b6435d0,3,3 25
bd532bd4-bba3-11e8-b2b9-ac1f6b6435d0,23,23
bd542e52-bbb3-11e8-b2ba-ac1f6b6435d0,22 2 0,0
bd58ad0c-bbb2-11e8-b2ba-ac1f6b6435d0,7 0,7
bd596b60-bbb3-11e8-b2ba-ac1f6b6435d0,25 0,0
bd59d622-bbae-11e8-b2ba-ac1f6b6435d0,3 0,0
bd5a9ef0-bb9e-11e8-b2b9-ac1f6b6435d0,18,18
bd5af050-bbba-11e8-b2ba-ac1f6b6435d0,6 14 2,2 14
bd5f7c62-bb9a-11e8-b2b9-ac1f6b6435d0,0,0
bd606c84-bbc3-11e8-b2bc-ac1f6b6435d0,19 0,0 19 24
bd6301e8-bb9a-11e8-b2b9-ac1f6b6435d0,6,25
bd643b36-bbc6-11e8-b2bc-ac1f6b6435d0,11 0,0 11 24
bd65ad30-bbb3-11e8-b2ba-ac1f6b6435d0,13 18,7
bd662804-bbb9-11e8-b2ba-ac1f6b6435d0,25 0,5
bd6a46ca-bbc6-11e8-b2bc-ac1f6b6435d0,22 3,3 22
bd6ad43c-bbb7-11e8-b2ba-ac1f6b6435d0,25 1 0,0 1
bd70b5b2-bbb4-11e8-b2ba-ac1f6b6435d0,7,7
bd76169c-bba5-11e8-b2ba-ac1f6b6435d0,0,0 1
bd77e2da-bbc1-11e8-b2bb-ac1f6b6435d0,25 4,4 25
bd781d18-bba3-11e8-b2b9-ac1f6b6435d0,21,22 25
bd7a9d22-bb99-11e8-b2b9-ac1f6b6435d0,21,21
bd7b4712-bbc7-11e8-b2bc-ac1f6b6435d0,0,0
bd7be178-bbb2-11e8-b2ba-ac1f6b6435d0,12 13 21,12 21
bd7de738-bbc2-11e8-b2bc-ac1f6b6435d0,11 0,0
bd820a2a-bbb8-11e8-b2ba-ac1f6b6435d0,3,3
bd874c74-bbc7-11e8-b2bc-ac1f6b6435d0,25 1,1 25
bd875718-bbbe-11e8-b2ba-ac1f6b6435d0,25 5 2,25
bd8860e8-bbca-11e8-b2bc-ac1f6b6435d0,2 0,0 2
bd8a5884-bbbc-11e8-b2ba-ac1f6b6435d0,25 0,0 2
bd8be496-bb9f-11e8-b2b9-ac1f6b6435d0,7 0,0 7
bd8dd354-bbb9-11e8-b2ba-ac1f6b6435d0,18 0,0 18
bd8ded5a-bbbc-11e8-b2ba-ac1f6b6435d0,20 0,0
bd8eb284-bbc7-11e8-b2bc-ac1f6b6435d0,23,0 1
bd9484b4-bbc9-11e8-b2bc-ac1f6b6435d0,4 0,4
bd94c6ec-bba4-11e8-b2ba-ac1f6b6435d0,21,21
bd9807da-bbc7-11e8-b2bc-ac1f6b6435d0,0,0
bd9bf2ae-bbb9-11e8-b2ba-ac1f6b6435d0,25 0,0
bd9e2ae8-bbb8-11e8-b2ba-ac1f6b6435d0,23,23
bd9fcaf0-bb9b-11e8-b2b9-ac1f6b6435d0,3,3
bda14bae-bbb0-11e8-b2ba-ac1f6b6435d0,18,18
bda35858-bba2-11e8-b2b9-ac1f6b6435d0,12 0,12
bda64b3c-bbb9-11e8-b2ba-ac1f6b6435d0,25 5,5 25
bda76406-bba8-11e8-b2ba-ac1f6b6435d0,25 2 0 21,0 2 21 25
bda81b46-bbc9-11e8-b2bc-ac1f6b6435d0,0,0
bda83526-bbbb-11e8-b2ba-ac1f6b6435d0,7,7
bdab6ec2-bbc4-11e8-b2bc-ac1f6b6435d0,6,6
bdac1784-bba9-11e8-b2ba-ac1f6b6435d0,4,2 4
bdac5c0a-bba2-11e8-b2b9-ac1f6b6435d0,1 4,1 4
bdacbaca-bbb5-11e8-b2ba-ac1f6b6435d0,25 5,0 25
bdaf2d02-bb9a-11e8-b2b9-ac1f6b6435d0,7,7
bdb1e8d8-bbab-11e8-b2ba-ac1f6b6435d0,18,19
bdb3b1ce-bbae-11e8-b2ba-ac1f6b6435d0,23,23
bdb4308c-bbb7-11e8-b2ba-ac1f6b6435d0,21,25
bdb500bc-bbc0-11e8-b2bb-ac1f6b6435d0,25 13,25
bdb7431c-bbad-11e8-b2ba-ac1f6b6435d0,14,14
bdc00240-bbc6-11e8-b2bc-ac1f6b6435d0,18,23
bdc6eb44-bbc8-11e8-b2bc-ac1f6b6435d0,23 0,0 23
bdc71ac0-bb9f-11e8-b2b9-ac1f6b6435d0,6,6
bdc8253c-bb9f-11e8-b2b9-ac1f6b6435d0,12 3,3 12 25
bdca0c6e-bbc0-11e8-b2bb-ac1f6b6435d0,25 0,0 2
bdcd0b20-bbbc-11e8-b2ba-ac1f6b6435d0,6 0,0 23
bdceea3e-bbc7-11e8-b2bc-ac1f6b6435d0,23,23
bdcf0ea0-bbb4-11e8-b2ba-ac1f6b6435d0,25 2,2 25
bdd53d6c-bba9-11e8-b2ba-ac1f6b6435d0,23,23
bdd5c81c-bbaa-11e8-b2ba-ac1f6b6435d0,25 18,6
bdd66faa-bbc9-11e8-b2bc-ac1f6b6435d0,5,5
bdd7a172-bbba-11e8-b2ba-ac1f6b6435d0,25 11,25
bdd8e2ce-bb99-11e8-b2b9-ac1f6b6435d0,25,23
bddaf792-bbaf-11e8-b2ba-ac1f6b6435d0,1 2 0,0 1
bde0f150-bbba-11e8-b2ba-ac1f6b6435d0,1,1
bde1ef82-bbac-11e8-b2ba-ac1f6b6435d0,4,4
bde7517a-bbca-11e8-b2bc-ac1f6b6435d0,6,6
bdea20b6-bbc6-11e8-b2bc-ac1f6b6435d0,25,25
bdf1c932-bbbd-11e8-b2ba-ac1f6b6435d0,0,0
bdf2984a-bbb7-11e8-b2ba-ac1f6b6435d0,0 21,0 25
bdf2df6e-bbb0-11e8-b2ba-ac1f6b6435d0,23,23
bdf54b5c-bb9a-11e8-b2b9-ac1f6b6435d0,2 0,0 2
bdf8620a-bbc3-11e8-b2bc-ac1f6b6435d0,0 21,0
bdfa2920-bb99-11e8-b2b9-ac1f6b6435d0,14,14
bdfd0246-bbc4-11e8-b2bc-ac1f6b6435d0,17 0,0 16 17
be021762-bbb6-11e8-b2ba-ac1f6b6435d0,22 0,0 2
be04bbde-bba7-11e8-b2ba-ac1f6b6435d0,2 0,0 2
be091042-bba4-11e8-b2ba-ac1f6b6435d0,14 2 0,0 2
be140f30-bbbb-11e8-b2ba-ac1f6b6435d0,23,23
be142f96-bbb2-11e8-b2ba-ac1f6b6435d0,25 5,0 25
be172594-bbb6-11e8-b2ba-ac1f6b6435d0,21,21
be18e420-bbb0-11e8-b2ba-ac1f6b6435d0,26,23
be1ffe7a-bbb2-11e8-b2ba-ac1f6b6435d0,1 0,0 1
be214dac-bbb2-11e8-b2ba-ac1f6b6435d0,25 3 0,0
be236722-bba8-11e8-b2ba-ac1f6b6435d0,19,0
be26adee-bba6-11e8-b2ba-ac1f6b6435d0,0,0
be26d0fc-bbb6-11e8-b2ba-ac1f6b6435d0,7,7
be285024-bbbd-11e8-b2ba-ac1f6b6435d0,24 5,5 24
be28bec4-bbbd-11e8-b2ba-ac1f6b6435d0,25 0,0 25
be2a03b2-bbc5-11e8-b2bc-ac1f6b6435d0,7 0,0 7
be2ec1e2-bbb4-11e8-b2ba-ac1f6b6435d0,23,23
be2f5326-bba2-11e8-b2b9-ac1f6b6435d0,25 0,0 25
be306c96-bb9f-11e8-b2b9-ac1f6b6435d0,22,22
be3124d4-bb99-11e8-b2b9-ac1f6b6435d0,25 21,25
be36b99a-bbac-11e8-b2ba-ac1f6b6435d0,11,11
be371c32-bbc0-11e8-b2bb-ac1f6b6435d0,2,2
be3a4d46-bbbe-11e8-b2ba-ac1f6b6435d0,18 2,19
be3fd5ce-bb99-11e8-b2b9-ac1f6b6435d0,14 0,0 14
be405662-bbc5-11e8-b2bc-ac1f6b6435d0,25 2 0,0 2 25
be4177b2-bb99-11e8-b2b9-ac1f6b6435d0,21,0 21
be417cae-bb9d-11e8-b2b9-ac1f6b6435d0,16 0,0
be420e40-bbab-11e8-b2ba-ac1f6b6435d0,25 0,0 25
be4322ee-bb9c-11e8-b2b9-ac1f6b6435d0,12 4,4
be46e17c-bbc4-11e8-b2bc-ac1f6b6435d0,13,13
be4baf68-bba1-11e8-b2b9-ac1f6b6435d0,7,7 20
be4f6894-bbb3-11e8-b2ba-ac1f6b6435d0,3,3
be4fd5a0-bb9e-11e8-b2b9-ac1f6b6435d0,25 0,0 7 25
be5194cc-bbc0-11e8-b2bb-ac1f6b6435d0,19 0,0 25
be52501c-bbaf-11e8-b2ba-ac1f6b6435d0,2 0,2
be55c136-bbbc-11e8-b2ba-ac1f6b6435d0,5 21,5 21
be55d634-bba9-11e8-b2ba-ac1f6b6435d0,2 0,0 2
be56b328-bbaf-11e8-b2ba-ac1f6b6435d0,21,21
be572a70-bba9-11e8-b2ba-ac1f6b6435d0,11 0,0
be57ebbe-bb9e-11e8-b2b9-ac1f6b6435d0,2,7
be5cae76-bbba-11e8-b2ba-ac1f6b6435d0,22 2 0,0
be5cb37c-bbb4-11e8-b2ba-ac1f6b6435d0,21,25
be5d951c-bbaf-11e8-b2ba-ac1f6b6435d0,11,24
be5e72fc-bbc8-11e8-b2bc-ac1f6b6435d0,2 0 21,0 21
be62e962-bba6-11e8-b2ba-ac1f6b6435d0,3,3
be65b0a0-bb99-11e8-b2b9-ac1f6b6435d0,7 0,0
be672ea6-bb9b-11e8-b2b9-ac1f6b6435d0,3 0,0 3
be681478-bbba-11e8-b2ba-ac1f6b6435d0,21,26
be69995c-bba5-11e8-b2ba-ac1f6b6435d0,25 2 0,0 25
be6aaefa-bbc3-11e8-b2bc-ac1f6b6435d0,14 5,14
be6da08c-bbb0-11e8-b2ba-ac1f6b6435d0,2 0 21,21 23
be6e0b40-bbbe-11e8-b2ba-ac1f6b6435d0,7,7
be71c832-bbbb-11e8-b2ba-ac1f6b6435d0,25,0 7 25
be7201ee-bbb1-11e8-b2ba-ac1f6b6435d0,21,21
be774000-bbbb-11e8-b2ba-ac1f6b6435d0,25 21,21 22 25
be77dca2-bba9-11e8-b2ba-ac1f6b6435d0,12 21,21
be7a5ece-bb99-11e8-b2b9-ac1f6b6435d0,1 4,1 4 25
be7cf8d6-bb9a-11e8-b2b9-ac1f6b6435d0,25,25
be7ff188-bbb5-11e8-b2ba-ac1f6b6435d0,25,25
be81cdde-bbae-11e8-b2ba-ac1f6b6435d0,25 0,0 6 25
be856d8e-bba1-11e8-b2b9-ac1f6b6435d0,25 3,3 25
be874724-bbbc-11e8-b2ba-ac1f6b6435d0,23,23
be89c7d0-bba1-11e8-b2b9-ac1f6b6435d0,21,21
be8c571e-bbb2-11e8-b2ba-ac1f6b6435d0,12 25,0 7
be8c6c9a-bba8-11e8-b2ba-ac1f6b6435d0,14 0,0 14
be8d21fa-bbb5-11e8-b2ba-ac1f6b6435d0,26 25,25 26
be90e16a-bbb4-11e8-b2ba-ac1f6b6435d0,25 23,5 6
be9292fe-bbbd-11e8-b2ba-ac1f6b6435d0,23,21
be92e108-bbb5-11e8-b2ba-ac1f6b6435d0,25 3,3 25
be931be2-bba0-11e8-b2b9-ac1f6b6435d0,5,0 5
be94f236-bbab-11e8-b2ba-ac1f6b6435d0,12 7 0,0 25
be9a466a-bbb9-11e8-b2ba-ac1f6b6435d0,3 0,0 3
be9e03c2-bbc3-11e8-b2bc-ac1f6b6435d0,25 5,0 25
be9f4de8-bbc5-11e8-b2bc-ac1f6b6435d0,25 21,14
bea0ceda-bbc9-11e8-b2bc-ac1f6b6435d0,25,19 25
bea0cf96-bba3-11e8-b2b9-ac1f6b6435d0,25,25
bea21b66-bba4-11e8-b2ba-ac1f6b6435d0,25,17 25
bea355fe-bbb7-11e8-b2ba-ac1f6b6435d0,23,18
bea6cbf6-bbaa-11e8-b2ba-ac1f6b6435d0,25 2 0 21,0 2 25
bea82b8c-bbae-11e8-b2ba-ac1f6b6435d0,5 0,0 5 24
bea8f790-bbc9-11e8-b2bc-ac1f6b6435d0,25 0,0 25
beac98fc-bbb8-11e8-b2ba-ac1f6b6435d0,6,6
beacfce2-bba5-11e8-b2ba-ac1f6b6435d0,2,2
beb206b6-bbc7-11e8-b2bc-ac1f6b6435d0,25 5 2,25
beb23624-bbc5-11e8-b2bc-ac1f6b6435d0,23 1,23
beb25fc2-bbc1-11e8-b2bb-ac1f6b6435d0,5,0
beb320a4-bbaa-11e8-b2ba-ac1f6b6435d0,22 0,0
beba185c-bbc6-11e8-b2bc-ac1f6b6435d0,12,12 13
bebbd262-bbbe-11e8-b2ba-ac1f6b6435d0,23,23
bebde040-bbc6-11e8-b2bc-ac1f6b6435d0,25 0,25
bebea718-bb9f-11e8-b2b9-ac1f6b6435d0,11,11
bec0e5fe-bbb9-11e8-b2ba-ac1f6b6435d0,19,19
bec383d0-bbba-11e8-b2ba-ac1f6b6435d0,4,4
bec4be0c-bb9d-11e8-b2b9-ac1f6b6435d0,7,7
bec4c91c-bba0-11e8-b2b9-ac1f6b6435d0,21,21
bec72aac-bbc5-11e8-b2bc-ac1f6b6435d0,12,12
bece2a9c-bbc4-11e8-b2bc-ac1f6b6435d0,25 23 5,5 25
bece3a00-bbba-11e8-b2ba-ac1f6b6435d0,0,0
becf6826-bbb0-11e8-b2ba-ac1f6b6435d0,19 7 16,7
becf6f74-bbbf-11e8-b2bb-ac1f6b6435d0,21,7 21
bed2b126-bbc3-11e8-b2bc-ac1f6b6435d0,25 13 21,21 25
bed398cc-bbc1-11e8-b2bb-ac1f6b6435d0,23,23
bed53512-bbc4-11e8-b2bc-ac1f6b6435d0,0,0
bed74b60-bbc7-11e8-b2bc-ac1f6b6435d0,2 0,0
bed7f4d8-bb9b-11e8-b2b9-ac1f6b6435d0,0,0 2
bed7fc86-bbb3-11e8-b2ba-ac1f6b6435d0,25 21,21 25
bed95636-bba8-11e8-b2ba-ac1f6b6435d0,6 5,5 25
bed9fb26-bbb8-11e8-b2ba-ac1f6b6435d0,5,5
bedcc19c-bbb5-11e8-b2ba-ac1f6b6435d0,25,25
bedcd3d8-bb99-11e8-b2b9-ac1f6b6435d0,23 4,4 23
bedea008-bb9b-11e8-b2b9-ac1f6b6435d0,23 4,4
bee52148-bb9c-11e8-b2b9-ac1f6b6435d0,23,23
bee56372-bba3-11e8-b2b9-ac1f6b6435d0,2,2
bee5985a-bbb8-11e8-b2ba-ac1f6b6435d0,0,0
bee982bc-bbbd-11e8-b2ba-ac1f6b6435d0,25 0,0 25
beeb35cc-bbb7-11e8-b2ba-ac1f6b6435d0,4,4
beeb6fac-bbc0-11e8-b2bb-ac1f6b6435d0,0 21,0 25
beee6a2c-bba7-11e8-b2ba-ac1f6b6435d0,5,5
beeeda26-bbbf-11e8-b2bb-ac1f6b6435d0,5,5
bef3365c-bbb0-11e8-b2ba-ac1f6b6435d0,0,0
bef5e0ca-bba4-11e8-b2ba-ac1f6b6435d0,18 0,18
bef724aa-bba7-11e8-b2ba-ac1f6b6435d0,25 0,0
bef76858-bb9c-11e8-b2b9-ac1f6b6435d0,5 0,5
bef8c1f6-bba8-11e8-b2ba-ac1f6b6435d0,2,0 2
bef9f334-bbc4-11e8-b2bc-ac1f6b6435d0,3 0,0 3
befd3196-bbb2-11e8-b2ba-ac1f6b6435d0,23,21
befe5290-bbb9-11e8-b2ba-ac1f6b6435d0,19,19
beff1bd6-bbc2-11e8-b2bc-ac1f6b6435d0,25 0,0 5 25
bf02883c-bbbf-11e8-b2bb-ac1f6b6435d0,1,1
bf03aa46-bbab-11e8-b2ba-ac1f6b6435d0,25 0,5 25
bf04cce8-bb9a-11e8-b2b9-ac1f6b6435d0,19,19
bf04ec06-bbbc-11e8-b2ba-ac1f6b6435d0,19 0,0 19
bf0738e8-bba9-11e8-b2ba-ac1f6b6435d0,23 0,23
bf07ada8-bbab-11e8-b2ba-ac1f6b6435d0,4,4 26
bf08e168-bbb1-11e8-b2ba-ac1f6b6435d0,4,0 2
bf0a7416-bba1-11e8-b2b9-ac1f6b6435d0,19,19
bf0b0dea-bbb5-11e8-b2ba-ac1f6b6435d0,23 5 0,0
bf0b3946-bbba-11e8-b2ba-ac1f6b6435d0,23,7 23
bf0c7994-bbb2-11e8-b2ba-ac1f6b6435d0,7 0,0 5 7
bf0e7be8-bba5-11e8-b2ba-ac1f6b6435d0,7 0,0 7
bf0fe5c8-bba0-11e8-b2b9-ac1f6b6435d0,8,8 23
bf10eccc-bbad-11e8-b2ba-ac1f6b6435d0,25 0,0 25
bf114a6e-bba3-11e8-b2b9-ac1f6b6435d0,22 25 0,0
bf117e84-bb9a-11e8-b2b9-ac1f6b6435d0,23 0,0
bf18416e-bb9b-11e8-b2b9-ac1f6b6435d0,1,1
bf1f0e8e-bba2-11e8-b2b9-ac1f6b6435d0,2 0,2
bf1f4eaa-bbb9-11e8-b2ba-ac1f6b6435d0,19 0,0 25
bf200ca0-bbbe-11e8-b2ba-ac1f6b6435d0,25 18,18 19 25
bf2036ee-bb9b-11e8-b2b9-ac1f6b6435d0,25 3 0,3 21 25
bf20d692-bbbb-11e8-b2ba-ac1f6b6435d0,21,21
bf20f6bc-bbad-11e8-b2ba-ac1f6b6435d0,19 25 0,0 19 25
bf260f10-bb9b-11e8-b2b9-ac1f6b6435d0,25,25
bf26bc24-bbb6-11e8-b2ba-ac1f6b6435d0,25,25
bf27bd5a-bbb5-11e8-b2ba-ac1f6b6435d0,25 2,2 23 25
bf291ea2-bbb0-11e8-b2ba-ac1f6b6435d0,25 4,0 4
bf2955ac-bbc4-11e8-b2bc-ac1f6b6435d0,6,25
bf295c16-bb9f-11e8-b2b9-ac1f6b6435d0,5,5
bf36b23e-bbbe-11e8-b2ba-ac1f6b6435d0,25 0,0 25
bf37952e-bba4-11e8-b2ba-ac1f6b6435d0,14 0,26
bf37e5f8-bbb1-11e8-b2ba-ac1f6b6435d0,25 6 0,0 25
bf3c2cc0-bbc1-11e8-b2bb-ac1f6b6435d0,25 2,25
bf3c76e4-bb9e-11e8-b2b9-ac1f6b6435d0,25,6
bf3ce3ba-bbba-11e8-b2ba-ac1f6b6435d0,3,3
bf3ede5e-bbc4-11e8-b2bc-ac1f6b6435d0,2 0,0 2
bf41453c-bbb4-11e8-b2ba-ac1f6b6435d0,0,0
bf433be8-bbc9-11e8-b2bc-ac1f6b6435d0,14,14
bf439458-bbb0-11e8-b2ba-ac1f6b6435d0,2 0,0 2
bf43de90-bbb5-11e8-b2ba-ac1f6b6435d0,23,23
bf45440a-bbbb-11e8-b2ba-ac1f6b6435d0,25 18 5,18 25
bf45c774-bba0-11e8-b2b9-ac1f6b6435d0,7 0,0 7
bf470a86-bba9-11e8-b2ba-ac1f6b6435d0,25 21,21 25
bf4bc76e-bbc8-11e8-b2bc-ac1f6b6435d0,25 7 0,0 25
bf4dcb9e-bba6-11e8-b2ba-ac1f6b6435d0,19 0,0 19 25
bf4e7f28-bba9-11e8-b2ba-ac1f6b6435d0,7 2 0,0 7
bf56cd90-bbb8-11e8-b2ba-ac1f6b6435d0,2 0,0 2
bf571996-bbca-11e8-b2bc-ac1f6b6435d0,19 25 0,0 18 19
bf572d2e-bba6-11e8-b2ba-ac1f6b6435d0,0 21,21
bf5dee74-bbca-11e8-b2bc-ac1f6b6435d0,25 4,4 25
bf621cbe-bbc1-11e8-b2bb-ac1f6b6435d0,2 0,4 5
bf62c196-bbc6-11e8-b2bc-ac1f6b6435d0,16 18 17 0,0 25
bf63d34c-bba3-11e8-b2b9-ac1f6b6435d0,25 2 0,0 2
bf65b106-bbc3-11e8-b2bc-ac1f6b6435d0,25 0,0 25
bf689ca8-bbb0-11e8-b2ba-ac1f6b6435d0,0,19
bf68d386-bbb9-11e8-b2ba-ac1f6b6435d0,23,20
bf6ce2b0-bb9f-11e8-b2b9-ac1f6b6435d0,5 0,5
bf71ab72-bbc4-11e8-b2bc-ac1f6b6435d0,0 21,21
bf733e2e-bb9c-11e8-b2b9-ac1f6b6435d0,22,22
bf773bfc-bbb3-11e8-b2ba-ac1f6b6435d0,2,2
bf785268-bbb2-11e8-b2ba-ac1f6b6435d0,25,2 25
bf80614a-bbb4-11e8-b2ba-ac1f6b6435d0,25 0 21,21 25
bf812400-bbc7-11e8-b2bc-ac1f6b6435d0,19 13 0,13
bf81ed02-bbab-11e8-b2ba-ac1f6b6435d0,14,14
bf871ba4-bb99-11e8-b2b9-ac1f6b6435d0,12 14,12 14
bf88793e-bbaa-11e8-b2ba-ac1f6b6435d0,7 0,0 7
bf88bede-bbbf-11e8-b2bb-ac1f6b6435d0,19,18 24
bf8b1c24-bbab-11e8-b2ba-ac1f6b6435d0,21,21
bf8c8550-bbc9-11e8-b2bc-ac1f6b6435d0,7 0,7
bf8d7ca6-bbbc-11e8-b2ba-ac1f6b6435d0,2,2
bf8e3c02-bb9b-11e8-b2b9-ac1f6b6435d0,25 2,2 6 25
bf90bf5e-bbb4-11e8-b2ba-ac1f6b6435d0,3,3
bf953b48-bba9-11e8-b2ba-ac1f6b6435d0,22 25 13 21,13 22 25
bf97c1e2-bbb8-11e8-b2ba-ac1f6b6435d0,25 0,25
bf9d3fde-bb9d-11e8-b2b9-ac1f6b6435d0,25 0,21
bf9eba7a-bb9e-11e8-b2b9-ac1f6b6435d0,14,14 21
bf9ec5fa-bb9f-11e8-b2b9-ac1f6b6435d0,12 21,12
bf9ef94a-bb99-11e8-b2b9-ac1f6b6435d0,0,0
bfa29ce2-bbaa-11e8-b2ba-ac1f6b6435d0,2 0,0 2
bfa33c68-bbbb-11e8-b2ba-ac1f6b6435d0,0,0 25
bfa5bec0-bbbb-11e8-b2ba-ac1f6b6435d0,23,23
bfae0b9c-bba3-11e8-b2b9-ac1f6b6435d0,1 2 21,1 2
bfafdba0-bbb9-11e8-b2ba-ac1f6b6435d0,25 3,6 25
bfaff2ea-bba8-11e8-b2ba-ac1f6b6435d0,2 0,0 2 23
bfb35358-bbc7-11e8-b2bc-ac1f6b6435d0,2 0,0 2
bfb582fe-bbb3-11e8-b2ba-ac1f6b6435d0,23,23
bfb5cfd6-bbb1-11e8-b2ba-ac1f6b6435d0,19 0,0 19
bfb890fc-bbc2-11e8-b2bc-ac1f6b6435d0,23,23
bfba30bc-bbbb-11e8-b2ba-ac1f6b6435d0,21,21
bfbb3a40-bb9b-11e8-b2b9-ac1f6b6435d0,25 0,0 21 25
bfbcc8b4-bbb0-11e8-b2ba-ac1f6b6435d0,0 21,18
bfbd6f5e-bbb4-11e8-b2ba-ac1f6b6435d0,2 0,0 2
bfc08e8e-bbc6-11e8-b2bc-ac1f6b6435d0,2 0,0 2
bfc4017c-bbc1-11e8-b2bb-ac1f6b6435d0,25 2 0,2 25
bfc7f926-bbbc-11e8-b2ba-ac1f6b6435d0,2 0,0 2
bfc8f600-bb9e-11e8-b2b9-ac1f6b6435d0,7 0,0 7 25
bfc9b4c8-bba8-11e8-b2ba-ac1f6b6435d0,21,21
bfca88ae-bbc0-11e8-b2bb-ac1f6b6435d0,0,0
bfcad1ca-bbb5-11e8-b2ba-ac1f6b6435d0,19 0,19
bfcbbe72-bb9d-11e8-b2b9-ac1f6b6435d0,11,11
bfcc0f9e-bbc5-11e8-b2bc-ac1f6b6435d0,12 25,12 25
bfccdc5e-bbbf-11e8-b2bb-ac1f6b6435d0,25 5,4 25
bfce2d16-bbbf-11e8-b2bb-ac1f6b6435d0,23 3,3 23
bfcff81e-bbae-11e8-b2ba-ac1f6b6435d0,0 21,0 21
bfd4bf74-bbb4-11e8-b2ba-ac1f6b6435d0,25 23 2,23
bfd5865e-bb99-11e8-b2b9-ac1f6b6435d0,25 2,2 25
bfd7b3b6-bbb2-11e8-b2ba-ac1f6b6435d0,7,0 7
bfd857ca-bbc7-11e8-b2bc-ac1f6b6435d0,6,6
bfe135e4-bb9e-11e8-b2b9-ac1f6b6435d0,6,6
bfe28d86-bb99-11e8-b2b9-ac1f6b6435d0,14 5,14
bfe2c11c-bbbb-11e8-b2ba-ac1f6b6435d0,25 5,0 25
bfe596cc-bba1-11e8-b2b9-ac1f6b6435d0,13 0,0
bfe5e5ca-bbbd-11e8-b2ba-ac1f6b6435d0,5,5 23
bfe97ff2-bbb6-11e8-b2ba-ac1f6b6435d0,0,0 25
bfea5954-bbc5-11e8-b2bc-ac1f6b6435d0,18,7
bfeaddb8-bbc3-11e8-b2bc-ac1f6b6435d0,4,4
bfee3b8a-bbae-11e8-b2ba-ac1f6b6435d0,2 0,0 2
bfeed5b0-bbb6-11e8-b2ba-ac1f6b6435d0,3,3
bff069ec-bba3-11e8-b2b9-ac1f6b6435d0,24,25
bff361e8-bba7-11e8-b2ba-ac1f6b6435d0,25 14 0,0 25
bff69c20-bbc3-11e8-b2bc-ac1f6b6435d0,22,22
bffaf1d0-bba0-11e8-b2b9-ac1f6b6435d0,0,25
bffb6d5c-bbc5-11e8-b2bc-ac1f6b6435d0,25 0,0
bffc27f6-bb9d-11e8-b2b9-ac1f6b6435d0,0,0
bffe12b4-bbac-11e8-b2ba-ac1f6b6435d0,2,2
bffec898-bba8-11e8-b2ba-ac1f6b6435d0,7,1 7
bfff61f4-bbb2-11e8-b2ba-ac1f6b6435d0,14 17,14 25
bfffa942-bbbd-11e8-b2ba-ac1f6b6435d0,7,7
c002148a-bbb7-11e8-b2ba-ac1f6b6435d0,11 5,25
c0061cfe-bba5-11e8-b2ba-ac1f6b6435d0,26 0,4 25 26
c0083610-bbaf-11e8-b2ba-ac1f6b6435d0,2 21,2 21
c00d41c0-bb9e-11e8-b2b9-ac1f6b6435d0,2,2
c00e083c-bbbf-11e8-b2bb-ac1f6b6435d0,26 0,0 12
c00ea032-bbb3-11e8-b2ba-ac1f6b6435d0,23 2,2 23
c011595a-bbac-11e8-b2ba-ac1f6b6435d0,25 14,14
c013b0e6-bbad-11e8-b2ba-ac1f6b6435d0,0,0 25
c014cf64-bbb0-11e8-b2ba-ac1f6b6435d0,12 25 0,0 25
c01647c8-bba5-11e8-b2ba-ac1f6b6435d0,25 0,4 25
c017833a-bbb0-11e8-b2ba-ac1f6b6435d0,23,0 23 25
c0182f62-bbae-11e8-b2ba-ac1f6b6435d0,21,25
c01aa4b4-bbc6-11e8-b2bc-ac1f6b6435d0,11,7
c01dd2ac-bba7-11e8-b2ba-ac1f6b6435d0,25 2 0,0 2
c01e3186-bbb4-11e8-b2ba-ac1f6b6435d0,0,0 1
c020861c-bb9f-11e8-b2b9-ac1f6b6435d0,19 6,19
c022e12a-bbca-11e8-b2bc-ac1f6b6435d0,25 5,0 5 25
c02470bc-bba7-11e8-b2ba-ac1f6b6435d0,25 7,7 25
c025c284-bbb9-11e8-b2ba-ac1f6b6435d0,2 0,0 2 7
c028faae-bb9f-11e8-b2b9-ac1f6b6435d0,19 0,0 25
c0290678-bbba-11e8-b2ba-ac1f6b6435d0,19 25 0,0 19
c02acebe-bbc8-11e8-b2bc-ac1f6b6435d0,14,11
c02be19a-bbc9-11e8-b2bc-ac1f6b6435d0,18 0,0
c02e8428-bbb9-11e8-b2ba-ac1f6b6435d0,19,18 25
c0334bc0-bb9b-11e8-b2b9-ac1f6b6435d0,23,23
c0336192-bbc2-11e8-b2bc-ac1f6b6435d0,16 25 0,0 25
c034684e-bb9a-11e8-b2b9-ac1f6b6435d0,23,23
c0349990-bbc7-11e8-b2bc-ac1f6b6435d0,14,14 25
c039a74c-bbc6-11e8-b2bc-ac1f6b6435d0,0,0
c03c9b8a-bba5-11e8-b2ba-ac1f6b6435d0,3,3
c03ed73c-bb9c-11e8-b2b9-ac1f6b6435d0,25 11,11
c03f4a88-bbc8-11e8-b2bc-ac1f6b6435d0,18,19
c0415d60-bba9-11e8-b2ba-ac1f6b6435d0,3,3
c042eeda-bb9c-11e8-b2b9-ac1f6b6435d0,5,5
c0446dd4-bbae-11e8-b2ba-ac1f6b6435d0,0,0
c0452068-bbc1-11e8-b2bb-ac1f6b6435d0,25,23
c04549d0-bbbc-11e8-b2ba-ac1f6b6435d0,0,0
c045b51c-bb9b-11e8-b2b9-ac1f6b6435d0,25 0,0 21 25
c0469b2a-bba6-11e8-b2ba-ac1f6b6435d0,16 17 0 21,0 17 25
c04cee3a-bbc4-11e8-b2bc-ac1f6b6435d0,7 0,0 7
c04e67ba-bbbf-11e8-b2bb-ac1f6b6435d0,25,25
c04e69c4-bb9a-11e8-b2b9-ac1f6b6435d0,25 11 0,0 11 25
c04ea5e4-bbc0-11e8-b2bb-ac1f6b6435d0,5 0,5
c04ed040-bbb7-11e8-b2ba-ac1f6b6435d0,23,23
c05139f2-bbc1-11e8-b2bb-ac1f6b6435d0,25 23 3,23
c0530064-bbaa-11e8-b2ba-ac1f6b6435d0,0,0
c05389d0-bbb9-11e8-b2ba-ac1f6b6435d0,0 21,21
c053db92-bbc3-11e8-b2bc-ac1f6b6435d0,2,0 2
c05bd42e-bbae-11e8-b2ba-ac1f6b6435d0,25,25
c05f5232-bbba-11e8-b2ba-ac1f6b6435d0,12 25,12 25
c0604774-bbc8-11e8-b2bc-ac1f6b6435d0,25 1,1
c062346c-bbb4-11e8-b2ba-ac1f6b6435d0,23,0 23
c064ab40-bbc6-11e8-b2bc-ac1f6b6435d0,0,5
c0667c1c-bbae-11e8-b2ba-ac1f6b6435d0,23 0,0 23
c06d1ae6-bbad-11e8-b2ba-ac1f6b6435d0,23,23
c06dbe6a-bbb2-11e8-b2ba-ac1f6b6435d0,25 0 21,0 21 25
c06f93f2-bba8-11e8-b2ba-ac1f6b6435d0,2 0,0 2
c0731fa6-bbab-11e8-b2ba-ac1f6b6435d0,18 21,25
c07460da-bb9e-11e8-b2b9-ac1f6b6435d0,25 21,21
c0751eb6-bbb8-11e8-b2ba-ac1f6b6435d0,22,13 21 22
c076a186-bbaf-11e8-b2ba-ac1f6b6435d0,26 0,0
c07778c6-bbbf-11e8-b2bb-ac1f6b6435d0,6 2,2 25
c07f92f2-bba8-11e8-b2ba-ac1f6b6435d0,25,0 14 25
c08074ae-bbc8-11e8-b2bc-ac1f6b6435d0,2 21,2 21
c080e4e6-bbca-11e8-b2bc-ac1f6b6435d0,22 13,6 22
c08317f6-bba8-11e8-b2ba-ac1f6b6435d0,20 0,5
c083f362-bbab-11e8-b2ba-ac1f6b6435d0,2 0,0 2
c0887556-bbb3-11e8-b2ba-ac1f6b6435d0,4,4
c08ad0dc-bbb1-11e8-b2ba-ac1f6b6435d0,18 0,0
c08b1f4a-bba4-11e8-b2ba-ac1f6b6435d0,25,23
c0947220-bbb8-11e8-b2ba-ac1f6b6435d0,5 0,0
c094e8e6-bbad-11e8-b2ba-ac1f6b6435d0,2,2
c095e742-bbc0-11e8-b2bb-ac1f6b6435d0,11 0,0 11
c0974fae-bba4-11e8-b2ba-ac1f6b6435d0,18 0,0 19
c09b313a-bbba-11e8-b2ba-ac1f6b6435d0,23 0,0
c09de11e-bbc4-11e8-b2bc-ac1f6b6435d0,0,0
c0a19528-bbbc-11e8-b2ba-ac1f6b6435d0,22 0,0 22
c0a29790-bbba-11e8-b2ba-ac1f6b6435d0,25 21,21 25
c0a336d2-bbba-11e8-b2ba-ac1f6b6435d0,25,25
c0a3fd92-bbba-11e8-b2ba-ac1f6b6435d0,13 7,22
c0a46c32-bbc4-11e8-b2bc-ac1f6b6435d0,25 5,0 25
c0a6bc0a-bbb8-11e8-b2ba-ac1f6b6435d0,25 0,0
c0a7e2f0-bbc8-11e8-b2bc-ac1f6b6435d0,2 0,0 2
c0aa7312-bbc3-11e8-b2bc-ac1f6b6435d0,0,0
c0ab9c38-bbaf-11e8-b2ba-ac1f6b6435d0,25 0,0 25
c0b03c6e-bbac-11e8-b2ba-ac1f6b6435d0,25 5,0 21
c0b49d50-bbc4-11e8-b2bc-ac1f6b6435d0,2,2
c0b4f684-bbaf-11e8-b2ba-ac1f6b6435d0,25 4,5
c0b5a42c-bbbd-11e8-b2ba-ac1f6b6435d0,11,11
c0b6a2a0-bbc7-11e8-b2bc-ac1f6b6435d0,7,7
c0b82a16-bbc8-11e8-b2bc-ac1f6b6435d0,23,23
c0b863b2-bbbb-11e8-b2ba-ac1f6b6435d0,0,0
c0b9ec44-bb9f-11e8-b2b9-ac1f6b6435d0,0,0
c0ba65d6-bbbb-11e8-b2ba-ac1f6b6435d0,0,0
c0ba9c10-bba0-11e8-b2b9-ac1f6b6435d0,16 14 17,14 16 17
c0bc5a00-bbc3-11e8-b2bc-ac1f6b6435d0,25 5,0 5
c0c03940-bbc3-11e8-b2bc-ac1f6b6435d0,7,7
c0c3760c-bbad-11e8-b2ba-ac1f6b6435d0,26 0,0 26
c0c52a42-bbb7-11e8-b2ba-ac1f6b6435d0,4,4
c0c74fe4-bbb6-11e8-b2ba-ac1f6b6435d0,7 5,7
c0c9aff4-bbc6-11e8-b2bc-ac1f6b6435d0,11 2 0,0 2
c0cbfc10-bbbb-11e8-b2ba-ac1f6b6435d0,2,2
c0cdc528-bbc9-11e8-b2bc-ac1f6b6435d0,25 7,7 25
c0cf1c82-bbb7-11e8-b2ba-ac1f6b6435d0,2 0,0 2 25
c0d149c6-bbb7-11e8-b2ba-ac1f6b6435d0,0,0 2
c0d1dc68-bbb4-11e8-b2ba-ac1f6b6435d0,8,8 20 23
c0d622e2-bbc7-11e8-b2bc-ac1f6b6435d0,21,0 21
c0d8b20e-bba0-11e8-b2b9-ac1f6b6435d0,6,6
c0d8fe0e-bb9f-11e8-b2b9-ac1f6b6435d0,7,7
c0da48c4-bbb6-11e8-b2ba-ac1f6b6435d0,0,0
c0dd1570-bbae-11e8-b2ba-ac1f6b6435d0,23,23
c0dfc71e-bbab-11e8-b2ba-ac1f6b6435d0,6,25
c0e0123c-bba1-11e8-b2b9-ac1f6b6435d0,12 0 21,0
c0e1da42-bbc7-11e8-b2bc-ac1f6b6435d0,2 0,0 2
c0e36766-bbb5-11e8-b2ba-ac1f6b6435d0,23 1,1 23
c0e56564-bbc6-11e8-b2bc-ac1f6b6435d0,25 5,0 5 25
c0e8a036-bbb6-11e8-b2ba-ac1f6b6435d0,19 0,0 18 25
c0ee2476-bbba-11e8-b2ba-ac1f6b6435d0,3,3
c0f13fac-bbac-11e8-b2ba-ac1f6b6435d0,6,6
c0f2b798-bbab-11e8-b2ba-ac1f6b6435d0,5 0,0
c0f378b8-bba6-11e8-b2ba-ac1f6b6435d0,23 2,2 23
c0f4c25e-bbc4-11e8-b2bc-ac1f6b6435d0,6 7,7
c0f7390e-bbb4-11e8-b2ba-ac1f6b6435d0,19 7,7
c0f7fc0a-bbbd-11e8-b2ba-ac1f6b6435d0,3,3
c0f8bf58-bba6-11e8-b2ba-ac1f6b6435d0,25,21
c0f99ed6-bbbb-11e8-b2ba-ac1f6b6435d0,4,4
c0fa6da0-bbae-11e8-b2ba-ac1f6b6435d0,0 21,0 21
c0fb1408-bba9-11e8-b2ba-ac1f6b6435d0,25 6 2,2 6 25
c0fd3f3e-bbbe-11e8-b2ba-ac1f6b6435d0,13,13
c0febb58-bbbd-11e8-b2ba-ac1f6b6435d0,1,1 25
c1004a52-bbb0-11e8-b2ba-ac1f6b6435d0,7,23
c10122d0-bba9-11e8-b2ba-ac1f6b6435d0,18,18 19
c1015a9c-bba0-11e8-b2b9-ac1f6b6435d0,0,0 26
c101606e-bbb9-11e8-b2ba-ac1f6b6435d0,2 0,2 4
c10338f2-bbbf-11e8-b2bb-ac1f6b6435d0,11,11
c108583c-bbc9-11e8-b2bc-ac1f6b6435d0,25 0,0 25
c1091e82-bbc1-11e8-b2bb-ac1f6b6435d0,11,11
c10a4424-bbbc-11e8-b2ba-ac1f6b6435d0,25 3 0,0 25
c10bd260-bbb9-11e8-b2ba-ac1f6b6435d0,0,0 25
c10d5700-bbac-11e8-b2ba-ac1f6b6435d0,18,19
c10e610c-bba4-11e8-b2ba-ac1f6b6435d0,19 25 0,0 25
c111deec-bba2-11e8-b2b9-ac1f6b6435d0,25 7,7 25
c1123592-bbb4-11e8-b2ba-ac1f6b6435d0,0,0 19
c11357a6-bba0-11e8-b2b9-ac1f6b6435d0,7 2,2 7 25
c11760d4-bbb5-11e8-b2ba-ac1f6b6435d0,25,18 25
c117e160-bb99-11e8-b2b9-ac1f6b6435d0,4,4
c11b95d6-bb9d-11e8-b2b9-ac1f6b6435d0,1,1
c11c2afe-bb9e-11e8-b2b9-ac1f6b6435d0,12 0,0 12
c12257de-bba4-11e8-b2ba-ac1f6b6435d0,1,1
c123d324-bbaf-11e8-b2ba-ac1f6b6435d0,19 25,25
c1243f5e-bb9a-11e8-b2b9-ac1f6b6435d0,14,14
c12709f8-bbc9-11e8-b2bc-ac1f6b6435d0,2 0,0 2 25
c12802c4-bba4-11e8-b2ba-ac1f6b6435d0,25 0,0 25
c128217a-bbca-11e8-b2bc-ac1f6b6435d0,0,0
c128aa28-bbb1-11e8-b2ba-ac1f6b6435d0,16 25 0,0
c12a785e-bba6-11e8-b2ba-ac1f6b6435d0,18 0,0 18
c12fbfca-bbca-11e8-b2bc-ac1f6b6435d0,25 3,25
c1304880-bba9-11e8-b2ba-ac1f6b6435d0,4,4
c13165be-bba7-11e8-b2ba-ac1f6b6435d0,25 0,0 25
c133b8be-bba7-11e8-b2ba-ac1f6b6435d0,2 0,0 2
c136140c-bbba-11e8-b2ba-ac1f6b6435d0,25 2 0,0 2 25
c137588a-bba1-11e8-b2b9-ac1f6b6435d0,14 0,0 14 25
c1377596-bbaf-11e8-b2ba-ac1f6b6435d0,1 2,1 2
c139629c-bb9c-11e8-b2b9-ac1f6b6435d0,19 2 0,0 2
c13e217c-bba8-11e8-b2ba-ac1f6b6435d0,23,23
c1405c64-bbbf-11e8-b2bb-ac1f6b6435d0,19,19
c140a8ca-bb9e-11e8-b2b9-ac1f6b6435d0,7,7
c1410d30-bbc9-11e8-b2bc-ac1f6b6435d0,25 0,0 25
c1424e3e-bbc4-11e8-b2bc-ac1f6b6435d0,25 23 0,0 23
c1428a3e-bbb5-11e8-b2ba-ac1f6b6435d0,24 2 0,0 2 24
c14fb8c8-bbb3-11e8-b2ba-ac1f6b6435d0,21,21
c151402a-bbc8-11e8-b2bc-ac1f6b6435d0,23 0,0 23
c153038a-bbad-11e8-b2ba-ac1f6b6435d0,0,0
c1535024-bbb7-11e8-b2ba-ac1f6b6435d0,16 7,7
c1565ef2-bba0-11e8-b2b9-ac1f6b6435d0,7,7
c156a970-bbc8-11e8-b2bc-ac1f6b6435d0,19,19
c158c288-bba9-11e8-b2ba-ac1f6b6435d0,21,21
c15cc1d8-bb9c-11e8-b2b9-ac1f6b6435d0,19 7,7
c15d3802-bbc9-11e8-b2bc-ac1f6b6435d0,25 5,5 25
c1602ea6-bbae-11e8-b2ba-ac1f6b6435d0,13 21,21
c164cd6c-bbb8-11e8-b2ba-ac1f6b6435d0,2 0,0 3
c167ee92-bbbe-11e8-b2ba-ac1f6b6435d0,25 23 2,2 25
c16b130c-bbbd-11e8-b2ba-ac1f6b6435d0,22 3 0,0 3 22
c16b3f5e-bb9e-11e8-b2b9-ac1f6b6435d0,23,23
c17326c6-bbb0-11e8-b2ba-ac1f6b6435d0,1 2,1 2
c173ff6a-bba6-11e8-b2ba-ac1f6b6435d0,11,0
c1749fc6-bbc7-11e8-b2bc-ac1f6b6435d0,5,3
c1792652-bba1-11e8-b2b9-ac1f6b6435d0,19 7 16,0 7
c17e89e0-bbaa-11e8-b2ba-ac1f6b6435d0,2 0,0 2
c17f625a-bbbb-11e8-b2ba-ac1f6b6435d0,16 25 0,0 25
c181a1d8-bbba-11e8-b2ba-ac1f6b6435d0,13 0,0 13
c185cdf8-bbab-11e8-b2ba-ac1f6b6435d0,19,19
c1880216-bba7-11e8-b2ba-ac1f6b6435d0,7 5,7
c188aa14-bbbf-11e8-b2bb-ac1f6b6435d0,13,22
c189fdba-bbc4-11e8-b2bc-ac1f6b6435d0,19,19
c18b66ce-bba5-11e8-b2ba-ac1f6b6435d0,13 11 21,11
c18e9e28-bbac-11e8-b2ba-ac1f6b6435d0,26 2 0,0 2
c192ff1c-bbb2-11e8-b2ba-ac1f6b6435d0,25 1 0,0 1 25
c19690f6-bbc5-11e8-b2bc-ac1f6b6435d0,14,0 14
c19c4906-bbb1-11e8-b2ba-ac1f6b6435d0,22 0,0 22
c19c9e88-bbca-11e8-b2bc-ac1f6b6435d0,2,2
c1a2c3b6-bbc6-11e8-b2bc-ac1f6b6435d0,2,2
c1a3fd4a-bbca-11e8-b2bc-ac1f6b6435d0,21,21
c1a71a7e-bb99-11e8-b2b9-ac1f6b6435d0,2,2 25
c1b099ec-bbc5-11e8-b2bc-ac1f6b6435d0,5 0,0 5
c1b6f22c-bbc2-11e8-b2bc-ac1f6b6435d0,25 0,7 25
c1baf5da-bbad-11e8-b2ba-ac1f6b6435d0,23,23
c1bb7146-bbc0-11e8-b2bb-ac1f6b6435d0,22,23
c1bc5f76-bbba-11e8-b2ba-ac1f6b6435d0,21,21
c1bdac0e-bbca-11e8-b2bc-ac1f6b6435d0,7 0,0 2 7
c1bdc55a-bbc9-11e8-b2bc-ac1f6b6435d0,2,2
c1bf6660-bba3-11e8-b2b9-ac1f6b6435d0,4,4
c1bf7b92-bb9d-11e8-b2b9-ac1f6b6435d0,14,14
c1bf987a-bbca-11e8-b2bc-ac1f6b6435d0,25 5,5 23
c1c283e2-bba1-11e8-b2b9-ac1f6b6435d0,11,11
c1c6c9c0-bba6-11e8-b2ba-ac1f6b6435d0,25 0 21,0 21
c1c792d8-bbc9-11e8-b2bc-ac1f6b6435d0,7 2,2 7
c1c84a62-bbbe-11e8-b2ba-ac1f6b6435d0,25 0,0 25
c1c97e18-bba6-11e8-b2ba-ac1f6b6435d0,23,23
c1cb78ce-bbb2-11e8-b2ba-ac1f6b6435d0,5,5
c1ce5cf2-bbbb-11e8-b2ba-ac1f6b6435d0,25 2,2 25
c1d006fa-bb99-11e8-b2b9-ac1f6b6435d0,25 5,25
c1d2e4dc-bbc2-11e8-b2bc-ac1f6b6435d0,1,1
c1d74116-bbaa-11e8-b2ba-ac1f6b6435d0,14 4,4 14
c1da8c08-bbb5-11e8-b2ba-ac1f6b6435d0,7,7
c1dc8e88-bbae-11e8-b2ba-ac1f6b6435d0,2,2
c1de16bc-bba0-11e8-b2b9-ac1f6b6435d0,2,2
c1dfd1ac-bbc1-11e8-b2bb-ac1f6b6435d0,4,4
c1e13484-bba3-11e8-b2b9-ac1f6b6435d0,0,0
c1e52648-bba3-11e8-b2b9-ac1f6b6435d0,0,0
c1e5c990-bbad-11e8-b2ba-ac1f6b6435d0,6,6
c1eb2280-bba5-11e8-b2ba-ac1f6b6435d0,25 21,21
c1ec8332-bbb4-11e8-b2ba-ac1f6b6435d0,25 2,2 25
c1ece296-bbb9-11e8-b2ba-ac1f6b6435d0,25 23 1 0,1 23
c1ee137c-bbba-11e8-b2ba-ac1f6b6435d0,23,23
c1f2dc3c-bbb4-11e8-b2ba-ac1f6b6435d0,2 0,0 2
c1f41f8c-bba7-11e8-b2ba-ac1f6b6435d0,11,4 11
c1f97bf8-bba7-11e8-b2ba-ac1f6b6435d0,2,2
c1fc396a-bbbb-11e8-b2ba-ac1f6b6435d0,0 21,0 25
c1fd7eb0-bbca-11e8-b2bc-ac1f6b6435d0,16 14 4,0 14 16
c1fe53d0-bbc5-11e8-b2bc-ac1f6b6435d0,7 4,4 7
c1ffc272-bbc7-11e8-b2bc-ac1f6b6435d0,2 0,0 2
c2010210-bbb1-11e8-b2ba-ac1f6b6435d0,12 2 0,2
c204790c-bb9f-11e8-b2b9-ac1f6b6435d0,23,23
c2055e08-bba4-11e8-b2ba-ac1f6b6435d0,25 2,2 11 25
c209d204-bb99-11e8-b2b9-ac1f6b6435d0,21,21
c20ad32c-bbab-11e8-b2ba-ac1f6b6435d0,2 0,0 2
c20b2d5c-bbb2-11e8-b2ba-ac1f6b6435d0,0,0 2 23 25
c20f7864-bbc9-11e8-b2bc-ac1f6b6435d0,14 21,14
c2142964-bbb4-11e8-b2ba-ac1f6b6435d0,23,23
c21640d8-bbb8-11e8-b2ba-ac1f6b6435d0,0,0 24
c216b540-bbb3-11e8-b2ba-ac1f6b6435d0,2 0,0 2
c2194a88-bbab-11e8-b2ba-ac1f6b6435d0,25 1,1 6
c21a88e8-bbb1-11e8-b2ba-ac1f6b6435d0,0,0 25
c21a8ddc-bba4-11e8-b2ba-ac1f6b6435d0,0,0
c21aac68-bbae-11e8-b2ba-ac1f6b6435d0,25 21,21
c21cdaa4-bb9c-11e8-b2b9-ac1f6b6435d0,16 7,7 16
c21d8a52-bba7-11e8-b2ba-ac1f6b6435d0,24,24
c21fec9e-bbbf-11e8-b2bb-ac1f6b6435d0,4,4
c2261d0a-bbb8-11e8-b2ba-ac1f6b6435d0,5,5
c226d3b4-bbc0-11e8-b2bb-ac1f6b6435d0,11 0,0 5 25
c227c1a4-bba5-11e8-b2ba-ac1f6b6435d0,7 0,0 7
c2284510-bb9c-11e8-b2b9-ac1f6b6435d0,18 0,0 19
c22a4080-bbb6-11e8-b2ba-ac1f6b6435d0,12 21,19
c231048c-bbad-11e8-b2ba-ac1f6b6435d0,4,4 25
c231f6d4-bbb8-11e8-b2ba-ac1f6b6435d0,0 21,0 21
c233c946-bba9-11e8-b2ba-ac1f6b6435d0,0,0 7
c2341f0c-bbc4-11e8-b2bc-ac1f6b6435d0,1 3 0,0 1 3
c236e4ea-bbaa-11e8-b2ba-ac1f6b6435d0,11,25
c23920ba-bbb5-11e8-b2ba-ac1f6b6435d0,25 21,21 25
c23b0c00-bba5-11e8-b2ba-ac1f6b6435d0,2 21,2 21
c243c2f2-bbb2-11e8-b2ba-ac1f6b6435d0,1 2,1 2
c243eec0-bbb3-11e8-b2ba-ac1f6b6435d0,0,0 16
c2489bcc-bba0-11e8-b2b9-ac1f6b6435d0,25 1,1 25
c2489e7e-bbaf-11e8-b2ba-ac1f6b6435d0,22,21
c24ef4a4-bbc8-11e8-b2bc-ac1f6b6435d0,7 0,0 7
c254ac68-bbba-11e8-b2ba-ac1f6b6435d0,2 0,0 2
c256fd94-bbb3-11e8-b2ba-ac1f6b6435d0,19,19
c259aa80-bb9a-11e8-b2b9-ac1f6b6435d0,24,24
c25d070c-bbb8-11e8-b2ba-ac1f6b6435d0,0,0
c261fe0c-bbbc-11e8-b2ba-ac1f6b6435d0,1,1
c26270ee-bbc6-11e8-b2bc-ac1f6b6435d0,25,25
c26302c0-bbc1-11e8-b2bb-ac1f6b6435d0,25 0,0 25
c26b8fe8-bb9a-11e8-b2b9-ac1f6b6435d0,25 0,0 25
c26c0998-bbac-11e8-b2ba-ac1f6b6435d0,5,5
c26d7324-bbba-11e8-b2ba-ac1f6b6435d0,0,0
c26f21a0-bbb1-11e8-b2ba-ac1f6b6435d0,25 5 0,25
c27018d0-bbbb-11e8-b2ba-ac1f6b6435d0,21,21
c2705caa-bba7-11e8-b2ba-ac1f6b6435d0,19 17,19
c272019e-bba3-11e8-b2b9-ac1f6b6435d0,25 5 0,0 21 25
c273c824-bba5-11e8-b2ba-ac1f6b6435d0,25 4,4 25
c27973f8-bbb6-11e8-b2ba-ac1f6b6435d0,25 7 0,0 5 25
c27a488e-bbc8-11e8-b2bc-ac1f6b6435d0,0 21,0 21 25
c27aa348-bba4-11e8-b2ba-ac1f6b6435d0,0,0 2
c27dd352-bbc1-11e8-b2bb-ac1f6b6435d0,5 21,5 21
c2831fb8-bbc8-11e8-b2bc-ac1f6b6435d0,25 23,6
c2851636-bbac-11e8-b2ba-ac1f6b6435d0,5,5
c286e5ea-bbc7-11e8-b2bc-ac1f6b6435d0,2,2
c28bc0da-bba2-11e8-b2b9-ac1f6b6435d0,7 0,0 5 7
c28c98b8-bbc3-11e8-b2bc-ac1f6b6435d0,11,11
c291cbee-bbaf-11e8-b2ba-ac1f6b6435d0,0,0
c292afc6-bbca-11e8-b2bc-ac1f6b6435d0,5 0,0
c296237e-bbaa-11e8-b2ba-ac1f6b6435d0,25 11,25
c2962460-bba4-11e8-b2ba-ac1f6b6435d0,25 4,4 25
c29814b8-bbb4-11e8-b2ba-ac1f6b6435d0,7,7
c29bc524-bba3-11e8-b2b9-ac1f6b6435d0,25 7 1,1 7 25
c29c41e8-bbb2-11e8-b2ba-ac1f6b6435d0,5,5
c29cbaa8-bbab-11e8-b2ba-ac1f6b6435d0,16 5 0,0 14 25
c29de642-bbad-11e8-b2ba-ac1f6b6435d0,14,14
c29e995c-bba8-11e8-b2ba-ac1f6b6435d0,7,18
c2a18114-bb9c-11e8-b2b9-ac1f6b6435d0,0,4
c2a1f11c-bbb5-11e8-b2ba-ac1f6b6435d0,0 21,0
c2a3d3da-bba4-11e8-b2ba-ac1f6b6435d0,2 0,0 2
c2a5afae-bb9d-11e8-b2b9-ac1f6b6435d0,19 5 0,0 5
c2aca164-bbb2-11e8-b2ba-ac1f6b6435d0,25 7,6 25
c2acf4f2-bba8-11e8-b2ba-ac1f6b6435d0,19 6,19
c2ad140e-bbb3-11e8-b2ba-ac1f6b6435d0,25 2,2 25
c2adc94e-bbb3-11e8-b2ba-ac1f6b6435d0,23 0,0 23
c2ae1aba-bbc8-11e8-b2bc-ac1f6b6435d0,25 2 0,0 2
c2b1235c-bbc0-11e8-b2bb-ac1f6b6435d0,6 2,2 6 23
c2b24ba8-bbb9-11e8-b2ba-ac1f6b6435d0,22 0,23
c2b2b700-bb9b-11e8-b2b9-ac1f6b6435d0,26 0,0 26
c2b5d50c-bbaa-11e8-b2ba-ac1f6b6435d0,13,22
c2b9b614-bbbd-11e8-b2ba-ac1f6b6435d0,25 5,5 23
c2ba8c30-bbbb-11e8-b2ba-ac1f6b6435d0,23 0,0 25
c2bd4db2-bbc5-11e8-b2bc-ac1f6b6435d0,25,6 25
c2be66ea-bbc3-11e8-b2bc-ac1f6b6435d0,24 25,24 25
c2be934c-bbbc-11e8-b2ba-ac1f6b6435d0,2,2 21
c2bec778-bbb1-11e8-b2ba-ac1f6b6435d0,25 2 0,2 25
c2c1e59c-bbb7-11e8-b2ba-ac1f6b6435d0,2,2
c2c546c8-bba9-11e8-b2ba-ac1f6b6435d0,3,0
c2c95ba8-bba6-11e8-b2ba-ac1f6b6435d0,12,12 13
c2cf0f94-bbc4-11e8-b2bc-ac1f6b6435d0,25 13 7 0,0 13 21
c2d24dea-bbb4-11e8-b2ba-ac1f6b6435d0,7 0,0 20
c2d26338-bbc9-11e8-b2bc-ac1f6b6435d0,25 7,7 25
c2d338b2-bb9c-11e8-b2b9-ac1f6b6435d0,25 21,25
c2d470ac-bbc8-11e8-b2bc-ac1f6b6435d0,21,21
c2d6bfee-bbb2-11e8-b2ba-ac1f6b6435d0,12 5,0 3
c2d75614-bbaa-11e8-b2ba-ac1f6b6435d0,1 0,1
c2d93cac-bba7-11e8-b2ba-ac1f6b6435d0,3,3
c2d96322-bbc9-11e8-b2bc-ac1f6b6435d0,19,19
c2d9871a-bba3-11e8-b2b9-ac1f6b6435d0,5,5
c2e633b8-bbb0-11e8-b2ba-ac1f6b6435d0,25 0 21,0 21 25
c2e79db4-bbb7-11e8-b2ba-ac1f6b6435d0,7 23,23
c2e8d05a-bbc4-11e8-b2bc-ac1f6b6435d0,25 5 0,0 5 25
c2e9ff4e-bbaf-11e8-b2ba-ac1f6b6435d0,25 6,25
c2eba880-bbb9-11e8-b2ba-ac1f6b6435d0,5 0,0 5
c2eccf78-bbc6-11e8-b2bc-ac1f6b6435d0,22 0,0 22
c2ee4530-bbbf-11e8-b2bb-ac1f6b6435d0,2 0 21,0 5 21
c2eeefba-bbc1-11e8-b2bb-ac1f6b6435d0,3 0,0 3
c2f3ab48-bb9b-11e8-b2b9-ac1f6b6435d0,12 18,19
c2f42b8a-bb9c-11e8-b2b9-ac1f6b6435d0,0,0
c2f6df34-bbc3-11e8-b2bc-ac1f6b6435d0,4,0
c2f78142-bba4-11e8-b2ba-ac1f6b6435d0,3,0
c2fd9230-bbbd-11e8-b2ba-ac1f6b6435d0,23,23
c2fdf252-bbc7-11e8-b2bc-ac1f6b6435d0,7,7
c2fe7696-bba9-11e8-b2ba-ac1f6b6435d0,7,7
c2fea67e-bbaf-11e8-b2ba-ac1f6b6435d0,5,25
c2fee708-bbc6-11e8-b2bc-ac1f6b6435d0,5,0 1
c300737a-bbad-11e8-b2ba-ac1f6b6435d0,0,5
c30317a6-bbc6-11e8-b2bc-ac1f6b6435d0,25,25
c303e442-bbad-11e8-b2ba-ac1f6b6435d0,25,25
c3064d5e-bbc6-11e8-b2bc-ac1f6b6435d0,5,4
c306af86-bba0-11e8-b2b9-ac1f6b6435d0,12 25,12 19 25
c3079702-bbbe-11e8-b2ba-ac1f6b6435d0,0,0
c3098d00-bbaa-11e8-b2ba-ac1f6b6435d0,19 5,19
c30b9d88-bba6-11e8-b2ba-ac1f6b6435d0,25 5,0 25
c30bbc64-bb9c-11e8-b2b9-ac1f6b6435d0,25 7,7 25
c30fc824-bb9a-11e8-b2b9-ac1f6b6435d0,11,6
c3105952-bba3-11e8-b2b9-ac1f6b6435d0,25 5 0,5
c3177f0a-bb9b-11e8-b2b9-ac1f6b6435d0,25 0,0 25
c31acb9a-bbac-11e8-b2ba-ac1f6b6435d0,18,18
c3200bb2-bbc2-11e8-b2bc-ac1f6b6435d0,24,24
c3211674-bbbd-11e8-b2ba-ac1f6b6435d0,16 23 0,0 5 25
c321b90e-bb99-11e8-b2b9-ac1f6b6435d0,14 0,0
c323de4a-bba4-11e8-b2ba-ac1f6b6435d0,23,14 16 23
c324426a-bb9d-11e8-b2b9-ac1f6b6435d0,7,7
c326fe9a-bbae-11e8-b2ba-ac1f6b6435d0,25,23
c328c348-bb99-11e8-b2b9-ac1f6b6435d0,24 25,6 25
c32baca6-bba4-11e8-b2ba-ac1f6b6435d0,16 6 2 0,0 2 16 25
c32c1fe4-bbc5-11e8-b2bc-ac1f6b6435d0,25 0,0 25
c32e0a1e-bba4-11e8-b2ba-ac1f6b6435d0,21,21
c32ec6ac-bbbd-11e8-b2ba-ac1f6b6435d0,19,23
c331530a-bbb2-11e8-b2ba-ac1f6b6435d0,25 2 0,0 2
c3322376-bbc0-11e8-b2bb-ac1f6b6435d0,5,5
c3326bac-bbba-11e8-b2ba-ac1f6b6435d0,25 0,0 23 25
c33397ca-bba1-11e8-b2b9-ac1f6b6435d0,7,7
c3344934-bbad-11e8-b2ba-ac1f6b6435d0,25 0,0
c3387c50-bb9b-11e8-b2b9-ac1f6b6435d0,0,0
c33a01ca-bb9a-11e8-b2b9-ac1f6b6435d0,22,22
c33b1650-bbb3-11e8-b2ba-ac1f6b6435d0,25 21,6
c33c07d8-bba2-11e8-b2b9-ac1f6b6435d0,22 0,0 22
c33ccfc4-bbb1-11e8-b2ba-ac1f6b6435d0,24 25 0,24
c33d8946-bbac-11e8-b2ba-ac1f6b6435d0,7 1 0 21,0 1
c33fb284-bba7-11e8-b2ba-ac1f6b6435d0,0,0
c340304a-bbb3-11e8-b2ba-ac1f6b6435d0,7 0,0 7
c341a064-bbc3-11e8-b2bc-ac1f6b6435d0,25 7 21,7 25
c342a904-bba6-11e8-b2ba-ac1f6b6435d0,3,3
c34781aa-bbc8-11e8-b2bc-ac1f6b6435d0,25 0,0 25
c349b004-bbb6-11e8-b2ba-ac1f6b6435d0,22 0,0 21
c3500e5a-bba6-11e8-b2ba-ac1f6b6435d0,2,25
c353204c-bbb3-11e8-b2ba-ac1f6b6435d0,6 0,1 21 25
c3560c2c-bbb2-11e8-b2ba-ac1f6b6435d0,25 7 0,7
c356b0e4-bbc8-11e8-b2bc-ac1f6b6435d0,25,6
c35976b2-bbaf-11e8-b2ba-ac1f6b6435d0,25 11,11
c359ca00-bbb3-11e8-b2ba-ac1f6b6435d0,23,23
c359cf98-bbb1-11e8-b2ba-ac1f6b6435d0,19 0,0 18 25
c35ca730-bbc6-11e8-b2bc-ac1f6b6435d0,5,5
c3607a32-bbb1-11e8-b2ba-ac1f6b6435d0,5,0 5
c361f992-bbad-11e8-b2ba-ac1f6b6435d0,16 15 2,2 7 15 16
c3637bc4-bba7-11e8-b2ba-ac1f6b6435d0,22 0,23
c363f24e-bba1-11e8-b2b9-ac1f6b6435d0,25 0,0 25
c364faa2-bbbc-11e8-b2ba-ac1f6b6435d0,5 0,0
c36549c6-bba8-11e8-b2ba-ac1f6b6435d0,18,25
c3674aa6-bbb6-11e8-b2ba-ac1f6b6435d0,25 0 21,4 5
c367b5f4-bba7-11e8-b2ba-ac1f6b6435d0,25 21,21
c369e846-bba8-11e8-b2ba-ac1f6b6435d0,25 0,0 25
c36b559e-bbb4-11e8-b2ba-ac1f6b6435d0,13,13
c36c69d4-bba5-11e8-b2ba-ac1f6b6435d0,25 5,5 25
c36d0d24-bbac-11e8-b2ba-ac1f6b6435d0,25 1,1 25
c3706d1e-bba9-11e8-b2ba-ac1f6b6435d0,23 0,0 23
c370b142-bbc8-11e8-b2bc-ac1f6b6435d0,25 3,3 6 25
c373434a-bbc7-11e8-b2bc-ac1f6b6435d0,0 21,0
c373fe74-bbb9-11e8-b2ba-ac1f6b6435d0,14,14
c379703c-bb9d-11e8-b2b9-ac1f6b6435d0,21,25
c3805c3c-bbb4-11e8-b2ba-ac1f6b6435d0,12 25,12 14
c3815900-bbbb-11e8-b2ba-ac1f6b6435d0,1 0,0 1
c3823688-bb9b-11e8-b2b9-ac1f6b6435d0,4,4
c386fc3c-bbc2-11e8-b2bc-ac1f6b6435d0,0 21,0 21
c393ef34-bbbb-11e8-b2ba-ac1f6b6435d0,23,23
c396c38c-bbaf-11e8-b2ba-ac1f6b6435d0,25 6,6 25
c39749a8-bba3-11e8-b2b9-ac1f6b6435d0,4 2,2 4
c397520a-bbac-11e8-b2ba-ac1f6b6435d0,21,0 21 25
c3995186-bbca-11e8-b2bc-ac1f6b6435d0,14,14
c39bcc40-bbb1-11e8-b2ba-ac1f6b6435d0,1 0,0 19
c39e5ef8-bb9b-11e8-b2b9-ac1f6b6435d0,0 21,0 22
c3a100d8-bb99-11e8-b2b9-ac1f6b6435d0,16 6 2 0,0 2 16
c3a1ceb6-bbb0-11e8-b2ba-ac1f6b6435d0,25,25
c3a1de28-bba2-11e8-b2b9-ac1f6b6435d0,25 5 0,0 5
c3a2763a-bbac-11e8-b2ba-ac1f6b6435d0,0 21,0 21
c3a28582-bbaf-11e8-b2ba-ac1f6b6435d0,0 21,0 25
c3a50ec2-bba2-11e8-b2b9-ac1f6b6435d0,7,0
c3a572e8-bbbd-11e8-b2ba-ac1f6b6435d0,3 0,0
c3a89ce6-bbc9-11e8-b2bc-ac1f6b6435d0,12,12
c3a964a2-bba9-11e8-b2ba-ac1f6b6435d0,25,25
c3ab3e68-bb99-11e8-b2b9-ac1f6b6435d0,25 18 5,5
c3ae7d34-bbb8-11e8-b2ba-ac1f6b6435d0,16 14 0,0 14 16
c3b4f41a-bbbe-11e8-b2ba-ac1f6b6435d0,2 0,0 2
c3b55890-bbac-11e8-b2ba-ac1f6b6435d0,5,5
c3b6ed76-bbb7-11e8-b2ba-ac1f6b6435d0,0,0
c3bbfaca-bbbf-11e8-b2bb-ac1f6b6435d0,25 5,0
c3bc4aa2-bba1-11e8-b2b9-ac1f6b6435d0,25 0,0 25
c3c11bf6-bbbd-11e8-b2ba-ac1f6b6435d0,14,14
c3c37362-bbbb-11e8-b2ba-ac1f6b6435d0,4,4
c3c3eaca-bba4-11e8-b2ba-ac1f6b6435d0,23 0,0 7
c3c76590-bba6-11e8-b2ba-ac1f6b6435d0,16 25 17 0,0 16 17 25
c3cb4296-bbc4-11e8-b2bc-ac1f6b6435d0,1 0,0 1
c3cbbf72-bbc0-11e8-b2bb-ac1f6b6435d0,4,4
c3cf4cce-bba6-11e8-b2ba-ac1f6b6435d0,1 0,0 1
c3d2a1f6-bbc6-11e8-b2bc-ac1f6b6435d0,14,14 25
c3d2b6d6-bb9a-11e8-b2b9-ac1f6b6435d0,25 6,25
c3d4d03a-bbb1-11e8-b2ba-ac1f6b6435d0,0,0
c3d7444a-bb9e-11e8-b2b9-ac1f6b6435d0,19,18 19
c3d7beb8-bba1-11e8-b2b9-ac1f6b6435d0,23,23
c3d941da-bbb9-11e8-b2ba-ac1f6b6435d0,20,25
c3da3700-bbb1-11e8-b2ba-ac1f6b6435d0,4,4
c3dbd2f0-bbc4-11e8-b2bc-ac1f6b6435d0,0,0
c3dc1428-bba5-11e8-b2ba-ac1f6b6435d0,25 7,7
c3ddf838-bbc3-11e8-b2bc-ac1f6b6435d0,2,2
c3e00358-bbb4-11e8-b2ba-ac1f6b6435d0,23,23
c3e73b9c-bbae-11e8-b2ba-ac1f6b6435d0,0 21,0 21
c3e8115e-bbb6-11e8-b2ba-ac1f6b6435d0,5 0,0 5
c3e99d4e-bbbb-11e8-b2ba-ac1f6b6435d0,21,21
c3ea2076-bbc4-11e8-b2bc-ac1f6b6435d0,25,25
c3f1b504-bbb3-11e8-b2ba-ac1f6b6435d0,25 2 0,0 5
c3f7b0ba-bbba-11e8-b2ba-ac1f6b6435d0,0,0
c3fae08a-bb99-11e8-b2b9-ac1f6b6435d0,0,0
c3fb5f34-bbca-11e8-b2bc-ac1f6b6435d0,0,0
c3fdd852-bbc2-11e8-b2bc-ac1f6b6435d0,5 0,5
c3fe2e06-bbc2-11e8-b2bc-ac1f6b6435d0,3 0,0 3
c3fe4b7a-bbc2-11e8-b2bc-ac1f6b6435d0,19,19
c3feafe8-bb9f-11e8-b2b9-ac1f6b6435d0,14,14
c3fed860-bbc7-11e8-b2bc-ac1f6b6435d0,23,0 23
c3ff65a2-bbc5-11e8-b2bc-ac1f6b6435d0,22 25 0,0 22
c3ff9afc-bbc7-11e8-b2bc-ac1f6b6435d0,1,1
c4037974-bba4-11e8-b2ba-ac1f6b6435d0,13,13
c4077a7e-bbc2-11e8-b2bc-ac1f6b6435d0,0,0
c4086d0a-bbb6-11e8-b2ba-ac1f6b6435d0,25 7,25
c40c0eb2-bbc3-11e8-b2bc-ac1f6b6435d0,1 0 21,0 1 21
c411d4ea-bbc9-11e8-b2bc-ac1f6b6435d0,23 4,4 23
c4121144-bbb5-11e8-b2ba-ac1f6b6435d0,25,24
c41eadce-bbb4-11e8-b2ba-ac1f6b6435d0,25 0,0 25
c41feaaa-bbc2-11e8-b2bc-ac1f6b6435d0,7,7 21
c420b2ec-bbad-11e8-b2ba-ac1f6b6435d0,25 5 1,1 25
c4234b84-bbc5-11e8-b2bc-ac1f6b6435d0,0,0
c423af00-bb9a-11e8-b2b9-ac1f6b6435d0,24 11,11
c4251e4e-bbb8-11e8-b2ba-ac1f6b6435d0,4 0 21,5
c425b796-bba4-11e8-b2ba-ac1f6b6435d0,4,4
c4287aba-bb9c-11e8-b2b9-ac1f6b6435d0,25,25
c42ccc62-bbbc-11e8-b2ba-ac1f6b6435d0,2 0,0 2
c42edc50-bba8-11e8-b2ba-ac1f6b6435d0,5 0,0 5
c430d354-bba6-11e8-b2ba-ac1f6b6435d0,5 0,5
c431fb70-bba7-11e8-b2ba-ac1f6b6435d0,4 0,4
c431fd90-bba3-11e8-b2b9-ac1f6b6435d0,12 4 21,4 12 21
c4352e58-bbc5-11e8-b2bc-ac1f6b6435d0,19 0,0
c4358e12-bba1-11e8-b2b9-ac1f6b6435d0,3,3
c43865f4-bbc6-11e8-b2bc-ac1f6b6435d0,21,2 25
c43c72e0-bba6-11e8-b2ba-ac1f6b6435d0,25 2 0 21,0 2 25
c43d6bc4-bbb9-11e8-b2ba-ac1f6b6435d0,7 0,0 7
c44116ca-bbbe-11e8-b2ba-ac1f6b6435d0,1 2,1 2
c4440d32-bba3-11e8-b2b9-ac1f6b6435d0,14 0,14
c4482b38-bbbc-11e8-b2ba-ac1f6b6435d0,7,7
c448cfca-bbad-11e8-b2ba-ac1f6b6435d0,19 13 0,0 13
c44c173a-bbac-11e8-b2ba-ac1f6b6435d0,0,0
c44c8b20-bbbb-11e8-b2ba-ac1f6b6435d0,25,25
c451bb18-bba7-11e8-b2ba-ac1f6b6435d0,18 0,0 18
c45421c4-bbba-11e8-b2ba-ac1f6b6435d0,14,14
c456566e-bba2-11e8-b2b9-ac1f6b6435d0,25,2 25
c45803aa-bba8-11e8-b2ba-ac1f6b6435d0,25 4,0
c458f420-bbc3-11e8-b2bc-ac1f6b6435d0,3 0,0 3
c459bf82-bba9-11e8-b2ba-ac1f6b6435d0,2 0,2
c45f80ae-bba2-11e8-b2b9-ac1f6b6435d0,0,4
c4610b24-bbb4-11e8-b2ba-ac1f6b6435d0,0 21,0 21 25
c46202aa-bb9a-11e8-b2b9-ac1f6b6435d0,25 0,0 7
c463fad0-bbca-11e8-b2bc-ac1f6b6435d0,25,25
c465131a-bbbc-11e8-b2ba-ac1f6b6435d0,0,0
c4658eda-bba3-11e8-b2b9-ac1f6b6435d0,26 25,25 26
c466e90e-bbc3-11e8-b2bc-ac1f6b6435d0,25 2,3
c4674aa8-bba4-11e8-b2ba-ac1f6b6435d0,2 0,0 2
c469f8a4-bbb6-11e8-b2ba-ac1f6b6435d0,11,11
c46c19fe-bbca-11e8-b2bc-ac1f6b6435d0,25 14 2,14 25
c46d17b6-bb9b-11e8-b2b9-ac1f6b6435d0,11,11
c4733f90-bba7-11e8-b2ba-ac1f6b6435d0,24 0,0 24
c4768c9e-bbb7-11e8-b2ba-ac1f6b6435d0,13,13 25
c4779642-bb9a-11e8-b2b9-ac1f6b6435d0,25 2,2 6 25
c477f314-bbca-11e8-b2bc-ac1f6b6435d0,5,5
c4781282-bbb5-11e8-b2ba-ac1f6b6435d0,1 0,0 1
c47e872e-bba7-11e8-b2ba-ac1f6b6435d0,25 0,0 22
c481dfd2-bbc5-11e8-b2bc-ac1f6b6435d0,19 0,0 18
c4835332-bbaa-11e8-b2ba-ac1f6b6435d0,2 0,2
c4857ef2-bbb7-11e8-b2ba-ac1f6b6435d0,12 1 21,1 21
c487b918-bba5-11e8-b2ba-ac1f6b6435d0,25,25
c48a5ea6-bbab-11e8-b2ba-ac1f6b6435d0,0,0 25
c48b7ba4-bbbc-11e8-b2ba-ac1f6b6435d0,18,25
c48cb0e2-bbb6-11e8-b2ba-ac1f6b6435d0,21,21
c48cf43a-bba7-11e8-b2ba-ac1f6b6435d0,6,21
c4908034-bb9b-11e8-b2b9-ac1f6b6435d0,2,2
c491a6de-bb9c-11e8-b2b9-ac1f6b6435d0,23 2,23
c491f45a-bbc3-11e8-b2bc-ac1f6b6435d0,25 0,0 25
c493bda2-bbab-11e8-b2ba-ac1f6b6435d0,19,19
c49405d2-bbb5-11e8-b2ba-ac1f6b6435d0,6,25
c4959e82-bbac-11e8-b2ba-ac1f6b6435d0,25,25
c49ace06-bb9e-11e8-b2b9-ac1f6b6435d0,0,0
c49cd5fc-bb99-11e8-b2b9-ac1f6b6435d0,23 0,0 23 25
c4a1198e-bbab-11e8-b2ba-ac1f6b6435d0,26,26
c4a1feea-bbaa-11e8-b2ba-ac1f6b6435d0,25 5 0,0 5 25
c4a316b8-bbc3-11e8-b2bc-ac1f6b6435d0,2,2
c4a994b6-bbc3-11e8-b2bc-ac1f6b6435d0,16 25 0,0 16
c4a9b910-bbae-11e8-b2ba-ac1f6b6435d0,0,0 7
c4a9f73e-bb9c-11e8-b2b9-ac1f6b6435d0,6,6
c4aa1b92-bba6-11e8-b2ba-ac1f6b6435d0,11 4,4 11
c4ac65ac-bbae-11e8-b2ba-ac1f6b6435d0,14 0,0 14
c4ad105c-bb99-11e8-b2b9-ac1f6b6435d0,25 0,0 25
c4b15d62-bbbf-11e8-b2bb-ac1f6b6435d0,19 0,0 19
c4b189c0-bbb7-11e8-b2ba-ac1f6b6435d0,1 0,5
c4b1a76c-bb9d-11e8-b2b9-ac1f6b6435d0,7,7
c4b2fd08-bba5-11e8-b2ba-ac1f6b6435d0,1 0,0 1
c4b7b1ba-bbc6-11e8-b2bc-ac1f6b6435d0,7,7
c4b7e458-bbbe-11e8-b2ba-ac1f6b6435d0,7,7
c4b864d8-bb9a-11e8-b2b9-ac1f6b6435d0,19 0,0
c4bb9b24-bbc9-11e8-b2bc-ac1f6b6435d0,25 0,0 25
c4c03d30-bb9e-11e8-b2b9-ac1f6b6435d0,20,20 25
c4c68ad6-bbc7-11e8-b2bc-ac1f6b6435d0,2 0,0 2
c4c81666-bbbe-11e8-b2ba-ac1f6b6435d0,25 5,0 25
c4c90bb2-bb9f-11e8-b2b9-ac1f6b6435d0,0 21,0 21
c4cbad92-bbb1-11e8-b2ba-ac1f6b6435d0,23,23
c4cd0b06-bbb6-11e8-b2ba-ac1f6b6435d0,25,25
c4cd464c-bb9e-11e8-b2b9-ac1f6b6435d0,19,19
c4d0ad7e-bbc0-11e8-b2bb-ac1f6b6435d0,23,0 23
c4d0d77c-bbc0-11e8-b2bb-ac1f6b6435d0,1,0 1
c4d1c464-bbc7-11e8-b2bc-ac1f6b6435d0,25 3,3 25
c4d2781e-bbc7-11e8-b2bc-ac1f6b6435d0,25 4,0
c4d36604-bbb6-11e8-b2ba-ac1f6b6435d0,5 21,5 21
c4d43ab8-bbbe-11e8-b2ba-ac1f6b6435d0,21,21
c4d82aa4-bbac-11e8-b2ba-ac1f6b6435d0,25 2 0,0 25
c4db6b72-bbb3-11e8-b2ba-ac1f6b6435d0,23,23
c4dc83ba-bbc0-11e8-b2bb-ac1f6b6435d0,14,14
c4dd7554-bb9d-11e8-b2b9-ac1f6b6435d0,3,0 3
c4e26ac2-bbc6-11e8-b2bc-ac1f6b6435d0,21,21
c4e278dc-bba3-11e8-b2b9-ac1f6b6435d0,2 0,0 3
c4e638de-bbc9-11e8-b2bc-ac1f6b6435d0,21,21
c4e8a32a-bbc5-11e8-b2bc-ac1f6b6435d0,13,12
c4ebf05a-bbbd-11e8-b2ba-ac1f6b6435d0,21,0 21
c4ec93da-bba8-11e8-b2ba-ac1f6b6435d0,2 0,0 2
c4ecaa00-bbad-11e8-b2ba-ac1f6b6435d0,23,23
c4ed0112-bbb2-11e8-b2ba-ac1f6b6435d0,25 0,21
c4ed96d2-bbac-11e8-b2ba-ac1f6b6435d0,21,21
c4efae60-bbaa-11e8-b2ba-ac1f6b6435d0,4,4
c4f4b840-bbca-11e8-b2bc-ac1f6b6435d0,23,23
c4f645fc-bb9d-11e8-b2b9-ac1f6b6435d0,21,21
c4fc138e-bbbf-11e8-b2bb-ac1f6b6435d0,5 0,0 5
c4fd483c-bbbd-11e8-b2ba-ac1f6b6435d0,21,23
c4ff8a70-bbc2-11e8-b2bc-ac1f6b6435d0,25 4,4 21
c50031b6-bba7-11e8-b2ba-ac1f6b6435d0,23,23
c501f57a-bb9b-11e8-b2b9-ac1f6b6435d0,4,4
c5024e14-bbb7-11e8-b2ba-ac1f6b6435d0,23,23
c5062710-bbb1-11e8-b2ba-ac1f6b6435d0,14 2,14
c5072f56-bba3-11e8-b2b9-ac1f6b6435d0,20,5 25
c507cd22-bba2-11e8-b2b9-ac1f6b6435d0,25 0,0
c50a0c70-bb9a-11e8-b2b9-ac1f6b6435d0,7 1 0,0 1 7
c50a5db0-bbb3-11e8-b2ba-ac1f6b6435d0,11 5,23
c50b0bd0-bbb2-11e8-b2ba-ac1f6b6435d0,23,23
c511cd38-bba5-11e8-b2ba-ac1f6b6435d0,0,0 18 25
c5136d9a-bbb5-11e8-b2ba-ac1f6b6435d0,19 25 21,19 25
c513e04c-bbbd-11e8-b2ba-ac1f6b6435d0,14 2,0 3 25
c514195a-bbb2-11e8-b2ba-ac1f6b6435d0,2 0,2
c515c62e-bba8-11e8-b2ba-ac1f6b6435d0,4 0,0 5
c5167ba2-bbbf-11e8-b2bb-ac1f6b6435d0,1,0 1
c516ed04-bba5-11e8-b2ba-ac1f6b6435d0,19 25,14 21 25
c51756de-bbc5-11e8-b2bc-ac1f6b6435d0,25 5,0 25
c51876dc-bbbf-11e8-b2bb-ac1f6b6435d0,5 0,0
c51a9e62-bb9c-11e8-b2b9-ac1f6b6435d0,2,0 2
c51d9b2a-bbb1-11e8-b2ba-ac1f6b6435d0,7,7
c51e4156-bba7-11e8-b2ba-ac1f6b6435d0,23 0,0 23
c51eee7c-bba6-11e8-b2ba-ac1f6b6435d0,19 0,0 19
c5212cc2-bba2-11e8-b2b9-ac1f6b6435d0,25 7,7 25
c521f280-bbc8-11e8-b2bc-ac1f6b6435d0,25 0,0 25
c5250c12-bbb5-11e8-b2ba-ac1f6b6435d0,14 4,4 14
c525b2d8-bbc0-11e8-b2bb-ac1f6b6435d0,3 0,5
c5271850-bbaf-11e8-b2ba-ac1f6b6435d0,25 6,6
c52aed18-bbb9-11e8-b2ba-ac1f6b6435d0,11,11
c52fc3b8-bbc5-11e8-b2bc-ac1f6b6435d0,19 25,19 25
c534b5a2-bbbc-11e8-b2ba-ac1f6b6435d0,25 2 0,0 3 25
c53bfe76-bba2-11e8-b2b9-ac1f6b6435d0,23 0,0 25
c53d981e-bbc8-11e8-b2bc-ac1f6b6435d0,3 0,2
c53e22ae-bbb7-11e8-b2ba-ac1f6b6435d0,1,1
c53fed7c-bbae-11e8-b2ba-ac1f6b6435d0,22 23,22 23
c542f228-bbaa-11e8-b2ba-ac1f6b6435d0,7 0,0 7
c544d92c-bba4-11e8-b2ba-ac1f6b6435d0,4,4
c5455ff6-bbad-11e8-b2ba-ac1f6b6435d0,11,11
c54bb700-bba0-11e8-b2b9-ac1f6b6435d0,25 7,7
c54cce00-bba1-11e8-b2b9-ac1f6b6435d0,25,19
c54d2cbc-bbc2-11e8-b2bc-ac1f6b6435d0,5,5 26
c550a238-bbc8-11e8-b2bc-ac1f6b6435d0,7,7 25
c5519256-bbaa-11e8-b2ba-ac1f6b6435d0,25,25
c5540c8c-bba7-11e8-b2ba-ac1f6b6435d0,11,0
c5560646-bbb5-11e8-b2ba-ac1f6b6435d0,0,0
c55bf65e-bbb6-11e8-b2ba-ac1f6b6435d0,21,21
c562c338-bb9f-11e8-b2b9-ac1f6b6435d0,19,19
c5636250-bbc9-11e8-b2bc-ac1f6b6435d0,2 0,2
c563fa2c-bbbe-11e8-b2ba-ac1f6b6435d0,4,4
c56b8528-bbb7-11e8-b2ba-ac1f6b6435d0,0 21,0 21
c56c5c56-bbac-11e8-b2ba-ac1f6b6435d0,25,25
c56dc30a-bbb8-11e8-b2ba-ac1f6b6435d0,13,0 12 13
c56de542-bb9a-11e8-b2b9-ac1f6b6435d0,7,7
c5712362-bba2-11e8-b2b9-ac1f6b6435d0,25 0,0 25
c5738370-bbaa-11e8-b2ba-ac1f6b6435d0,0,0
c573cee2-bbc9-11e8-b2bc-ac1f6b6435d0,16 2,0 2
c5743d04-bba7-11e8-b2ba-ac1f6b6435d0,7 0,0 2
c575e36a-bba3-11e8-b2b9-ac1f6b6435d0,2,2
c5778a50-bb9c-11e8-b2b9-ac1f6b6435d0,7 0,0 7 25
c5784e02-bb99-11e8-b2b9-ac1f6b6435d0,16 3 0,2 16
c578fbc6-bbae-11e8-b2ba-ac1f6b6435d0,7 0 21,0 21
c57b55f6-bbbd-11e8-b2ba-ac1f6b6435d0,1,1
c57bc458-bbc4-11e8-b2bc-ac1f6b6435d0,4,0
c57f3134-bbaf-11e8-b2ba-ac1f6b6435d0,23,23
c57f3e40-bbbe-11e8-b2ba-ac1f6b6435d0,2,2
c58be1d2-bb9f-11e8-b2b9-ac1f6b6435d0,25 5 0,0 25
c58e22ba-bbc9-11e8-b2bc-ac1f6b6435d0,16 5,14 16
c591b870-bba2-11e8-b2b9-ac1f6b6435d0,19 0,0 19
c592a37e-bbb2-11e8-b2ba-ac1f6b6435d0,5,0
c59743a4-bbab-11e8-b2ba-ac1f6b6435d0,0,0 1 2
c5989378-bba9-11e8-b2ba-ac1f6b6435d0,0 21,21
c59b6040-bba3-11e8-b2b9-ac1f6b6435d0,11,11
c59b60bc-bbb8-11e8-b2ba-ac1f6b6435d0,6,6 25
c59dbd96-bba2-11e8-b2b9-ac1f6b6435d0,23,23
c5a0fb6e-bbc5-11e8-b2bc-ac1f6b6435d0,5,5 25
c5a20e32-bbac-11e8-b2ba-ac1f6b6435d0,25 13 0,0 21
c5a4e426-bbb7-11e8-b2ba-ac1f6b6435d0,22 25 21,22
c5a57408-bbb8-11e8-b2ba-ac1f6b6435d0,25 11 0,0 25
c5a5a934-bbca-11e8-b2bc-ac1f6b6435d0,25 0,0 25
c5aa3936-bbb1-11e8-b2ba-ac1f6b6435d0,25 0,0 25
c5ad8a2a-bbbe-11e8-b2ba-ac1f6b6435d0,4 21,4 21
c5ae4730-bbc3-11e8-b2bc-ac1f6b6435d0,7 0,0 5 7 25
c5aef1fa-bbbc-11e8-b2ba-ac1f6b6435d0,0,0 19 25
c5afbc04-bbab-11e8-b2ba-ac1f6b6435d0,5,5
c5b04042-bbc5-11e8-b2bc-ac1f6b6435d0,0,0
c5b194de-bba6-11e8-b2ba-ac1f6b6435d0,25,25
c5b49ce0-bbbc-11e8-b2ba-ac1f6b6435d0,5,5
c5b5e522-bbbd-11e8-b2ba-ac1f6b6435d0,4,4
c5b8f36e-bb9c-11e8-b2b9-ac1f6b6435d0,14 21,14 16 25
c5b9df7e-bb9f-11e8-b2b9-ac1f6b6435d0,16 25 0,0 16 25
c5ba3ec6-bba2-11e8-b2b9-ac1f6b6435d0,0,0
c5bb7cb0-bbb5-11e8-b2ba-ac1f6b6435d0,18 0,0 18 21
c5c064f8-bbad-11e8-b2ba-ac1f6b6435d0,20 0,0 20
c5c152c0-bbb0-11e8-b2ba-ac1f6b6435d0,4,4
c5c19f36-bbac-11e8-b2ba-ac1f6b6435d0,25 4 21,0 19 21
c5c26fd4-bba6-11e8-b2ba-ac1f6b6435d0,3,3 5
c5c68bc4-bba5-11e8-b2ba-ac1f6b6435d0,2 0,0 2
c5c825ce-bbaf-11e8-b2ba-ac1f6b6435d0,11,11
c5c8fe92-bba8-11e8-b2ba-ac1f6b6435d0,1 2 0,0 1 2
c5c9c6cc-bbc3-11e8-b2bc-ac1f6b6435d0,7,7
c5ccbe20-bb9d-11e8-b2b9-ac1f6b6435d0,21,21
c5d1132e-bbb3-11e8-b2ba-ac1f6b6435d0,25 2,2 25
c5d4f7c2-bbbe-11e8-b2ba-ac1f6b6435d0,23 1,1 23
c5df29d4-bbca-11e8-b2bc-ac1f6b6435d0,23 0,6
c5e2956a-bbac-11e8-b2ba-ac1f6b6435d0,19,19
c5e9386a-bbbc-11e8-b2ba-ac1f6b6435d0,7,25
c5ee19b4-bba0-11e8-b2b9-ac1f6b6435d0,6,11
c5ef6450-bbae-11e8-b2ba-ac1f6b6435d0,0 21,0 21
c5efa842-bbaa-11e8-b2ba-ac1f6b6435d0,2 0,0 2 7
c5f337f4-bbbf-11e8-b2bb-ac1f6b6435d0,12 21,21
c5f51c04-bbb0-11e8-b2ba-ac1f6b6435d0,18 23 2,2 23
c5f545dc-bbc2-11e8-b2bc-ac1f6b6435d0,0,0
c5f5fdac-bb9e-11e8-b2b9-ac1f6b6435d0,4,4
c5f87154-bbc1-11e8-b2bb-ac1f6b6435d0,18,18
c5f9de70-bba5-11e8-b2ba-ac1f6b6435d0,25 2,21 25
c5fbcd66-bb9b-11e8-b2b9-ac1f6b6435d0,25 5 0,0 5 21 25
c5fefc60-bbba-11e8-b2ba-ac1f6b6435d0,25 2,3 23
c600abae-bb9d-11e8-b2b9-ac1f6b6435d0,25 0,0 25
c600f802-bbca-11e8-b2bc-ac1f6b6435d0,2 0,2
c601f596-bbab-11e8-b2ba-ac1f6b6435d0,19 23,19
c6039902-bbc7-11e8-b2bc-ac1f6b6435d0,25 2,2 25
c60444a4-bbba-11e8-b2ba-ac1f6b6435d0,11,11
c6081d98-bbad-11e8-b2ba-ac1f6b6435d0,22 5,5
c609eec4-bbc7-11e8-b2bc-ac1f6b6435d0,22 5,2 25
c60a4270-bb9f-11e8-b2b9-ac1f6b6435d0,25 0,0 21
c60c3d58-bbab-11e8-b2ba-ac1f6b6435d0,7,7
c60d6440-bb9b-11e8-b2b9-ac1f6b6435d0,25 0,0 25
c60fec5e-bb9d-11e8-b2b9-ac1f6b6435d0,21,21
c6134e8e-bbc1-11e8-b2bb-ac1f6b6435d0,25 0,25
c613a602-bba5-11e8-b2ba-ac1f6b6435d0,4 0,0
c614bc6a-bb99-11e8-b2b9-ac1f6b6435d0,25,25
c614bce6-bba4-11e8-b2ba-ac1f6b6435d0,1 0,0
c61750d2-bbc2-11e8-b2bc-ac1f6b6435d0,7 0,0
c617767a-bbb8-11e8-b2ba-ac1f6b6435d0,23,23
c61808a0-bb9b-11e8-b2b9-ac1f6b6435d0,23 0,23
c6180f18-bba9-11e8-b2ba-ac1f6b6435d0,25 5 0,0 5 25
c619854c-bba3-11e8-b2b9-ac1f6b6435d0,12,12
c619a8c0-bbc5-11e8-b2bc-ac1f6b6435d0,13,13
c61f169e-bbba-11e8-b2ba-ac1f6b6435d0,1 4 2 0,0 2
c6201870-bbbd-11e8-b2ba-ac1f6b6435d0,21,21
c6235f8a-bbae-11e8-b2ba-ac1f6b6435d0,14,14 25
c627edb2-bba8-11e8-b2ba-ac1f6b6435d0,5 0,0 5
c62b43e0-bbbc-11e8-b2ba-ac1f6b6435d0,0,0 5 16
c62c21a0-bbb9-11e8-b2ba-ac1f6b6435d0,2,2
c62c8300-bbb6-11e8-b2ba-ac1f6b6435d0,3,3
c62cd6b6-bba7-11e8-b2ba-ac1f6b6435d0,0,0
c62f9f74-bbbe-11e8-b2ba-ac1f6b6435d0,2 0,0 2
c6304618-bbaf-11e8-b2ba-ac1f6b6435d0,2 0,0 2
c63068ca-bba8-11e8-b2ba-ac1f6b6435d0,25,25
c633c1e2-bbc0-11e8-b2bb-ac1f6b6435d0,1 0,0 1
c6343132-bb9c-11e8-b2b9-ac1f6b6435d0,5,5
c6349204-bbb9-11e8-b2ba-ac1f6b6435d0,25,6
c6349c96-bb9a-11e8-b2b9-ac1f6b6435d0,19,19
c6395608-bba1-11e8-b2b9-ac1f6b6435d0,7,7 25
c63a4648-bbc5-11e8-b2bc-ac1f6b6435d0,18 0,0 18
c63b1786-bbbf-11e8-b2bb-ac1f6b6435d0,25 6 2,0
c643a3a2-bbaf-11e8-b2ba-ac1f6b6435d0,23,23
c646061a-bb9b-11e8-b2b9-ac1f6b6435d0,2 0,0 2
c65045bc-bb9b-11e8-b2b9-ac1f6b6435d0,6,6
c6516e58-bba3-11e8-b2b9-ac1f6b6435d0,5,5
c653c0cc-bbc6-11e8-b2bc-ac1f6b6435d0,19,19
c654a7fe-bbc0-11e8-b2bb-ac1f6b6435d0,25 14,25
c656ca08-bbba-11e8-b2ba-ac1f6b6435d0,6,21 25
c658ff78-bbb3-11e8-b2ba-ac1f6b6435d0,25 5,0 25
c659d43c-bbb0-11e8-b2ba-ac1f6b6435d0,26 0,26
c659f15a-bba7-11e8-b2ba-ac1f6b6435d0,25 0,0 2
c65a66d6-bbbf-11e8-b2bb-ac1f6b6435d0,0,0 22
c65c2362-bb9d-11e8-b2b9-ac1f6b6435d0,21,21 25
c6601a46-bba5-11e8-b2ba-ac1f6b6435d0,25 23,26
c66323ac-bbb5-11e8-b2ba-ac1f6b6435d0,0,0 25
c664dd6c-bbc6-11e8-b2bc-ac1f6b6435d0,23,0 23
c664eeb8-bb9b-11e8-b2b9-ac1f6b6435d0,23 2 21,2 21
c665493e-bbab-11e8-b2ba-ac1f6b6435d0,25 0,0 25
c6657da0-bba6-11e8-b2ba-ac1f6b6435d0,0 21,0
c6660300-bbc0-11e8-b2bb-ac1f6b6435d0,25 0,0 25
c66720ca-bbb4-11e8-b2ba-ac1f6b6435d0,11 2,11
c66a0b7c-bbbf-11e8-b2bb-ac1f6b6435d0,25 0,0 25
c66a2a7a-bbb6-11e8-b2ba-ac1f6b6435d0,6 3,3 6
c66c1032-bbbc-11e8-b2ba-ac1f6b6435d0,25 0,0 21
c66c83b8-bbb3-11e8-b2ba-ac1f6b6435d0,18,0 7
c66d3d28-bbb6-11e8-b2ba-ac1f6b6435d0,13 21,12 13
c66ecd78-bbac-11e8-b2ba-ac1f6b6435d0,25 7,0 21
c6713784-bbca-11e8-b2bc-ac1f6b6435d0,22 5 0,0 22
c6767250-bbbe-11e8-b2ba-ac1f6b6435d0,25 23 0,0 25
c678ee20-bba7-11e8-b2ba-ac1f6b6435d0,7,7
c6792fa6-bbad-11e8-b2ba-ac1f6b6435d0,0,0
c67db176-bbc0-11e8-b2bb-ac1f6b6435d0,1 4,1 4
c67ea822-bb9f-11e8-b2b9-ac1f6b6435d0,1,1
c67f38a6-bbb7-11e8-b2ba-ac1f6b6435d0,13,13
c68273c4-bbbf-11e8-b2bb-ac1f6b6435d0,25 0,0 21
c6877578-bbc3-11e8-b2bc-ac1f6b6435d0,3 0,0 3
c6882eb2-bbb6-11e8-b2ba-ac1f6b6435d0,25 0,0 25
c6896c50-bbac-11e8-b2ba-ac1f6b6435d0,5 0 21,0 5 25
c68ff6fc-bbc4-11e8-b2bc-ac1f6b6435d0,1,1 25
c6924c54-bba6-11e8-b2ba-ac1f6b6435d0,25 0,0 25
c693931a-bbc5-11e8-b2bc-ac1f6b6435d0,3,3
c6939988-bb9c-11e8-b2b9-ac1f6b6435d0,25 21,21 25
c695cd24-bb9d-11e8-b2b9-ac1f6b6435d0,26 0,0 26
c6983ac4-bbbf-11e8-b2bb-ac1f6b6435d0,23,23
c69932a0-bb9a-11e8-b2b9-ac1f6b6435d0,25 23 0,0 23 25
c69972f6-bbb3-11e8-b2ba-ac1f6b6435d0,19 3 0,0 19
c699d9ea-bba8-11e8-b2ba-ac1f6b6435d0,25,6 25
c69d51e4-bbc4-11e8-b2bc-ac1f6b6435d0,2,2 25
c6a10840-bbae-11e8-b2ba-ac1f6b6435d0,25 0,0 25
c6a1993c-bba8-11e8-b2ba-ac1f6b6435d0,25 13,13 25
c6a2f4c4-bb9b-11e8-b2b9-ac1f6b6435d0,2 0,0 2
c6a550fc-bbaa-11e8-b2ba-ac1f6b6435d0,3 0,3
c6a62726-bbc7-11e8-b2bc-ac1f6b6435d0,3,3
c6a684e8-bbb1-11e8-b2ba-ac1f6b6435d0,19 23,7 23
c6adc692-bba0-11e8-b2b9-ac1f6b6435d0,0,0
c6ae9dfc-bbbd-11e8-b2ba-ac1f6b6435d0,13,13
c6af4e52-bbc5-11e8-b2bc-ac1f6b6435d0,16 14,14 16
c6af5cce-bb9f-11e8-b2b9-ac1f6b6435d0,23,23
c6b41188-bb9a-11e8-b2b9-ac1f6b6435d0,0,0
c6b4bd74-bbbb-11e8-b2ba-ac1f6b6435d0,2,2
c6b4d2ec-bbc4-11e8-b2bc-ac1f6b6435d0,5,0 5
c6b543b4-bba9-11e8-b2ba-ac1f6b6435d0,11 0,21
c6b86abc-bbc2-11e8-b2bc-ac1f6b6435d0,6,6
c6b979e8-bbc7-11e8-b2bc-ac1f6b6435d0,25 0,0 22
c6b99bbc-bbbd-11e8-b2ba-ac1f6b6435d0,23,0 23
c6ba0566-bbb8-11e8-b2ba-ac1f6b6435d0,7 0,0 7
c6baae94-bbc7-11e8-b2bc-ac1f6b6435d0,5 4,0
c6bb6800-bba6-11e8-b2ba-ac1f6b6435d0,3 0,0 3
c6bb7918-bbaa-11e8-b2ba-ac1f6b6435d0,5,0
c6bc211e-bbc4-11e8-b2bc-ac1f6b6435d0,11,11
c6bc46aa-bb9a-11e8-b2b9-ac1f6b6435d0,23 4,4
c6bfca94-bbc4-11e8-b2bc-ac1f6b6435d0,3,3
c6c18c82-bbbd-11e8-b2ba-ac1f6b6435d0,2 0,0 2
c6c2805e-bbba-11e8-b2ba-ac1f6b6435d0,7 0,0 7
c6c2fb36-bbc6-11e8-b2bc-ac1f6b6435d0,0 21,0 5 21
c6c65b5a-bbbc-11e8-b2ba-ac1f6b6435d0,0,0
c6c8e680-bb9a-11e8-b2b9-ac1f6b6435d0,20,20 23
c6cacb14-bb9d-11e8-b2b9-ac1f6b6435d0,22 21,22
c6cba8a8-bbad-11e8-b2ba-ac1f6b6435d0,6 1,1 6
c6cc3b7c-bbaf-11e8-b2ba-ac1f6b6435d0,3,3 25
c6cd87b8-bbc1-11e8-b2bb-ac1f6b6435d0,23,23
c6ce1950-bbb0-11e8-b2ba-ac1f6b6435d0,18,5 25
c6d167e2-bba9-11e8-b2ba-ac1f6b6435d0,2 0,0 2
c6d2eb64-bb9d-11e8-b2b9-ac1f6b6435d0,2 0,0 2
c6d3cef6-bbc2-11e8-b2bc-ac1f6b6435d0,25,19
c6d9cc2c-bbb1-11e8-b2ba-ac1f6b6435d0,23,0 23
c6dfa17a-bbab-11e8-b2ba-ac1f6b6435d0,25 5 1,5 21
c6e0df76-bbb1-11e8-b2ba-ac1f6b6435d0,25,25
c6e2c336-bba7-11e8-b2ba-ac1f6b6435d0,5,0
c6e4ddca-bba1-11e8-b2b9-ac1f6b6435d0,3,3
c6e69c1c-bbb2-11e8-b2ba-ac1f6b6435d0,2,2
c6e7aad2-bb9c-11e8-b2b9-ac1f6b6435d0,11,11
c6e7e66c-bbbc-11e8-b2ba-ac1f6b6435d0,7,7
c6e863a2-bb9a-11e8-b2b9-ac1f6b6435d0,3 0,0 3
c6e87dba-bb9a-11e8-b2b9-ac1f6b6435d0,26,20 24 26
c6e991e2-bbc1-11e8-b2bb-ac1f6b6435d0,25 21,21 25
c6ea7d62-bbaa-11e8-b2ba-ac1f6b6435d0,25 23,23
c6ed5ea4-bba2-11e8-b2b9-ac1f6b6435d0,25 0,5 25
c6ed723a-bbad-11e8-b2ba-ac1f6b6435d0,25 0,0 2
c6f59af2-bbb0-11e8-b2ba-ac1f6b6435d0,22,0 22
c6f700a0-bba5-11e8-b2ba-ac1f6b6435d0,0,0
c6f8a05c-bbca-11e8-b2bc-ac1f6b6435d0,1 2 0,0 2
c6fa5a5c-bbc3-11e8-b2bc-ac1f6b6435d0,6,6
c6fab7aa-bba4-11e8-b2ba-ac1f6b6435d0,25 23 21,22 25
c6fbf312-bba5-11e8-b2ba-ac1f6b6435d0,3,3
c7027fde-bbb9-11e8-b2ba-ac1f6b6435d0,19 7,7
c7056b68-bbc3-11e8-b2bc-ac1f6b6435d0,16 14 0,0 14 16
c708ed56-bbb9-11e8-b2ba-ac1f6b6435d0,21,21
c70b280a-bba0-11e8-b2b9-ac1f6b6435d0,7 0,0 19
c70bd9d8-bbc5-11e8-b2bc-ac1f6b6435d0,22,21
c70c4254-bba4-11e8-b2ba-ac1f6b6435d0,0,0
c7120f22-bba9-11e8-b2ba-ac1f6b6435d0,25 0,4
c712a740-bb9d-11e8-b2b9-ac1f6b6435d0,25 0,0 25
c713fa16-bbb4-11e8-b2ba-ac1f6b6435d0,25 6 2,25
c718b616-bbb2-11e8-b2ba-ac1f6b6435d0,25 6,6 25
c7199942-bbca-11e8-b2bc-ac1f6b6435d0,11,11
c71bb026-bbc8-11e8-b2bc-ac1f6b6435d0,5 0,0
c71d6392-bbc5-11e8-b2bc-ac1f6b6435d0,0 21,0 25
c71df0e4-bbc7-11e8-b2bc-ac1f6b6435d0,4,0 2
c7257380-bbb0-11e8-b2ba-ac1f6b6435d0,0,0 25
c7258886-bbbd-11e8-b2ba-ac1f6b6435d0,0,0
c726b11e-bbc9-11e8-b2bc-ac1f6b6435d0,19 0,0 19
c7343aac-bbb3-11e8-b2ba-ac1f6b6435d0,1 21,1 21
c73488fa-bbbc-11e8-b2ba-ac1f6b6435d0,7 0,0 7
c73ad302-bbaf-11e8-b2ba-ac1f6b6435d0,25,25
c73af022-bb9a-11e8-b2b9-ac1f6b6435d0,23,23
c73b9cb0-bbb9-11e8-b2ba-ac1f6b6435d0,7 4,7
c73ca0e6-bba6-11e8-b2ba-ac1f6b6435d0,3 0,0
c73cb23e-bbc9-11e8-b2bc-ac1f6b6435d0,21,25
c73eec68-bbc2-11e8-b2bc-ac1f6b6435d0,2 0,0 2
c74338e6-bba3-11e8-b2b9-ac1f6b6435d0,23 0,23
c743fd6a-bbb4-11e8-b2ba-ac1f6b6435d0,3 0,3 4
c74c3a96-bbac-11e8-b2ba-ac1f6b6435d0,7 5,0 7
c750434a-bb9b-11e8-b2b9-ac1f6b6435d0,0 21,0 20
c75125b0-bbca-11e8-b2bc-ac1f6b6435d0,21,21
c7513d76-bbb0-11e8-b2ba-ac1f6b6435d0,5,5
c753ef50-bbb3-11e8-b2ba-ac1f6b6435d0,7,0 7
c755241e-bbc8-11e8-b2bc-ac1f6b6435d0,2,2
c7558cba-bba0-11e8-b2b9-ac1f6b6435d0,21,21
c75bdbae-bbca-11e8-b2bc-ac1f6b6435d0,25,25
c75c8f2e-bbc3-11e8-b2bc-ac1f6b6435d0,13,22
c75d3464-bba1-11e8-b2b9-ac1f6b6435d0,23 2 21,21 23
c75dff5a-bba8-11e8-b2ba-ac1f6b6435d0,2 0,0 2
c75e07fe-bbba-11e8-b2ba-ac1f6b6435d0,0 21,0 21
c75e2bd4-bbc5-11e8-b2bc-ac1f6b6435d0,25 0,0 5 25
c7641d18-bbb7-11e8-b2ba-ac1f6b6435d0,19,23
c76a0f4e-bba7-11e8-b2ba-ac1f6b6435d0,3,3
c771060a-bbc0-11e8-b2bb-ac1f6b6435d0,25 0,0 5
c7724316-bb99-11e8-b2b9-ac1f6b6435d0,22 0,0 22
c773ddd0-bbac-11e8-b2ba-ac1f6b6435d0,7,21
c7758314-bba3-11e8-b2b9-ac1f6b6435d0,25 0,25
c7787d8c-bbb0-11e8-b2ba-ac1f6b6435d0,22 2,2 22
c77c67d0-bbc4-11e8-b2bc-ac1f6b6435d0,25 13 0 21,0 21
c77c9e9e-bbab-11e8-b2ba-ac1f6b6435d0,0,0 5 25
c77f25e2-bbab-11e8-b2ba-ac1f6b6435d0,25,25
c780195c-bba6-11e8-b2ba-ac1f6b6435d0,0,0
c7824f04-bbb7-11e8-b2ba-ac1f6b6435d0,2 0,0
c7845442-bb9a-11e8-b2b9-ac1f6b6435d0,6,2 6 25
c7863b1e-bba8-11e8-b2ba-ac1f6b6435d0,18 0 21,2 21
c7881c84-bbaf-11e8-b2ba-ac1f6b6435d0,23 0,0 23
c78b0d50-bbb8-11e8-b2ba-ac1f6b6435d0,0,0
c78b78de-bbc3-11e8-b2bc-ac1f6b6435d0,25 4,0 25
c78c1286-bbc2-11e8-b2bc-ac1f6b6435d0,0 21,0 21 25
c78dc640-bbc6-11e8-b2bc-ac1f6b6435d0,5,5
c790197c-bbb2-11e8-b2ba-ac1f6b6435d0,4,3 4
c793d28c-bbc7-11e8-b2bc-ac1f6b6435d0,7 0,0 23
c7944872-bbac-11e8-b2ba-ac1f6b6435d0,23,23
c798cacc-bb99-11e8-b2b9-ac1f6b6435d0,25 4,23
c799a7c0-bbb8-11e8-b2ba-ac1f6b6435d0,25 4,4 25
c79a135a-bbb2-11e8-b2ba-ac1f6b6435d0,2,2
c79b16b6-bba2-11e8-b2b9-ac1f6b6435d0,6,6
c79b9716-bba3-11e8-b2b9-ac1f6b6435d0,25 5,25
c79c41ee-bbb6-11e8-b2ba-ac1f6b6435d0,5 0,0 5
c79c8034-bbb9-11e8-b2ba-ac1f6b6435d0,22 4,0 22
c79f7cfe-bbc2-11e8-b2bc-ac1f6b6435d0,0,0
c7a1ade8-bba5-11e8-b2ba-ac1f6b6435d0,25 0,0 19 25
c7a1c41a-bb99-11e8-b2b9-ac1f6b6435d0,1 0,0 1 5
c7a2a9dc-bbaa-11e8-b2ba-ac1f6b6435d0,25 5,5 25
c7a620d2-bbad-11e8-b2ba-ac1f6b6435d0,4,4
c7a74566-bbc6-11e8-b2bc-ac1f6b6435d0,11,2 11
c7a7a462-bbb1-11e8-b2ba-ac1f6b6435d0,25 2 0 21,0 2 21 25
c7ab3052-bbbe-11e8-b2ba-ac1f6b6435d0,3 0,0 3
c7abe0a6-bb9b-11e8-b2b9-ac1f6b6435d0,19 0,0 19
c7acded4-bbc8-11e8-b2bc-ac1f6b6435d0,5 0,0 5
c7ae2174-bbb2-11e8-b2ba-ac1f6b6435d0,21,21
c7b0a070-bbc6-11e8-b2bc-ac1f6b6435d0,11,11
c7b18138-bbae-11e8-b2ba-ac1f6b6435d0,25 3 21,21
c7b64024-bbb3-11e8-b2ba-ac1f6b6435d0,7,7
c7b87a32-bbc8-11e8-b2bc-ac1f6b6435d0,0,0
c7b95970-bbb9-11e8-b2ba-ac1f6b6435d0,4,4
c7ba5a5a-bbb4-11e8-b2ba-ac1f6b6435d0,0,0
c7bbd430-bbb3-11e8-b2ba-ac1f6b6435d0,4,0 4
c7c3f680-bb9d-11e8-b2b9-ac1f6b6435d0,23 0,0 23
c7c5c714-bbc3-11e8-b2bc-ac1f6b6435d0,3 0,0 3
c7c6a076-bbb4-11e8-b2ba-ac1f6b6435d0,25 21,21 25
c7c94908-bba9-11e8-b2ba-ac1f6b6435d0,6,6
c7c9a902-bbbd-11e8-b2ba-ac1f6b6435d0,22 2,2
c7cc686e-bbbc-11e8-b2ba-ac1f6b6435d0,0,0
c7ce5d80-bbc2-11e8-b2bc-ac1f6b6435d0,21,21 25
c7ced13a-bb99-11e8-b2b9-ac1f6b6435d0,14 2 0,2 14
c7d3273a-bbc6-11e8-b2bc-ac1f6b6435d0,14,14
c7d7197c-bbac-11e8-b2ba-ac1f6b6435d0,25 6 21,21
c7dd2e9c-bbb2-11e8-b2ba-ac1f6b6435d0,3,3
c7dfaf3c-bba8-11e8-b2ba-ac1f6b6435d0,25 2 0,0 2 21 25
c7e16800-bb9d-11e8-b2b9-ac1f6b6435d0,21,21
c7e4144c-bbb1-11e8-b2ba-ac1f6b6435d0,11,11
c7ea632a-bba6-11e8-b2ba-ac1f6b6435d0,2,2
c7eba428-bbc5-11e8-b2bc-ac1f6b6435d0,25 7,7
c7ee2e18-bbb2-11e8-b2ba-ac1f6b6435d0,25 0,0 21
c7efd72a-bbc3-11e8-b2bc-ac1f6b6435d0,14,14
c7f315f6-bbab-11e8-b2ba-ac1f6b6435d0,2 0,0 2
c7f41a42-bbc8-11e8-b2bc-ac1f6b6435d0,1 21,1 21
c7f8d1b2-bbbf-11e8-b2bb-ac1f6b6435d0,16,0
c7fa8b6c-bbbd-11e8-b2ba-ac1f6b6435d0,4,4
c7faf06e-bbb5-11e8-b2ba-ac1f6b6435d0,25 3,3 25
c7fb47ae-bbbe-11e8-b2ba-ac1f6b6435d0,0,0
c7ffdb78-bbc5-11e8-b2bc-ac1f6b6435d0,7 0,0 7
c8056a6a-bbc6-11e8-b2bc-ac1f6b6435d0,14 0,0 14 16
c805d5b0-bb9c-11e8-b2b9-ac1f6b6435d0,25 0,12
c807e9f6-bb9f-11e8-b2b9-ac1f6b6435d0,5,5
c8093afc-bbc9-11e8-b2bc-ac1f6b6435d0,25,25
c80aed30-bb9b-11e8-b2b9-ac1f6b6435d0,2,2
c80b3546-bbc4-11e8-b2bc-ac1f6b6435d0,19,0
c80c5a8c-bbb7-11e8-b2ba-ac1f6b6435d0,0,0
c80d873a-bbbd-11e8-b2ba-ac1f6b6435d0,12,12
c815645a-bb9a-11e8-b2b9-ac1f6b6435d0,2 0,0 2
c8157544-bba4-11e8-b2ba-ac1f6b6435d0,4,4
c81b8c66-bbc4-11e8-b2bc-ac1f6b6435d0,3,3
c81ca0d6-bbad-11e8-b2ba-ac1f6b6435d0,0,0 25
c81e6f04-bbb9-11e8-b2ba-ac1f6b6435d0,12 25 0,0 12 25
c8206c46-bbaa-11e8-b2ba-ac1f6b6435d0,23 0,0 23
c82972b0-bb9f-11e8-b2b9-ac1f6b6435d0,7,7
c82c31e2-bbab-11e8-b2ba-ac1f6b6435d0,0,0
c8324458-bbb8-11e8-b2ba-ac1f6b6435d0,19,19
c8359260-bbaf-11e8-b2ba-ac1f6b6435d0,23 5,4
c839388a-bba9-11e8-b2ba-ac1f6b6435d0,18 0,0 25
c83a46fa-bbb1-11e8-b2ba-ac1f6b6435d0,5 2 0,0 5
c83cc876-bbc0-11e8-b2bb-ac1f6b6435d0,6 5,5
c846c7ea-bbbb-11e8-b2ba-ac1f6b6435d0,19 0,0 18
c846e45e-bbc6-11e8-b2bc-ac1f6b6435d0,25 0,25
c84b516a-bb99-11e8-b2b9-ac1f6b6435d0,25 23 3,2 25
c84b5738-bb9d-11e8-b2b9-ac1f6b6435d0,4,4
c84d049c-bbc1-11e8-b2bb-ac1f6b6435d0,6,25
c84e42b8-bbb6-11e8-b2ba-ac1f6b6435d0,0 21,0
c84eb0a8-bb99-11e8-b2b9-ac1f6b6435d0,4 0,0
c84fd4ea-bba0-11e8-b2b9-ac1f6b6435d0,23,0 23
c85023f8-bbb6-11e8-b2ba-ac1f6b6435d0,18 0,0
c850aa2e-bbae-11e8-b2ba-ac1f6b6435d0,25 2,2 25
c8511e9c-bba3-11e8-b2b9-ac1f6b6435d0,0 21,21
c8539d6a-bb9a-11e8-b2b9-ac1f6b6435d0,25,6
c8578600-bbbd-11e8-b2ba-ac1f6b6435d0,21,21
c8598494-bb9c-11e8-b2b9-ac1f6b6435d0,5,5
c859dc54-bbb6-11e8-b2ba-ac1f6b6435d0,25 7,7 25
c85a8e68-bbb8-11e8-b2ba-ac1f6b6435d0,7,7
c85aa48c-bba6-11e8-b2ba-ac1f6b6435d0,25,25
c85e5360-bbb6-11e8-b2ba-ac1f6b6435d0,2 0,0 2
c861eb54-bb9f-11e8-b2b9-ac1f6b6435d0,23,25
c8650fea-bbaa-11e8-b2ba-ac1f6b6435d0,7 0,7
c8659028-bba5-11e8-b2ba-ac1f6b6435d0,2 0,0 2
c8670266-bbb2-11e8-b2ba-ac1f6b6435d0,25 2,2 6
c8672a1c-bbbb-11e8-b2ba-ac1f6b6435d0,0,0
c86734a2-bbad-11e8-b2ba-ac1f6b6435d0,14 0,0
c869aa56-bbb3-11e8-b2ba-ac1f6b6435d0,0 21,0 21
c869c1b2-bbc2-11e8-b2bc-ac1f6b6435d0,25,25
c86de14c-bbb9-11e8-b2ba-ac1f6b6435d0,25 0 21,0 21
c86ecfee-bbc3-11e8-b2bc-ac1f6b6435d0,3,3
c8722b8c-bbbc-11e8-b2ba-ac1f6b6435d0,5 0,0 5
c872dd1c-bbb1-11e8-b2ba-ac1f6b6435d0,7,7
c87328dc-bbbe-11e8-b2ba-ac1f6b6435d0,19 1 0,0 25
c8759e54-bba1-11e8-b2b9-ac1f6b6435d0,21,17
c876832a-bba9-11e8-b2ba-ac1f6b6435d0,25 0,0 2
c8770908-bba9-11e8-b2ba-ac1f6b6435d0,6 18,18 19 25
c877157e-bbb8-11e8-b2ba-ac1f6b6435d0,1 0,0 1
c877fc2e-bbc6-11e8-b2bc-ac1f6b6435d0,7 0,7
c87db0e8-bbc5-11e8-b2bc-ac1f6b6435d0,4,4
c88186c6-bbb8-11e8-b2ba-ac1f6b6435d0,2 21,2
c8821c1e-bbc5-11e8-b2bc-ac1f6b6435d0,25 5,4 5 25
c882e1a6-bba4-11e8-b2ba-ac1f6b6435d0,25 0,0 25
c8834504-bbab-11e8-b2ba-ac1f6b6435d0,7 0,7
c8838644-bbb6-11e8-b2ba-ac1f6b6435d0,23,23
c88495e2-bbbc-11e8-b2ba-ac1f6b6435d0,25 0,0 25
c885ea4c-bbbb-11e8-b2ba-ac1f6b6435d0,3,3
c88bd162-bbb3-11e8-b2ba-ac1f6b6435d0,25 0,0 21 25
c88c5466-bbae-11e8-b2ba-ac1f6b6435d0,0,0
c88eef1c-bbb5-11e8-b2ba-ac1f6b6435d0,5 0,0 5
c8904e28-bb99-11e8-b2b9-ac1f6b6435d0,7 5,0 25
c895824a-bba2-11e8-b2b9-ac1f6b6435d0,25 5 0,0 5 25
c8967ee4-bbb0-11e8-b2ba-ac1f6b6435d0,0 21,0 21
c896eb04-bbab-11e8-b2ba-ac1f6b6435d0,25 0,25
c8992fcc-bbba-11e8-b2ba-ac1f6b6435d0,25,23 25
c89be9cc-bbbc-11e8-b2ba-ac1f6b6435d0,25,25
c89bff30-bbb1-11e8-b2ba-ac1f6b6435d0,0,0
c8a010fc-bbb6-11e8-b2ba-ac1f6b6435d0,0,0
c8a15e58-bba2-11e8-b2b9-ac1f6b6435d0,4,4
c8a22a14-bbba-11e8-b2ba-ac1f6b6435d0,2,0 2
c8a44a76-bbb3-11e8-b2ba-ac1f6b6435d0,23,23
c8a4771a-bbc9-11e8-b2bc-ac1f6b6435d0,25 21,21 25
c8a731f8-bbc4-11e8-b2bc-ac1f6b6435d0,18 0,0
c8ac47b6-bba5-11e8-b2ba-ac1f6b6435d0,11,11
c8ad72fe-bbae-11e8-b2ba-ac1f6b6435d0,19,19
c8adaa1c-bb9f-11e8-b2b9-ac1f6b6435d0,16 25 0,0 16
c8afd33c-bbbd-11e8-b2ba-ac1f6b6435d0,1 2,1 2
c8b0adfe-bbb6-11e8-b2ba-ac1f6b6435d0,23,23
c8b199b2-bba2-11e8-b2b9-ac1f6b6435d0,7 0,0 5 7
c8b83eac-bbbb-11e8-b2ba-ac1f6b6435d0,0,0
c8ba6ab6-bbba-11e8-b2ba-ac1f6b6435d0,25 0,0 21
c8bb7954-bbb2-11e8-b2ba-ac1f6b6435d0,11 2 0,0 2 11 25
c8bbab78-bbbb-11e8-b2ba-ac1f6b6435d0,0,0 2 24
c8bdd8d6-bbc9-11e8-b2bc-ac1f6b6435d0,23 0,0 23
c8bf34e8-bb9b-11e8-b2b9-ac1f6b6435d0,0,0
c8bfd80a-bba8-11e8-b2ba-ac1f6b6435d0,21,12
c8c14ca8-bbbc-11e8-b2ba-ac1f6b6435d0,1,1
c8c26070-bba3-11e8-b2b9-ac1f6b6435d0,22 5,0 22
c8c4e586-bbbf-11e8-b2bb-ac1f6b6435d0,1 4,1 4
c8ca9b12-bbb4-11e8-b2ba-ac1f6b6435d0,25 0,0 25
c8cb0022-bbb7-11e8-b2ba-ac1f6b6435d0,24,24
c8cd459a-bbbb-11e8-b2ba-ac1f6b6435d0,21,13 22
c8cec520-bbbe-11e8-b2ba-ac1f6b6435d0,25,21
c8d04a18-bbc2-11e8-b2bc-ac1f6b6435d0,0,0
c8d3806c-bbbc-11e8-b2ba-ac1f6b6435d0,23,23
c8d550ea-bbc1-11e8-b2bb-ac1f6b6435d0,12 25,12 25
c8d5949c-bbc1-11e8-b2bb-ac1f6b6435d0,20 0,0 20 23
c8d61864-bba2-11e8-b2b9-ac1f6b6435d0,13 21,21 25
c8d702d0-bbbe-11e8-b2ba-ac1f6b6435d0,25 0,0 7
c8d9e128-bb9e-11e8-b2b9-ac1f6b6435d0,25,0
c8dfbcce-bbad-11e8-b2ba-ac1f6b6435d0,19 13 0,0 13
c8e18c14-bba5-11e8-b2ba-ac1f6b6435d0,0 21,0
c8e458a2-bbbb-11e8-b2ba-ac1f6b6435d0,18,19
c8e4d552-bb9d-11e8-b2b9-ac1f6b6435d0,0,0 2
c8e92f18-bbba-11e8-b2ba-ac1f6b6435d0,23,23
c8ead7a6-bbb4-11e8-b2ba-ac1f6b6435d0,25 5 0,5
c8eaf9d2-bbca-11e8-b2bc-ac1f6b6435d0,1,1
c8eb620a-bbb1-11e8-b2ba-ac1f6b6435d0,23,0 23
c8ed33b4-bbc5-11e8-b2bc-ac1f6b6435d0,24 4,0 24
c8f07e40-bbaa-11e8-b2ba-ac1f6b6435d0,14 17,14 17
c8f1629a-bba7-11e8-b2ba-ac1f6b6435d0,0,0
c8f1a468-bba1-11e8-b2b9-ac1f6b6435d0,2 0,0 2
c8f29088-bbbc-11e8-b2ba-ac1f6b6435d0,7 2,2
c8f4152a-bbad-11e8-b2ba-ac1f6b6435d0,11,11
c8f4a3cc-bba4-11e8-b2ba-ac1f6b6435d0,0,0
c8f4ecf2-bb99-11e8-b2b9-ac1f6b6435d0,19,19
c8f6041a-bba9-11e8-b2ba-ac1f6b6435d0,25 3,3 25
c8f6357e-bbb4-11e8-b2ba-ac1f6b6435d0,11,11 25
c8f94810-bbc1-11e8-b2bb-ac1f6b6435d0,25 3,25
c8f9ae6a-bb9c-11e8-b2b9-ac1f6b6435d0,1 4,1 4
c8ff902c-bba2-11e8-b2b9-ac1f6b6435d0,21,21
c8ffca0c-bbab-11e8-b2ba-ac1f6b6435d0,5,5
c9042290-bbac-11e8-b2ba-ac1f6b6435d0,19,21
c90611fe-bba2-11e8-b2b9-ac1f6b6435d0,24,24
c90b4032-bbb3-11e8-b2ba-ac1f6b6435d0,2 0,0 2
c90dc1c8-bbc6-11e8-b2bc-ac1f6b6435d0,23,23
c90fc1c4-bbb9-11e8-b2ba-ac1f6b6435d0,2,2
c910af2c-bbc2-11e8-b2bc-ac1f6b6435d0,4,4
c910fb6a-bbab-11e8-b2ba-ac1f6b6435d0,2 0 21,0 2 21
c914534e-bbb7-11e8-b2ba-ac1f6b6435d0,25 18 0,0 18 25
c9177ccc-bb9e-11e8-b2b9-ac1f6b6435d0,25 0,0 25
c91be446-bbae-11e8-b2ba-ac1f6b6435d0,7 0,0 2 7
c920f764-bba0-11e8-b2b9-ac1f6b6435d0,0,0
c92170d2-bbbd-11e8-b2ba-ac1f6b6435d0,4,2 4
c924edba-bbc8-11e8-b2bc-ac1f6b6435d0,3 0,0 3
c92526a4-bbb9-11e8-b2ba-ac1f6b6435d0,5 0,5
c9253d92-bbaa-11e8-b2ba-ac1f6b6435d0,2 21,2 21
c925edae-bbc4-11e8-b2bc-ac1f6b6435d0,2,0 3
c929e31a-bbb4-11e8-b2ba-ac1f6b6435d0,25 2 0,0 2 25
c9326d32-bba0-11e8-b2b9-ac1f6b6435d0,0,0
c9329c8e-bbb5-11e8-b2ba-ac1f6b6435d0,23,7
c932efc8-bbc8-11e8-b2bc-ac1f6b6435d0,25 0,0 25
c9344cc6-bbc6-11e8-b2bc-ac1f6b6435d0,13 14,14
c9363d7e-bbc1-11e8-b2bb-ac1f6b6435d0,25 3 0,0 3 25
c9365c38-bbca-11e8-b2bc-ac1f6b6435d0,0,0 5 25
c939a6d6-bb9d-11e8-b2b9-ac1f6b6435d0,5,5
c93bcf2c-bbc2-11e8-b2bc-ac1f6b6435d0,5 21,21
c93d4984-bb9e-11e8-b2b9-ac1f6b6435d0,5 0,5
c949eaae-bbc6-11e8-b2bc-ac1f6b6435d0,23,23
c9508b10-bbc2-11e8-b2bc-ac1f6b6435d0,23 2,2 23
c9515cd4-bbae-11e8-b2ba-ac1f6b6435d0,2,2
c9527cac-bbb0-11e8-b2ba-ac1f6b6435d0,1 21,0 1 21 25
c9549a36-bbbb-11e8-b2ba-ac1f6b6435d0,7 2 0,2 7
c9553e28-bbac-11e8-b2ba-ac1f6b6435d0,4,4 7
c955be54-bbaf-11e8-b2ba-ac1f6b6435d0,5,5
c9583f16-bbb5-11e8-b2ba-ac1f6b6435d0,23,23
c958584e-bbbe-11e8-b2ba-ac1f6b6435d0,25,25
c959adf2-bbb9-11e8-b2ba-ac1f6b6435d0,4,4
c95acb20-bb9f-11e8-b2b9-ac1f6b6435d0,2 0,0 2 25
c95b5c12-bbb7-11e8-b2ba-ac1f6b6435d0,25 14,14 25
c95efda2-bbc3-11e8-b2bc-ac1f6b6435d0,2 0,0 2
c9618938-bba9-11e8-b2ba-ac1f6b6435d0,5 0,0 5
c9619a2c-bb9a-11e8-b2b9-ac1f6b6435d0,25 0,0
c961f8a0-bbbd-11e8-b2ba-ac1f6b6435d0,16 25 0,0 16 25
c9634b76-bbca-11e8-b2bc-ac1f6b6435d0,23,23
c9639014-bbb0-11e8-b2ba-ac1f6b6435d0,23 2 21,2 21 23
c964e836-bbc1-11e8-b2bb-ac1f6b6435d0,0,0
c9651192-bbb9-11e8-b2ba-ac1f6b6435d0,19,19
c9658f76-bbca-11e8-b2bc-ac1f6b6435d0,25 13 0,0 13
c96776e8-bbab-11e8-b2ba-ac1f6b6435d0,25,25
c969cd1a-bbb2-11e8-b2ba-ac1f6b6435d0,4,4 25
c970717a-bbac-11e8-b2ba-ac1f6b6435d0,23,25
c976fa96-bbb0-11e8-b2ba-ac1f6b6435d0,25 2,6 25
c97945d2-bba9-11e8-b2ba-ac1f6b6435d0,18 0,0 7
c97bd558-bbbe-11e8-b2ba-ac1f6b6435d0,23,0
c97e2ee8-bba0-11e8-b2b9-ac1f6b6435d0,19 23,19 23
c97f255a-bbc8-11e8-b2bc-ac1f6b6435d0,11,11
c97f4cbe-bba6-11e8-b2ba-ac1f6b6435d0,7 0,0
c97fa566-bbc3-11e8-b2bc-ac1f6b6435d0,0,0
c9805004-bb9d-11e8-b2b9-ac1f6b6435d0,25 21,4 21 25
c9806c74-bbca-11e8-b2bc-ac1f6b6435d0,5 0 27,0 5 27
c98273f4-bbaf-11e8-b2ba-ac1f6b6435d0,23,23
c9859286-bbb0-11e8-b2ba-ac1f6b6435d0,23,26
c985bd3e-bbaf-11e8-b2ba-ac1f6b6435d0,25 23,23 25
c985f270-bbbb-11e8-b2ba-ac1f6b6435d0,23,23
c9883860-bba6-11e8-b2ba-ac1f6b6435d0,22 1,0 1
c98a51f4-bbb0-11e8-b2ba-ac1f6b6435d0,25 5,25
c98fd28c-bbb0-11e8-b2ba-ac1f6b6435d0,18,18
c9918cf8-bba1-11e8-b2b9-ac1f6b6435d0,1 4 2 0,0
c995bbee-bba5-11e8-b2ba-ac1f6b6435d0,11 0,0 1
c995c3a4-bbba-11e8-b2ba-ac1f6b6435d0,6,6
c99a1058-bba6-11e8-b2ba-ac1f6b6435d0,0 21,0 21
c99c72d0-bbbf-11e8-b2bb-ac1f6b6435d0,11 23 21,21 25
c99ed398-bbad-11e8-b2ba-ac1f6b6435d0,23,23
c99f4e62-bb9f-11e8-b2b9-ac1f6b6435d0,19,19
c9a583ee-bbc8-11e8-b2bc-ac1f6b6435d0,6,6
c9b0f8c2-bbb0-11e8-b2ba-ac1f6b6435d0,4,26
c9b6d348-bbb3-11e8-b2ba-ac1f6b6435d0,23,23
c9b7b258-bb9b-11e8-b2b9-ac1f6b6435d0,19,18 19 25
c9b931b8-bbba-11e8-b2ba-ac1f6b6435d0,7,7
c9bbf8d0-bba6-11e8-b2ba-ac1f6b6435d0,13,13
c9bf21d8-bba4-11e8-b2ba-ac1f6b6435d0,25 5 0,2
c9bf27de-bba2-11e8-b2b9-ac1f6b6435d0,22 23 0,0 25
c9c0c2e2-bba7-11e8-b2ba-ac1f6b6435d0,25,25
c9c5e154-bb9e-11e8-b2b9-ac1f6b6435d0,2,0 2
c9c79dc6-bbbe-11e8-b2ba-ac1f6b6435d0,25 7 0,0 7 25
c9cecc50-bbc2-11e8-b2bc-ac1f6b6435d0,7 2,2
c9d11ce8-bbaa-11e8-b2ba-ac1f6b6435d0,4,0
c9d121e6-bbc5-11e8-b2bc-ac1f6b6435d0,0,0
c9d1711a-bb9c-11e8-b2b9-ac1f6b6435d0,0,0
c9d1b720-bba0-11e8-b2b9-ac1f6b6435d0,3 0,0 3
c9d3476c-bba9-11e8-b2ba-ac1f6b6435d0,25 0,0 25
c9d6d75c-bbb7-11e8-b2ba-ac1f6b6435d0,25 0,0 25
c9dadc2e-bb9b-11e8-b2b9-ac1f6b6435d0,25 23 0,0 23
c9db3f04-bba8-11e8-b2ba-ac1f6b6435d0,5,5
c9dc6040-bbae-11e8-b2ba-ac1f6b6435d0,3 0,2
c9dd317a-bbac-11e8-b2ba-ac1f6b6435d0,0,0 2
c9dffcd0-bbba-11e8-b2ba-ac1f6b6435d0,18,19 25
c9e24ac0-bbc5-11e8-b2bc-ac1f6b6435d0,19 14,14
c9e8bba8-bba2-11e8-b2b9-ac1f6b6435d0,25 5 0,25
c9eafbda-bba1-11e8-b2b9-ac1f6b6435d0,25 14,14
c9ebaeb4-bba0-11e8-b2b9-ac1f6b6435d0,21,21
c9f1124e-bbb6-11e8-b2ba-ac1f6b6435d0,4,4
c9f1c9f4-bba3-11e8-b2b9-ac1f6b6435d0,19 25 0,0 25
c9f44292-bbb7-11e8-b2ba-ac1f6b6435d0,25 5,5 25
c9f463b0-bbb4-11e8-b2ba-ac1f6b6435d0,0 21,0
c9f9235c-bbb7-11e8-b2ba-ac1f6b6435d0,4 3,0 3
c9faaf3a-bbb5-11e8-b2ba-ac1f6b6435d0,21,21
c9fba18c-bba7-11e8-b2ba-ac1f6b6435d0,25 1,1 25
ca003352-bba0-11e8-b2b9-ac1f6b6435d0,3,5
ca0197a6-bbaf-11e8-b2ba-ac1f6b6435d0,25,25
ca0216cc-bbb4-11e8-b2ba-ac1f6b6435d0,5 1,0 1 25
ca02e3ce-bbb2-11e8-b2ba-ac1f6b6435d0,1 0,0 1
ca035f36-bbc9-11e8-b2bc-ac1f6b6435d0,0,0 5
ca04ae4a-bbc9-11e8-b2bc-ac1f6b6435d0,7 2,5
ca04e434-bbbd-11e8-b2ba-ac1f6b6435d0,0 21,0 25
ca07d1ae-bba3-11e8-b2b9-ac1f6b6435d0,7 0,0
ca0a2afc-bbb8-11e8-b2ba-ac1f6b6435d0,23 2,2 23
ca0af71e-bbb0-11e8-b2ba-ac1f6b6435d0,25 7 0,0 7 14
ca0be748-bba9-11e8-b2ba-ac1f6b6435d0,7,7 25
ca0d59c4-bbc3-11e8-b2bc-ac1f6b6435d0,25 14,14 25
ca0d6192-bbc0-11e8-b2bb-ac1f6b6435d0,0 21,21
ca0da2c6-bbc8-11e8-b2bc-ac1f6b6435d0,25 14,14
ca0f4dac-bba9-11e8-b2ba-ac1f6b6435d0,5 0 21,4
ca0f699c-bbc0-11e8-b2bb-ac1f6b6435d0,22,22
ca11dae0-bb9a-11e8-b2b9-ac1f6b6435d0,9,0 7
ca13e33e-bbaa-11e8-b2ba-ac1f6b6435d0,4,4
ca15284c-bbb5-11e8-b2ba-ac1f6b6435d0,22 7 0,0 7 25
ca17d240-bba6-11e8-b2ba-ac1f6b6435d0,7,7
ca19b6e4-bb9e-11e8-b2b9-ac1f6b6435d0,23,0 7
ca2047c8-bbc8-11e8-b2bc-ac1f6b6435d0,2 0,0 2
ca20dd78-bbc3-11e8-b2bc-ac1f6b6435d0,5,0
ca2311d8-bbb4-11e8-b2ba-ac1f6b6435d0,2,2
ca246e30-bb9a-11e8-b2b9-ac1f6b6435d0,16 25 0,25
ca24ea70-bbbf-11e8-b2bb-ac1f6b6435d0,3 0,0 3
ca278a8c-bbb0-11e8-b2ba-ac1f6b6435d0,25 0,0 25
ca298af0-bbb8-11e8-b2ba-ac1f6b6435d0,4,4
ca2a5748-bba2-11e8-b2b9-ac1f6b6435d0,25 0 21,21
ca2ac9ac-bbb7-11e8-b2ba-ac1f6b6435d0,6 0,0 25
ca2e8f14-bbae-11e8-b2ba-ac1f6b6435d0,3,3
ca30264c-bba1-11e8-b2b9-ac1f6b6435d0,0,0
ca30c0ec-bbc0-11e8-b2bb-ac1f6b6435d0,7 2 0,0 2 7 25
ca30e6f0-bba0-11e8-b2b9-ac1f6b6435d0,3,3
ca36a470-bbbc-11e8-b2ba-ac1f6b6435d0,23,23
ca37af48-bbab-11e8-b2ba-ac1f6b6435d0,3,3
ca38f27e-bba9-11e8-b2ba-ac1f6b6435d0,12,21
ca3a48da-bbb4-11e8-b2ba-ac1f6b6435d0,0,0
ca40291c-bba5-11e8-b2ba-ac1f6b6435d0,0,0 5
ca40dc18-bbc8-11e8-b2bc-ac1f6b6435d0,23,23
ca437242-bbbf-11e8-b2bb-ac1f6b6435d0,25 7 3,7 25
ca445d62-bbc7-11e8-b2bc-ac1f6b6435d0,25,25
ca446a10-bb9e-11e8-b2b9-ac1f6b6435d0,17 0,0 17
ca462f92-bbb9-11e8-b2ba-ac1f6b6435d0,18 21,18 25
ca47c6e8-bbb1-11e8-b2ba-ac1f6b6435d0,2 0,0 2 4
ca4a3d16-bbba-11e8-b2ba-ac1f6b6435d0,25 11 21,11
ca4a9170-bbca-11e8-b2bc-ac1f6b6435d0,1 4 2 0,0 1 2
ca4b15bc-bb9f-11e8-b2b9-ac1f6b6435d0,0,0
ca4b50fa-bbc1-11e8-b2bb-ac1f6b6435d0,15 5 0,4
ca4ba4e6-bbae-11e8-b2ba-ac1f6b6435d0,23,23
ca4d5a2a-bb9a-11e8-b2b9-ac1f6b6435d0,7,7
ca4da492-bba6-11e8-b2ba-ac1f6b6435d0,6,25
ca4de8a0-bbc7-11e8-b2bc-ac1f6b6435d0,25 5 0,0 5 25
ca50d92c-bbac-11e8-b2ba-ac1f6b6435d0,18 0,0
ca513492-bb9f-11e8-b2b9-ac1f6b6435d0,25 20,25
ca521c7c-bb9f-11e8-b2b9-ac1f6b6435d0,23,23
ca549b68-bbc3-11e8-b2bc-ac1f6b6435d0,7 14,0 14
ca575f46-bbba-11e8-b2ba-ac1f6b6435d0,26,26
ca589614-bbbe-11e8-b2ba-ac1f6b6435d0,3,3 23
ca5aa55c-bbc4-11e8-b2bc-ac1f6b6435d0,16 25 0,0 16 25
ca5b33d6-bba2-11e8-b2b9-ac1f6b6435d0,25,25
ca60edda-bbc0-11e8-b2bb-ac1f6b6435d0,22 23 2,2 23
ca650604-bbca-11e8-b2bc-ac1f6b6435d0,23,23
ca65122c-bbc3-11e8-b2bc-ac1f6b6435d0,0 21,0 21
ca6539ae-bbbf-11e8-b2bb-ac1f6b6435d0,2 0,2
ca6ed68a-bbba-11e8-b2ba-ac1f6b6435d0,25 0,0 2
ca6ee506-bb9e-11e8-b2b9-ac1f6b6435d0,24 0,0 24 25
ca6f7994-bbb2-11e8-b2ba-ac1f6b6435d0,0,0
ca70f986-bba8-11e8-b2ba-ac1f6b6435d0,0,0
ca713990-bbbd-11e8-b2ba-ac1f6b6435d0,1 0,0 1
ca716aac-bba2-11e8-b2b9-ac1f6b6435d0,23 2 0,0 23
ca722594-bba9-11e8-b2ba-ac1f6b6435d0,25 18 17,17 18
ca7418a2-bbba-11e8-b2ba-ac1f6b6435d0,12 0,0 12 21
ca774176-bbab-11e8-b2ba-ac1f6b6435d0,25 0,0 3 25
ca77aea2-bbb2-11e8-b2ba-ac1f6b6435d0,25 2 0,2 23 25
ca787662-bb9d-11e8-b2b9-ac1f6b6435d0,23,23
ca79d212-bbb8-11e8-b2ba-ac1f6b6435d0,25 0,0 21 25
ca7ba766-bbc9-11e8-b2bc-ac1f6b6435d0,12 25 0,0
ca7c4670-bbca-11e8-b2bc-ac1f6b6435d0,6,6
ca8062c2-bba3-11e8-b2b9-ac1f6b6435d0,2 0,0 2
ca8099b0-bbb0-11e8-b2ba-ac1f6b6435d0,25 1,0 1 25
ca811208-bbb2-11e8-b2ba-ac1f6b6435d0,23 3,0 3 23
ca84e856-bbad-11e8-b2ba-ac1f6b6435d0,25 7 0 21,0 25
ca850214-bba3-11e8-b2b9-ac1f6b6435d0,2 0,0 2
ca8548dc-bb9e-11e8-b2b9-ac1f6b6435d0,6,6
ca883cf4-bb99-11e8-b2b9-ac1f6b6435d0,19,19
ca8b1f76-bba5-11e8-b2ba-ac1f6b6435d0,25,25
ca8bb810-bbbd-11e8-b2ba-ac1f6b6435d0,25 0,0 25
ca8db6e2-bbae-11e8-b2ba-ac1f6b6435d0,19,18
ca90f512-bba6-11e8-b2ba-ac1f6b6435d0,11,11
ca945f8c-bb9b-11e8-b2b9-ac1f6b6435d0,0,0 25
ca98d614-bbc0-11e8-b2bb-ac1f6b6435d0,0,0
ca9b4a36-bbb9-11e8-b2ba-ac1f6b6435d0,25 0,0 25
ca9c6e7e-bbbf-11e8-b2bb-ac1f6b6435d0,23,23
ca9d0d6c-bbbe-11e8-b2ba-ac1f6b6435d0,25 0,0 25
ca9d32b0-bbb9-11e8-b2ba-ac1f6b6435d0,0,0
ca9e39e0-bb9a-11e8-b2b9-ac1f6b6435d0,7,25
ca9f71ba-bb9b-11e8-b2b9-ac1f6b6435d0,0 21,0 2 21
caa14268-bbac-11e8-b2ba-ac1f6b6435d0,25 11,11
caa47588-bbba-11e8-b2ba-ac1f6b6435d0,25 13 0,13
caa4afc8-bbb3-11e8-b2ba-ac1f6b6435d0,0,0 25
caa5d692-bbb2-11e8-b2ba-ac1f6b6435d0,25 0,0 25
caa5ebb6-bbc4-11e8-b2bc-ac1f6b6435d0,21,21
caa6707a-bbc1-11e8-b2bb-ac1f6b6435d0,2 0,0 25
caa69d5c-bba3-11e8-b2b9-ac1f6b6435d0,19 2 0,0 2
caa7431c-bbc4-11e8-b2bc-ac1f6b6435d0,25 21,21
caa7c262-bbbd-11e8-b2ba-ac1f6b6435d0,4,3 4
caaaa1e6-bbb1-11e8-b2ba-ac1f6b6435d0,19 0,0 19
caac9e6a-bbb6-11e8-b2ba-ac1f6b6435d0,25 0 21,0 21 25
cab05abc-bba4-11e8-b2ba-ac1f6b6435d0,25,25
cab08d6c-bb99-11e8-b2b9-ac1f6b6435d0,0,0
cab2366e-bb9c-11e8-b2b9-ac1f6b6435d0,14,14
cab3c368-bbaf-11e8-b2ba-ac1f6b6435d0,25 2 0,2 5
cab5d0c6-bbab-11e8-b2ba-ac1f6b6435d0,2 0,0 2
cab8379a-bbb4-11e8-b2ba-ac1f6b6435d0,25 2 0,0 2 7
cab8e708-bbaa-11e8-b2ba-ac1f6b6435d0,23 0,23
cab8f90a-bba0-11e8-b2b9-ac1f6b6435d0,23 0,0 23
cab9a088-bbbb-11e8-b2ba-ac1f6b6435d0,7 0,0 7
cab9d878-bbc0-11e8-b2bb-ac1f6b6435d0,11 0,0 11
cac10ec4-bbaa-11e8-b2ba-ac1f6b6435d0,25 3,3 25
cac201d8-bbc0-11e8-b2bb-ac1f6b6435d0,6,6
cac3e054-bbb9-11e8-b2ba-ac1f6b6435d0,4 3,1 3
cac7471e-bbb2-11e8-b2ba-ac1f6b6435d0,7,7
cacf2eda-bbbb-11e8-b2ba-ac1f6b6435d0,18,12
cad096ac-bba3-11e8-b2b9-ac1f6b6435d0,1,1 5 25
cad6dbb0-bb9f-11e8-b2b9-ac1f6b6435d0,5,5
cad7c7f8-bbb0-11e8-b2ba-ac1f6b6435d0,23,0 14
cad9ae58-bbae-11e8-b2ba-ac1f6b6435d0,2 0,0 2
cadd9388-bbc7-11e8-b2bc-ac1f6b6435d0,0,0 25
cade386a-bbb3-11e8-b2ba-ac1f6b6435d0,1 2,1 2
cade55ae-bbb1-11e8-b2ba-ac1f6b6435d0,4,4 25
cade5eda-bb9f-11e8-b2b9-ac1f6b6435d0,25 5,0 25
cae40014-bbbe-11e8-b2ba-ac1f6b6435d0,0,0
cae6a738-bbb4-11e8-b2ba-ac1f6b6435d0,25 5,5 25
cae736ea-bbc7-11e8-b2bc-ac1f6b6435d0,4 21,4 25
cae81418-bbbb-11e8-b2ba-ac1f6b6435d0,25 7 0,0 7 25
cae96416-bba8-11e8-b2ba-ac1f6b6435d0,23,23
caea7a70-bbb9-11e8-b2ba-ac1f6b6435d0,25 4,6
caee1296-bba7-11e8-b2ba-ac1f6b6435d0,5 0,5
caf50f76-bbbe-11e8-b2ba-ac1f6b6435d0,25 23 21,0 21 23
caf629e0-bbbb-11e8-b2ba-ac1f6b6435d0,4,4
caf7c95c-bb99-11e8-b2b9-ac1f6b6435d0,7 0,0 7
cafa251e-bbc4-11e8-b2bc-ac1f6b6435d0,0 21,0 25
cafba976-bbaa-11e8-b2ba-ac1f6b6435d0,6,25
cafc0ade-bbae-11e8-b2ba-ac1f6b6435d0,23,6 23
cb0055fc-bbc3-11e8-b2bc-ac1f6b6435d0,0,0
cb01ab98-bbc1-11e8-b2bb-ac1f6b6435d0,25,25
cb043b12-bbb5-11e8-b2ba-ac1f6b6435d0,7,7
cb0daad6-bbaa-11e8-b2ba-ac1f6b6435d0,23 0,0 23
cb0fe518-bbb8-11e8-b2ba-ac1f6b6435d0,19,19
cb10e3c2-bbb9-11e8-b2ba-ac1f6b6435d0,21,21
cb120eee-bba2-11e8-b2b9-ac1f6b6435d0,16 25 0,0 16 17 25
cb167094-bbb4-11e8-b2ba-ac1f6b6435d0,7,7
cb190bcc-bba7-11e8-b2ba-ac1f6b6435d0,25 2 0,2 25
cb1d9056-bba8-11e8-b2ba-ac1f6b6435d0,1,1
cb1e6bd0-bbc5-11e8-b2bc-ac1f6b6435d0,11,11
cb1f021e-bbc2-11e8-b2bc-ac1f6b6435d0,19 0,0 19
cb21dbc8-bba5-11e8-b2ba-ac1f6b6435d0,0 21,0
cb254dd0-bbc8-11e8-b2bc-ac1f6b6435d0,22 0,0 22
cb281e50-bba7-11e8-b2ba-ac1f6b6435d0,25 3,3 25
cb294776-bb9d-11e8-b2b9-ac1f6b6435d0,0,0
cb2a593c-bb9c-11e8-b2b9-ac1f6b6435d0,19 0,0 19
cb2fca94-bbaf-11e8-b2ba-ac1f6b6435d0,14,14
cb322bce-bbad-11e8-b2ba-ac1f6b6435d0,2 0,0 2
cb3a0bc8-bb99-11e8-b2b9-ac1f6b6435d0,22,13 22
cb3a1a6e-bbc6-11e8-b2bc-ac1f6b6435d0,23,23
cb3b4202-bbb4-11e8-b2ba-ac1f6b6435d0,25,25
cb3d3420-bbac-11e8-b2ba-ac1f6b6435d0,25 5 0,5
cb3f167c-bbc1-11e8-b2bb-ac1f6b6435d0,5,7
cb4053f2-bb99-11e8-b2b9-ac1f6b6435d0,23,23
cb410892-bbc1-11e8-b2bb-ac1f6b6435d0,7,7
cb48cb8a-bbbd-11e8-b2ba-ac1f6b6435d0,19,19
cb491534-bbb5-11e8-b2ba-ac1f6b6435d0,23 0,0 23
cb4926cc-bbc0-11e8-b2bb-ac1f6b6435d0,23,23
cb4b1de4-bbbe-11e8-b2ba-ac1f6b6435d0,7 0,0 7
cb4c0ac8-bbc9-11e8-b2bc-ac1f6b6435d0,26 25 0,0
cb4e9964-bbc4-11e8-b2bc-ac1f6b6435d0,25 21,6
cb4fe962-bbb6-11e8-b2ba-ac1f6b6435d0,2,5
cb53b07c-bbc7-11e8-b2bc-ac1f6b6435d0,7,7
cb54551e-bbc6-11e8-b2bc-ac1f6b6435d0,25,25
cb59be12-bbaa-11e8-b2ba-ac1f6b6435d0,1 2,1
cb5b5b5c-bbb7-11e8-b2ba-ac1f6b6435d0,25 0,0
cb5d8960-bbb5-11e8-b2ba-ac1f6b6435d0,0,0 5
cb5f15c6-bbb7-11e8-b2ba-ac1f6b6435d0,11,23
cb617cba-bb9b-11e8-b2b9-ac1f6b6435d0,19,19
cb63c088-bbb4-11e8-b2ba-ac1f6b6435d0,7,7
cb679146-bb9f-11e8-b2b9-ac1f6b6435d0,1,1 2
cb6ed6a6-bbbb-11e8-b2ba-ac1f6b6435d0,25 7,7 25
cb702f08-bb9b-11e8-b2b9-ac1f6b6435d0,2 0,0 2
cb70d460-bbc0-11e8-b2bb-ac1f6b6435d0,25 0,0 25
cb748596-bbbc-11e8-b2ba-ac1f6b6435d0,25,21
cb7bd508-bb9e-11e8-b2b9-ac1f6b6435d0,23,23
cb7bdf5a-bba1-11e8-b2b9-ac1f6b6435d0,7,7
cb7fc3b8-bbb5-11e8-b2ba-ac1f6b6435d0,25 0,0 25
cb811e74-bbbb-11e8-b2ba-ac1f6b6435d0,22 0,0 22
cb823c86-bbb7-11e8-b2ba-ac1f6b6435d0,13 21,12 21
cb825b48-bbc2-11e8-b2bc-ac1f6b6435d0,4,5
cb856158-bbae-11e8-b2ba-ac1f6b6435d0,14,14
cb8ae584-bb9e-11e8-b2b9-ac1f6b6435d0,25 0,0 25
cb8afd26-bbc6-11e8-b2bc-ac1f6b6435d0,0,0
cb8f3052-bb9a-11e8-b2b9-ac1f6b6435d0,23,23
cb8f5178-bbad-11e8-b2ba-ac1f6b6435d0,21,21
cb922168-bbc2-11e8-b2bc-ac1f6b6435d0,23 0,0 23
cb92efd0-bba4-11e8-b2ba-ac1f6b6435d0,5,5
cb943190-bbb5-11e8-b2ba-ac1f6b6435d0,18,14 25
cb94513c-bb99-11e8-b2b9-ac1f6b6435d0,25 0,4
cb945c42-bba1-11e8-b2b9-ac1f6b6435d0,17 0,0 14 16 17
cb94da68-bbca-11e8-b2bc-ac1f6b6435d0,13 0,13 21
cb94f4aa-bba5-11e8-b2ba-ac1f6b6435d0,25,25
cb96e59e-bbb4-11e8-b2ba-ac1f6b6435d0,25 11 0,0 25
cb96ea12-bbc8-11e8-b2bc-ac1f6b6435d0,5 0,21
cb971070-bbc6-11e8-b2bc-ac1f6b6435d0,25 0,0 25
cb995282-bba7-11e8-b2ba-ac1f6b6435d0,25,0 25
cb9b4c14-bb9c-11e8-b2b9-ac1f6b6435d0,11 21,11
cb9c1784-bbab-11e8-b2ba-ac1f6b6435d0,22 25,25
cb9df3dc-bbbb-11e8-b2ba-ac1f6b6435d0,0,0 25
cba1caaa-bbbd-11e8-b2ba-ac1f6b6435d0,18,18 19
cba22d08-bbac-11e8-b2ba-ac1f6b6435d0,25 14 0,0 14 16
cba4d4d8-bbc8-11e8-b2bc-ac1f6b6435d0,7,7
cba6db08-bbc2-11e8-b2bc-ac1f6b6435d0,7 2,7
cba8ea22-bbc4-11e8-b2bc-ac1f6b6435d0,0 21,21
cba8f598-bbb6-11e8-b2ba-ac1f6b6435d0,2,2
cba90bf2-bba5-11e8-b2ba-ac1f6b6435d0,25 23,23 25
cba9936a-bbc8-11e8-b2bc-ac1f6b6435d0,0,0
cbab2994-bbb6-11e8-b2ba-ac1f6b6435d0,0,0
cbb0680a-bbb6-11e8-b2ba-ac1f6b6435d0,25 0,0 21
cbb5797a-bbc1-11e8-b2bb-ac1f6b6435d0,22 16 25 18,16 25
cbb5c830-bbbc-11e8-b2ba-ac1f6b6435d0,5 0,0
cbb66724-bbc9-11e8-b2bc-ac1f6b6435d0,0,0 5
cbbaf97c-bba8-11e8-b2ba-ac1f6b6435d0,5,5
cbbd6882-bb9f-11e8-b2b9-ac1f6b6435d0,7 0,0
cbc1d676-bbb1-11e8-b2ba-ac1f6b6435d0,7 0,0 7
cbc476b6-bb9c-11e8-b2b9-ac1f6b6435d0,25 11 21,11 25
cbca7b8c-bbc5-11e8-b2bc-ac1f6b6435d0,23 0,23
cbcb9032-bba5-11e8-b2ba-ac1f6b6435d0,5,5
cbcb92a2-bb9c-11e8-b2b9-ac1f6b6435d0,21,21
cbd3524e-bba6-11e8-b2ba-ac1f6b6435d0,25 14,25
cbdc2b3e-bbca-11e8-b2bc-ac1f6b6435d0,18,16 18
cbddff84-bb9a-11e8-b2b9-ac1f6b6435d0,5 0,0 5
cbe00f20-bbc9-11e8-b2bc-ac1f6b6435d0,25 5 0,0 7
cbe01550-bba2-11e8-b2b9-ac1f6b6435d0,20,20
cbe13dcc-bbb1-11e8-b2ba-ac1f6b6435d0,2 0,2
cbe195f4-bbbd-11e8-b2ba-ac1f6b6435d0,5,5
cbe8a7b0-bb9d-11e8-b2b9-ac1f6b6435d0,2 0 21,0 21
cbee0056-bb9e-11e8-b2b9-ac1f6b6435d0,4,0
cbf5ee14-bba4-11e8-b2ba-ac1f6b6435d0,6,14 17
cbf635bc-bbbe-11e8-b2ba-ac1f6b6435d0,14,14
cbf8ec92-bb9d-11e8-b2b9-ac1f6b6435d0,22,22
cbfb3b48-bba5-11e8-b2ba-ac1f6b6435d0,21,25
cbfba19a-bbc4-11e8-b2bc-ac1f6b6435d0,3 0,0 3
cbfe2fca-bbb3-11e8-b2ba-ac1f6b6435d0,25 0,0 3
cbfe7cae-bbc8-11e8-b2bc-ac1f6b6435d0,4,4
cbff88e8-bbc7-11e8-b2bc-ac1f6b6435d0,1,1 5 25
cc008212-bbbc-11e8-b2ba-ac1f6b6435d0,25 2,0 2 25
cc02d03c-bbc9-11e8-b2bc-ac1f6b6435d0,25 2,2 6 25
cc045e64-bbad-11e8-b2ba-ac1f6b6435d0,0,0 19
cc077e4a-bb9a-11e8-b2b9-ac1f6b6435d0,20 0,0 20 26
cc09ac70-bbb7-11e8-b2ba-ac1f6b6435d0,21,21
cc0d75aa-bba1-11e8-b2b9-ac1f6b6435d0,12,11
cc0ea70a-bbc8-11e8-b2bc-ac1f6b6435d0,2 0,0 2
cc10c118-bb99-11e8-b2b9-ac1f6b6435d0,12 0,0
cc11edf0-bbbb-11e8-b2ba-ac1f6b6435d0,3 0,0 2
cc12f68a-bb9f-11e8-b2b9-ac1f6b6435d0,23,7
cc14f96c-bbb8-11e8-b2ba-ac1f6b6435d0,2 0,0 2
cc170188-bbc4-11e8-b2bc-ac1f6b6435d0,23 2,2 23
cc1783ba-bbc9-11e8-b2bc-ac1f6b6435d0,25 23,6
cc1849bc-bbc9-11e8-b2bc-ac1f6b6435d0,25 11 0,0 21 25
cc185ea4-bbae-11e8-b2ba-ac1f6b6435d0,19 5,0 2
cc1ae0b4-bbba-11e8-b2ba-ac1f6b6435d0,21,21
cc1b87f8-bbab-11e8-b2ba-ac1f6b6435d0,4,4 22
cc1da3b2-bbb0-11e8-b2ba-ac1f6b6435d0,23,23
cc1f3980-bbc3-11e8-b2bc-ac1f6b6435d0,11,11
cc20489c-bbb5-11e8-b2ba-ac1f6b6435d0,25,25
cc26a61a-bbba-11e8-b2ba-ac1f6b6435d0,25,2 25
cc277e2e-bb9b-11e8-b2b9-ac1f6b6435d0,25 0,0 25
cc27e3c6-bbc0-11e8-b2bb-ac1f6b6435d0,25 18 17,14 16 17 18
cc291b90-bba4-11e8-b2ba-ac1f6b6435d0,2 0,0 25
cc2c905a-bba8-11e8-b2ba-ac1f6b6435d0,25 7 0 21,0 7 22
cc2cba74-bbbe-11e8-b2ba-ac1f6b6435d0,12,12
cc2e9882-bbbc-11e8-b2ba-ac1f6b6435d0,7,7
cc2f0a12-bba1-11e8-b2b9-ac1f6b6435d0,25 0,0 23 25
cc2fbcaa-bbc4-11e8-b2bc-ac1f6b6435d0,18 17 21,21
cc305f18-bbc7-11e8-b2bc-ac1f6b6435d0,20,20 26
cc33b9d2-bba0-11e8-b2b9-ac1f6b6435d0,5 0,0 5
cc37ddca-bbad-11e8-b2ba-ac1f6b6435d0,23,23
cc387cc4-bba0-11e8-b2b9-ac1f6b6435d0,2,0 2
cc3c189c-bbc4-11e8-b2bc-ac1f6b6435d0,2 0,0 3
cc3c1fee-bbbb-11e8-b2ba-ac1f6b6435d0,23,0
cc4474da-bba9-11e8-b2ba-ac1f6b6435d0,14,14
cc44d280-bba0-11e8-b2b9-ac1f6b6435d0,5 0,0 2 5
cc46f4c6-bbae-11e8-b2ba-ac1f6b6435d0,25,25
cc48b34c-bba4-11e8-b2ba-ac1f6b6435d0,25,21 25 26
cc48c912-bbb9-11e8-b2ba-ac1f6b6435d0,3 0,0 3
cc49687c-bba5-11e8-b2ba-ac1f6b6435d0,3 0,0 3
cc4b4aae-bbad-11e8-b2ba-ac1f6b6435d0,25 5,5 25
cc4b89aa-bbc7-11e8-b2bc-ac1f6b6435d0,23,23
cc4e7030-bba3-11e8-b2b9-ac1f6b6435d0,21,21 22
cc5baf30-bbc0-11e8-b2bb-ac1f6b6435d0,0 21,0 25
cc5bb856-bbb4-11e8-b2ba-ac1f6b6435d0,2 0,0 2 26
cc5e0132-bba1-11e8-b2b9-ac1f6b6435d0,21,21 25
cc61328a-bb9c-11e8-b2b9-ac1f6b6435d0,6 3,2 7
cc63071a-bba9-11e8-b2ba-ac1f6b6435d0,4,2 7
cc645e1e-bbc5-11e8-b2bc-ac1f6b6435d0,7,7
cc66a598-bbbb-11e8-b2ba-ac1f6b6435d0,23,23
cc6bd56e-bba1-11e8-b2b9-ac1f6b6435d0,4 21,4 21
cc6c2d98-bb9c-11e8-b2b9-ac1f6b6435d0,0 21,0 21
cc6d5a32-bbb1-11e8-b2ba-ac1f6b6435d0,0,0
cc6e0660-bba4-11e8-b2ba-ac1f6b6435d0,25 21,25
cc6f82e8-bb99-11e8-b2b9-ac1f6b6435d0,25 23,0 25
cc7010f2-bbba-11e8-b2ba-ac1f6b6435d0,21,24
cc706872-bba6-11e8-b2ba-ac1f6b6435d0,25 0,0 25
cc70b8ac-bb9e-11e8-b2b9-ac1f6b6435d0,0,0
cc72e4ae-bba0-11e8-b2b9-ac1f6b6435d0,2,2
cc736580-bbb1-11e8-b2ba-ac1f6b6435d0,3,3
cc7626be-bb9b-11e8-b2b9-ac1f6b6435d0,4,4
cc7790b2-bba5-11e8-b2ba-ac1f6b6435d0,25 0,25
cc7ceeea-bbb9-11e8-b2ba-ac1f6b6435d0,26,26
cc7e4c84-bbc0-11e8-b2bb-ac1f6b6435d0,5,5
cc7ebe5c-bbb2-11e8-b2ba-ac1f6b6435d0,12 25 0,0 21
cc7f006a-bbc6-11e8-b2bc-ac1f6b6435d0,3,3 25
cc809e3a-bbb6-11e8-b2ba-ac1f6b6435d0,5,0 5 25
cc81c5c8-bba5-11e8-b2ba-ac1f6b6435d0,0,0
cc82a39c-bba2-11e8-b2b9-ac1f6b6435d0,25 6,6 25
cc841a9e-bbbe-11e8-b2ba-ac1f6b6435d0,25,25
cc8669ee-bb9a-11e8-b2b9-ac1f6b6435d0,7,7
cc87ee2c-bbae-11e8-b2ba-ac1f6b6435d0,5,5
cc8b82ea-bba3-11e8-b2b9-ac1f6b6435d0,7 2,2 7
cc8b8c0a-bba7-11e8-b2ba-ac1f6b6435d0,2 0,2
cc8c639c-bba1-11e8-b2b9-ac1f6b6435d0,14,14
cc934144-bbb5-11e8-b2ba-ac1f6b6435d0,14,14
cc936492-bba3-11e8-b2b9-ac1f6b6435d0,0,0
cc938a86-bbc5-11e8-b2bc-ac1f6b6435d0,2,7 18
cc9b8288-bbb9-11e8-b2ba-ac1f6b6435d0,21,21
cc9c981e-bbb7-11e8-b2ba-ac1f6b6435d0,25 0,0 25
cca0283c-bbb5-11e8-b2ba-ac1f6b6435d0,25 5 2,0 2 25
cca08f9e-bbaf-11e8-b2ba-ac1f6b6435d0,6 2,6 23
cca56ea0-bbab-11e8-b2ba-ac1f6b6435d0,19,19
cca584d6-bbc8-11e8-b2bc-ac1f6b6435d0,25 0 21,0 21 25
cca81cc8-bbb4-11e8-b2ba-ac1f6b6435d0,11,0
ccac71c8-bbc9-11e8-b2bc-ac1f6b6435d0,14,14
ccaffe1a-bbb5-11e8-b2ba-ac1f6b6435d0,21,21
ccb00c90-bbc7-11e8-b2bc-ac1f6b6435d0,25 21,21
ccb1009c-bbc1-11e8-b2bb-ac1f6b6435d0,2 0,0 2
ccb90ca4-bbbe-11e8-b2ba-ac1f6b6435d0,12,12
ccb915a2-bba3-11e8-b2b9-ac1f6b6435d0,6,25
ccbdca8e-bb9e-11e8-b2b9-ac1f6b6435d0,25 13 21,13 25
ccbdd7ec-bbb5-11e8-b2ba-ac1f6b6435d0,25,25
ccc0f0a0-bba4-11e8-b2ba-ac1f6b6435d0,0 21,0
ccc22732-bba8-11e8-b2ba-ac1f6b6435d0,13 0 21,0 21
ccc255c6-bbb8-11e8-b2ba-ac1f6b6435d0,7 21,21
ccc427fa-bbb5-11e8-b2ba-ac1f6b6435d0,3,3
ccc7a90c-bb9c-11e8-b2b9-ac1f6b6435d0,2 21,2 21
ccc81508-bbb1-11e8-b2ba-ac1f6b6435d0,16 0,0
ccc92590-bbb3-11e8-b2ba-ac1f6b6435d0,25 0,5 25
cccb677c-bbc9-11e8-b2bc-ac1f6b6435d0,23,6 23
cccde08c-bbc5-11e8-b2bc-ac1f6b6435d0,2,2
ccd1337a-bbc7-11e8-b2bc-ac1f6b6435d0,0,0
ccd14f10-bbbb-11e8-b2ba-ac1f6b6435d0,2 0,0 2
ccd28776-bb99-11e8-b2b9-ac1f6b6435d0,2 0,0 2
ccd6a904-bba9-11e8-b2ba-ac1f6b6435d0,7,7
ccd6ea8c-bbc6-11e8-b2bc-ac1f6b6435d0,5,5
ccd8f2d2-bbc1-11e8-b2bb-ac1f6b6435d0,7 0,0
ccda1326-bbc9-11e8-b2bc-ac1f6b6435d0,6,6
ccddcb20-bba5-11e8-b2ba-ac1f6b6435d0,0,0
cce2d964-bbbc-11e8-b2ba-ac1f6b6435d0,25 0,0
cce5b91c-bbc7-11e8-b2bc-ac1f6b6435d0,25 18,18 19 25
cceb2a8e-bbb1-11e8-b2ba-ac1f6b6435d0,6,23
ccf1a1f0-bbb3-11e8-b2ba-ac1f6b6435d0,7 0,0 7 25
ccf6cf7e-bbac-11e8-b2ba-ac1f6b6435d0,25 4,4 21
ccf846a2-bba6-11e8-b2ba-ac1f6b6435d0,23 5,5 23
ccfd4570-bbca-11e8-b2bc-ac1f6b6435d0,25 2,0 2
ccfe75b4-bbc8-11e8-b2bc-ac1f6b6435d0,18,23
cd035946-bbc6-11e8-b2bc-ac1f6b6435d0,11,11 12
cd055746-bbbc-11e8-b2ba-ac1f6b6435d0,21,21 25
cd0c2218-bbaf-11e8-b2ba-ac1f6b6435d0,19 25,19 25
cd0c9d72-bbca-11e8-b2bc-ac1f6b6435d0,2 0,0 2
cd0dfd92-bbad-11e8-b2ba-ac1f6b6435d0,25 6 2,2 8
cd14aaec-bb9a-11e8-b2b9-ac1f6b6435d0,6,6
cd14d20c-bba3-11e8-b2b9-ac1f6b6435d0,23,23
cd1a899c-bb9c-11e8-b2b9-ac1f6b6435d0,25 0,4
cd1bdf3a-bbb1-11e8-b2ba-ac1f6b6435d0,14,14
cd1d4f36-bbc6-11e8-b2bc-ac1f6b6435d0,0 21,21
cd1d8634-bbc8-11e8-b2bc-ac1f6b6435d0,0,0
cd1f53e2-bbc3-11e8-b2bc-ac1f6b6435d0,22 21,22
cd1ffdc2-bba7-11e8-b2ba-ac1f6b6435d0,2 8,2 25
cd21ebea-bba8-11e8-b2ba-ac1f6b6435d0,25 11 21,11
cd223cf2-bb9f-11e8-b2b9-ac1f6b6435d0,25 18,18 25
cd255280-bbc1-11e8-b2bb-ac1f6b6435d0,25 0,0 25
cd2a4314-bbc9-11e8-b2bc-ac1f6b6435d0,7 0,7
cd2bbd7c-bbb3-11e8-b2ba-ac1f6b6435d0,7,7
cd2e2596-bbc5-11e8-b2bc-ac1f6b6435d0,25 7,7 25
cd3151f2-bbc1-11e8-b2bb-ac1f6b6435d0,11,11
cd31f5e0-bbca-11e8-b2bc-ac1f6b6435d0,2,2
cd3278f2-bbb2-11e8-b2ba-ac1f6b6435d0,19 0,0 19
cd328248-bba3-11e8-b2b9-ac1f6b6435d0,25 2,2 25
cd38d372-bbbd-11e8-b2ba-ac1f6b6435d0,11,11
cd3fff30-bb9a-11e8-b2b9-ac1f6b6435d0,7 18 14 21,7
cd4b869c-bbb4-11e8-b2ba-ac1f6b6435d0,7,7
cd4bce0c-bbbb-11e8-b2ba-ac1f6b6435d0,0 21,0 21 25
cd4d596e-bbb8-11e8-b2ba-ac1f6b6435d0,7,7
cd4e8486-bbbf-11e8-b2bb-ac1f6b6435d0,23,23
cd4f6ee0-bba7-11e8-b2ba-ac1f6b6435d0,5 21,21
cd4fb44e-bbc6-11e8-b2bc-ac1f6b6435d0,25,21 25
cd4fc922-bbc9-11e8-b2bc-ac1f6b6435d0,25 18,0
cd564e5a-bbbf-11e8-b2bb-ac1f6b6435d0,18 0,0 18
cd574ace-bbb2-11e8-b2ba-ac1f6b6435d0,12,12
cd5b18ce-bbc7-11e8-b2bc-ac1f6b6435d0,6,0
cd5d4718-bbb1-11e8-b2ba-ac1f6b6435d0,25 23 21,21 23
cd606252-bba9-11e8-b2ba-ac1f6b6435d0,5 0,0
cd6125c6-bbbc-11e8-b2ba-ac1f6b6435d0,25 21,21 25
cd6171d2-bbaa-11e8-b2ba-ac1f6b6435d0,23 0,0 23
cd62bcfa-bbb8-11e8-b2ba-ac1f6b6435d0,25,25
cd657ade-bbc3-11e8-b2bc-ac1f6b6435d0,11,11
cd66a8bc-bbca-11e8-b2bc-ac1f6b6435d0,12,19
cd6787be-bbb6-11e8-b2ba-ac1f6b6435d0,14,14
cd678d6e-bb9c-11e8-b2b9-ac1f6b6435d0,25 0,0 25
cd682a74-bbad-11e8-b2ba-ac1f6b6435d0,25 0,0
cd6b5ce4-bbc1-11e8-b2bb-ac1f6b6435d0,21,21 22
cd6e27e6-bbbf-11e8-b2bb-ac1f6b6435d0,22 4 21,21
cd6ef198-bb9d-11e8-b2b9-ac1f6b6435d0,25 7,7 24 25
cd7076ea-bba1-11e8-b2b9-ac1f6b6435d0,4,4
cd715f04-bb9e-11e8-b2b9-ac1f6b6435d0,22 0,0 22
cd73b1ce-bbac-11e8-b2ba-ac1f6b6435d0,11,11
cd750f70-bba1-11e8-b2b9-ac1f6b6435d0,3 0,0 4
cd75e512-bbba-11e8-b2ba-ac1f6b6435d0,23,23
cd75f45e-bbb4-11e8-b2ba-ac1f6b6435d0,19,19
cd760adc-bbca-11e8-b2bc-ac1f6b6435d0,26,26
cd764a08-bbc3-11e8-b2bc-ac1f6b6435d0,0 21,0 21
cd7a5422-bbb4-11e8-b2ba-ac1f6b6435d0,19 0,0 19
cd7aa762-bbb7-11e8-b2ba-ac1f6b6435d0,25 0,0 25
cd7df7ba-bba7-11e8-b2ba-ac1f6b6435d0,7,7
cd7e3412-bba4-11e8-b2ba-ac1f6b6435d0,5,5
cd805baa-bbbf-11e8-b2bb-ac1f6b6435d0,23 2,2 23
cd817fd6-bbaa-11e8-b2ba-ac1f6b6435d0,4,4
cd821eac-bbad-11e8-b2ba-ac1f6b6435d0,1 0,0 1
cd84a19a-bba8-11e8-b2ba-ac1f6b6435d0,25 0,0 17 25
cd87d980-bb9b-11e8-b2b9-ac1f6b6435d0,25 5,25
cd88c594-bbb8-11e8-b2ba-ac1f6b6435d0,23,23
cd895e1a-bba8-11e8-b2ba-ac1f6b6435d0,25 0,0 21 25
cd8bd78a-bb99-11e8-b2b9-ac1f6b6435d0,19 4,4 19
cd8c8498-bbc4-11e8-b2bc-ac1f6b6435d0,25 23,25
cd9080e8-bbb0-11e8-b2ba-ac1f6b6435d0,21,21
cd9aefb6-bbaa-11e8-b2ba-ac1f6b6435d0,0,0
cd9d7d40-bbb8-11e8-b2ba-ac1f6b6435d0,12 0,12
cd9d7ff0-bbc9-11e8-b2bc-ac1f6b6435d0,14,14
cd9db31a-bb9e-11e8-b2b9-ac1f6b6435d0,14 0,0 5 14
cd9dbfcc-bbc1-11e8-b2bb-ac1f6b6435d0,14,21
cd9fa018-bbac-11e8-b2ba-ac1f6b6435d0,7,7 16
cdaab52a-bbca-11e8-b2bc-ac1f6b6435d0,25 18 0,0 18 25
cdb34164-bba1-11e8-b2b9-ac1f6b6435d0,23,23
cdb3ac12-bbc9-11e8-b2bc-ac1f6b6435d0,25 0,0 25
cdb3be0c-bbbd-11e8-b2ba-ac1f6b6435d0,18 1 0,0 1 19
cdb3d070-bbb0-11e8-b2ba-ac1f6b6435d0,23 0,0 23
cdb3e25a-bbaf-11e8-b2ba-ac1f6b6435d0,5 0,0 5
cdb580ac-bbb3-11e8-b2ba-ac1f6b6435d0,25 5 0,0 5 25
cdb609a6-bbc6-11e8-b2bc-ac1f6b6435d0,25 1 4,1 4
cdb70c78-bba5-11e8-b2ba-ac1f6b6435d0,23,23
cdba0782-bbbb-11e8-b2ba-ac1f6b6435d0,22 25 2 0,0 25
cdbc3a6a-bbc6-11e8-b2bc-ac1f6b6435d0,23,23
cdbd266e-bb99-11e8-b2b9-ac1f6b6435d0,25 18,18 25
cdc28fcc-bba4-11e8-b2ba-ac1f6b6435d0,5 0,5 25
cdc611d0-bbbb-11e8-b2ba-ac1f6b6435d0,3,3
cdc6d40a-bbaa-11e8-b2ba-ac1f6b6435d0,25,21 25
cdc80c68-bbbd-11e8-b2ba-ac1f6b6435d0,25 11 21,11
cdca465c-bb9c-11e8-b2b9-ac1f6b6435d0,23 0,0 23
cdcbc556-bbbd-11e8-b2ba-ac1f6b6435d0,22,21
cdcdb4e0-bbbf-11e8-b2bb-ac1f6b6435d0,23 0,0 23
cdcfdff6-bb9a-11e8-b2b9-ac1f6b6435d0,25 0,0 25
cdd1b2b4-bb99-11e8-b2b9-ac1f6b6435d0,4,4
cddd93a2-bbaf-11e8-b2ba-ac1f6b6435d0,3 0,0
cde14f60-bbaf-11e8-b2ba-ac1f6b6435d0,14,14
cde2eab2-bbc0-11e8-b2bb-ac1f6b6435d0,3,3
cde411a2-bbc1-11e8-b2bb-ac1f6b6435d0,2,2
cde691ec-bbb3-11e8-b2ba-ac1f6b6435d0,25 4,4 25
cde707b4-bb9d-11e8-b2b9-ac1f6b6435d0,25 4,4 25
cde7530a-bbb5-11e8-b2ba-ac1f6b6435d0,3,3
cdef601e-bbaa-11e8-b2ba-ac1f6b6435d0,23,23
cdef6814-bbac-11e8-b2ba-ac1f6b6435d0,11,11
cdefe730-bbc5-11e8-b2bc-ac1f6b6435d0,24 19 23 0,23
cdf3397a-bbbc-11e8-b2ba-ac1f6b6435d0,11,11
cdf558fc-bbb9-11e8-b2ba-ac1f6b6435d0,7,18
cdf860b0-bbaf-11e8-b2ba-ac1f6b6435d0,21,21 22
cdfab14e-bbb4-11e8-b2ba-ac1f6b6435d0,23,23
cdfb3b74-bb9a-11e8-b2b9-ac1f6b6435d0,5 0,0 25
cdfbaeb0-bbb3-11e8-b2ba-ac1f6b6435d0,25,25
cdfd70d8-bba4-11e8-b2ba-ac1f6b6435d0,21,21
ce01018c-bba7-11e8-b2ba-ac1f6b6435d0,19,19
ce018372-bbb2-11e8-b2ba-ac1f6b6435d0,23 0,0 23
ce0280c2-bbaf-11e8-b2ba-ac1f6b6435d0,0 21,0 21
ce0742c6-bbb2-11e8-b2ba-ac1f6b6435d0,6 2,0 2 25
ce0924bc-bbb5-11e8-b2ba-ac1f6b6435d0,25,0 25
ce0964c0-bbb7-11e8-b2ba-ac1f6b6435d0,7 0,0 7
ce0b8efe-bbb6-11e8-b2ba-ac1f6b6435d0,2 0,0 2
ce0d5c2e-bbbc-11e8-b2ba-ac1f6b6435d0,19 0,0 18
ce0dc85e-bbc5-11e8-b2bc-ac1f6b6435d0,2,0 2 25
ce155798-bbb3-11e8-b2ba-ac1f6b6435d0,22 0,0 21 22
ce157134-bbad-11e8-b2ba-ac1f6b6435d0,2,2
ce166914-bbac-11e8-b2ba-ac1f6b6435d0,5,5
ce17a686-bb9c-11e8-b2b9-ac1f6b6435d0,25 2,2 25
ce190254-bba3-11e8-b2b9-ac1f6b6435d0,25 5,0 5 21 25
ce1c6c30-bbaf-11e8-b2ba-ac1f6b6435d0,0 21,0 5 21
ce1d3a68-bb99-11e8-b2b9-ac1f6b6435d0,7,0 7 25
ce1f9d92-bbb4-11e8-b2ba-ac1f6b6435d0,23,11
ce204c1e-bbc9-11e8-b2bc-ac1f6b6435d0,25 13,25
ce20a700-bbc3-11e8-b2bc-ac1f6b6435d0,2,2
ce273a72-bbb2-11e8-b2ba-ac1f6b6435d0,13,13 22
ce2989a6-bbc3-11e8-b2bc-ac1f6b6435d0,25 21,21
ce29de10-bbc3-11e8-b2bc-ac1f6b6435d0,25 0,0
ce2a1a64-bbba-11e8-b2ba-ac1f6b6435d0,2,2
ce2ad734-bb9b-11e8-b2b9-ac1f6b6435d0,12 25,12 25
ce2bee4c-bbbb-11e8-b2ba-ac1f6b6435d0,0 21,0 21
ce2f9746-bbc4-11e8-b2bc-ac1f6b6435d0,0,0
ce33dc90-bbb3-11e8-b2ba-ac1f6b6435d0,0 21,0
ce34400c-bbba-11e8-b2ba-ac1f6b6435d0,2 0,0 2
ce346d12-bb9b-11e8-b2b9-ac1f6b6435d0,7 0,0 7
ce35516e-bbc8-11e8-b2bc-ac1f6b6435d0,23,2 23
ce37ba1e-bbc1-11e8-b2bb-ac1f6b6435d0,25 0,0 25
ce39c9fc-bbc7-11e8-b2bc-ac1f6b6435d0,25 0,0 25
ce3e11aa-bba5-11e8-b2ba-ac1f6b6435d0,3,3
ce3eec02-bba4-11e8-b2ba-ac1f6b6435d0,25 5,0 5 25
ce3ff39e-bb9b-11e8-b2b9-ac1f6b6435d0,4,4 25
ce4722ae-bbc3-11e8-b2bc-ac1f6b6435d0,19 0,0
ce472f7e-bbc8-11e8-b2bc-ac1f6b6435d0,7 0,0
ce4e4e7a-bbc9-11e8-b2bc-ac1f6b6435d0,2 0,0 2 25
ce506708-bb99-11e8-b2b9-ac1f6b6435d0,13 0,0
ce51780a-bb9e-11e8-b2b9-ac1f6b6435d0,11 14 21,14 21 25
ce52da3c-bbbd-11e8-b2ba-ac1f6b6435d0,22 0,0 22
ce53b2a2-bb9c-11e8-b2b9-ac1f6b6435d0,7 0,0 7
ce570bfe-bbb1-11e8-b2ba-ac1f6b6435d0,21,7
ce57373e-bbaf-11e8-b2ba-ac1f6b6435d0,22,22
ce5e0710-bba7-11e8-b2ba-ac1f6b6435d0,25 2,2
ce616f08-bbad-11e8-b2ba-ac1f6b6435d0,23,23
ce61eec4-bb99-11e8-b2b9-ac1f6b6435d0,7 0 21,0 7 21
ce64c700-bbbe-11e8-b2ba-ac1f6b6435d0,0,0
ce64ef40-bbab-11e8-b2ba-ac1f6b6435d0,2 0,2
ce68a7f0-bbb7-11e8-b2ba-ac1f6b6435d0,6,6
ce68c4a0-bbae-11e8-b2ba-ac1f6b6435d0,7 0,0 7 22
ce6a7eea-bbbc-11e8-b2ba-ac1f6b6435d0,25 2 0 21,0 2 21 25
ce74af04-bbb3-11e8-b2ba-ac1f6b6435d0,16 0 21,0 21
ce74fc36-bba2-11e8-b2b9-ac1f6b6435d0,23,23
ce769ae4-bba4-11e8-b2ba-ac1f6b6435d0,0 21,21 22
ce77f22e-bba2-11e8-b2b9-ac1f6b6435d0,11,0 3 25
ce78570c-bb9b-11e8-b2b9-ac1f6b6435d0,23 0,23
ce790a08-bbaa-11e8-b2ba-ac1f6b6435d0,6,25
ce7c4e16-bba0-11e8-b2b9-ac1f6b6435d0,16 0,0 16
ce7c4e16-bbaa-11e8-b2ba-ac1f6b6435d0,26 0,0
ce7e4dfe-bbb1-11e8-b2ba-ac1f6b6435d0,25 2 0,2 21
ce7f450e-bba9-11e8-b2ba-ac1f6b6435d0,19 23,19
ce80efda-bbc7-11e8-b2bc-ac1f6b6435d0,0,0 1
ce82a4e4-bbbb-11e8-b2ba-ac1f6b6435d0,0,0
ce8386dc-bba9-11e8-b2ba-ac1f6b6435d0,14,14 25
ce893908-bba2-11e8-b2b9-ac1f6b6435d0,5 4,0
ce8bdeee-bbaf-11e8-b2ba-ac1f6b6435d0,7 0,0
ce8ce2a0-bbc6-11e8-b2bc-ac1f6b6435d0,22 2 0,3
ce8d71e4-bb9d-11e8-b2b9-ac1f6b6435d0,23,23
ce8eecaa-bbab-11e8-b2ba-ac1f6b6435d0,1,0 1
ce901c58-bb9a-11e8-b2b9-ac1f6b6435d0,18,18
ce90e6f0-bb9b-11e8-b2b9-ac1f6b6435d0,7 21,7 21
ce911bae-bbc1-11e8-b2bb-ac1f6b6435d0,25,25
ce932558-bbb6-11e8-b2ba-ac1f6b6435d0,7 0,0 7
ce93e70a-bba6-11e8-b2ba-ac1f6b6435d0,25 5,0 25
ce9448d6-bba5-11e8-b2ba-ac1f6b6435d0,20 0,0
ce974e7e-bbb3-11e8-b2ba-ac1f6b6435d0,23,23
ce984698-bba0-11e8-b2b9-ac1f6b6435d0,18 0,0 18
ce994ade-bbbe-11e8-b2ba-ac1f6b6435d0,25,7 25
ce9c30e6-bba0-11e8-b2b9-ac1f6b6435d0,4,4
ce9cebb6-bbc9-11e8-b2bc-ac1f6b6435d0,25 0,0
ce9dd1c6-bbb4-11e8-b2ba-ac1f6b6435d0,0,0
cea757a6-bba9-11e8-b2ba-ac1f6b6435d0,5,0 5 25
cea763a6-bbca-11e8-b2bc-ac1f6b6435d0,7,7
ceaaebee-bba1-11e8-b2b9-ac1f6b6435d0,25 4,4 21 25
ceab6a5c-bba0-11e8-b2b9-ac1f6b6435d0,19 23,19 23
ceabe73c-bbbb-11e8-b2ba-ac1f6b6435d0,0,0 7
cead83ec-bb9a-11e8-b2b9-ac1f6b6435d0,7,7
ceafe51c-bba2-11e8-b2b9-ac1f6b6435d0,21,21 25
ceb43110-bbc7-11e8-b2bc-ac1f6b6435d0,1 0,0 1
ceb86a40-bbc8-11e8-b2bc-ac1f6b6435d0,25 6 2,2 25
ceb94e14-bbc4-11e8-b2bc-ac1f6b6435d0,25 0,0 25
ceb9652a-bba6-11e8-b2ba-ac1f6b6435d0,25,21
ceb9ed3a-bbae-11e8-b2ba-ac1f6b6435d0,24 5,5 24
cebcf244-bba6-11e8-b2ba-ac1f6b6435d0,0,0 19
cebd51ee-bbba-11e8-b2ba-ac1f6b6435d0,0,0
cebddbae-bbc0-11e8-b2bb-ac1f6b6435d0,3 0,0 3
cec09dda-bbac-11e8-b2ba-ac1f6b6435d0,20 0,0 20 26
cec13474-bb9e-11e8-b2b9-ac1f6b6435d0,19 0,0 19
cec22752-bbbd-11e8-b2ba-ac1f6b6435d0,25 21,25
cec435d8-bbb3-11e8-b2ba-ac1f6b6435d0,25 1 0,0 1 25
cec4af72-bbc2-11e8-b2bc-ac1f6b6435d0,3 0,0 2 3
cec7c22c-bba7-11e8-b2ba-ac1f6b6435d0,22,22
cec7c28e-bbc7-11e8-b2bc-ac1f6b6435d0,0,0
cec89124-bbb2-11e8-b2ba-ac1f6b6435d0,12 25 0,0 25
cec8ee1a-bb9b-11e8-b2b9-ac1f6b6435d0,7 0,0 7
ceca94e8-bbca-11e8-b2bc-ac1f6b6435d0,2 0,0 2
cecc1a52-bbb1-11e8-b2ba-ac1f6b6435d0,16 25 17 0,0 16 17 25
cecd3e20-bbb4-11e8-b2ba-ac1f6b6435d0,6,6
cecdc090-bba3-11e8-b2b9-ac1f6b6435d0,11,11
ced0a7ee-bbb5-11e8-b2ba-ac1f6b6435d0,23,23
ced11ee4-bbb6-11e8-b2ba-ac1f6b6435d0,5 0,0 5
ced1fc04-bbb8-11e8-b2ba-ac1f6b6435d0,7,7
ced464ea-bbc1-11e8-b2bb-ac1f6b6435d0,25 0,0 25
ced596ca-bbb8-11e8-b2ba-ac1f6b6435d0,25 5,0 5 25
ced5aa76-bb9e-11e8-b2b9-ac1f6b6435d0,25,25
ced95812-bbc9-11e8-b2bc-ac1f6b6435d0,2 0,0 2
ced9b24a-bbc3-11e8-b2bc-ac1f6b6435d0,25 1,0 1 25
ceda68be-bbb6-11e8-b2ba-ac1f6b6435d0,5,0
cedaf532-bba6-11e8-b2ba-ac1f6b6435d0,25 0,25
cedced10-bbbf-11e8-b2bb-ac1f6b6435d0,12 25,0
cedd50a8-bba5-11e8-b2ba-ac1f6b6435d0,14,21 25
cede8efa-bbb9-11e8-b2ba-ac1f6b6435d0,16 21,21
cee587d8-bbc7-11e8-b2bc-ac1f6b6435d0,3 0,0
cee7b06a-bbb0-11e8-b2ba-ac1f6b6435d0,19,19
cee7f934-bbca-11e8-b2bc-ac1f6b6435d0,5 0,0
cee7fea8-bbc4-11e8-b2bc-ac1f6b6435d0,23 3,23
ceebb24a-bb9d-11e8-b2b9-ac1f6b6435d0,0,0
ceeeef7c-bba3-11e8-b2b9-ac1f6b6435d0,1 0,0 1
ceef3f8e-bbbe-11e8-b2ba-ac1f6b6435d0,0,25
cef1a84a-bbc9-11e8-b2bc-ac1f6b6435d0,23,23
cef1fdbc-bb9d-11e8-b2b9-ac1f6b6435d0,25 13 0,0 13
cef373ac-bbb8-11e8-b2ba-ac1f6b6435d0,23,23
cef3b49a-bbc0-11e8-b2bb-ac1f6b6435d0,23,23
cef47312-bbc0-11e8-b2bb-ac1f6b6435d0,7,7
cefaf85a-bbab-11e8-b2ba-ac1f6b6435d0,12 25,21 25
cefe272a-bba4-11e8-b2ba-ac1f6b6435d0,18,18
cf038fba-bbc4-11e8-b2bc-ac1f6b6435d0,2 0,0 2
cf042352-bb9d-11e8-b2b9-ac1f6b6435d0,2 0,0 2
cf0700dc-bbc9-11e8-b2bc-ac1f6b6435d0,14,14
cf095cb4-bba2-11e8-b2b9-ac1f6b6435d0,1 0 21,0 1 25
cf0d696a-bbbd-11e8-b2ba-ac1f6b6435d0,25,25
cf0f033e-bbad-11e8-b2ba-ac1f6b6435d0,5 0,0 5
cf0f0fa2-bb9c-11e8-b2b9-ac1f6b6435d0,3 0,0 3
cf0f8572-bbc9-11e8-b2bc-ac1f6b6435d0,23,23
cf13a684-bb9c-11e8-b2b9-ac1f6b6435d0,18,7
cf189c5a-bbb2-11e8-b2ba-ac1f6b6435d0,0,0
cf1da1c6-bba5-11e8-b2ba-ac1f6b6435d0,5,0 5
cf20261a-bbb6-11e8-b2ba-ac1f6b6435d0,14,14
cf217446-bbb8-11e8-b2ba-ac1f6b6435d0,25,25
cf23dc34-bbc4-11e8-b2bc-ac1f6b6435d0,25 0,0
cf26107e-bba3-11e8-b2b9-ac1f6b6435d0,23 0,0 23
cf26ac66-bbb0-11e8-b2ba-ac1f6b6435d0,0,0
cf2bc54a-bbb8-11e8-b2ba-ac1f6b6435d0,5 2,2
cf2c0bf0-bbc6-11e8-b2bc-ac1f6b6435d0,11 0,0 11 25
cf301650-bba8-11e8-b2ba-ac1f6b6435d0,25 0,0 16
cf37c18e-bba3-11e8-b2b9-ac1f6b6435d0,11,11
cf387372-bbb7-11e8-b2ba-ac1f6b6435d0,14,14
cf388386-bbac-11e8-b2ba-ac1f6b6435d0,18,18
cf39ef5a-bba7-11e8-b2ba-ac1f6b6435d0,19,19
cf3cb760-bb9f-11e8-b2b9-ac1f6b6435d0,0,0
cf3d852c-bbc3-11e8-b2bc-ac1f6b6435d0,14,14
cf3db124-bbae-11e8-b2ba-ac1f6b6435d0,25 0,0 25
cf3fd112-bba8-11e8-b2ba-ac1f6b6435d0,5 21,14
cf49c470-bbac-11e8-b2ba-ac1f6b6435d0,7 0,0 7
cf4dae24-bbbf-11e8-b2bb-ac1f6b6435d0,1 0,0 1
cf51770a-bb99-11e8-b2b9-ac1f6b6435d0,2,2
cf523cf0-bba1-11e8-b2b9-ac1f6b6435d0,14 0,0 14
cf561198-bbad-11e8-b2ba-ac1f6b6435d0,25 13,21 25
cf585912-bbb2-11e8-b2ba-ac1f6b6435d0,12 0,0 12
cf58f900-bbbf-11e8-b2bb-ac1f6b6435d0,5,5
cf59e01e-bbbe-11e8-b2ba-ac1f6b6435d0,16 0,0 16
cf5c122a-bbb5-11e8-b2ba-ac1f6b6435d0,2 0,0 2
cf5c1a7e-bba4-11e8-b2ba-ac1f6b6435d0,23,1 23
cf5e2cbe-bbb9-11e8-b2ba-ac1f6b6435d0,3 0,0 3
cf5ffd7c-bbb5-11e8-b2ba-ac1f6b6435d0,11,11
cf67a0ee-bbc0-11e8-b2bb-ac1f6b6435d0,25 1 4,4 25
cf67d032-bbc5-11e8-b2bc-ac1f6b6435d0,25 2,2 25
cf6c365e-bba2-11e8-b2b9-ac1f6b6435d0,25 2 0,0 2
cf6e18aa-bb9a-11e8-b2b9-ac1f6b6435d0,18,19
cf6ffc4c-bba4-11e8-b2ba-ac1f6b6435d0,4,4
cf7079ec-bbc7-11e8-b2bc-ac1f6b6435d0,12 25 0 21,25
cf70b004-bbbf-11e8-b2bb-ac1f6b6435d0,22,21 22
cf73e228-bbc5-11e8-b2bc-ac1f6b6435d0,1,0 1
cf753328-bbb4-11e8-b2ba-ac1f6b6435d0,1 0,0 25
cf78b532-bbb1-11e8-b2ba-ac1f6b6435d0,25,25
cf7aa30c-bbba-11e8-b2ba-ac1f6b6435d0,21,21
cf7e1bd6-bbab-11e8-b2ba-ac1f6b6435d0,25 2 0,0 2 25
cf81d498-bbaf-11e8-b2ba-ac1f6b6435d0,23,25
cf8449cc-bbb3-11e8-b2ba-ac1f6b6435d0,11 0,0 11
cf86361e-bba0-11e8-b2b9-ac1f6b6435d0,21,21
cf864052-bba8-11e8-b2ba-ac1f6b6435d0,11,11
cf87ccbc-bb9c-11e8-b2b9-ac1f6b6435d0,6 1,1 25
cf8aba68-bbc3-11e8-b2bc-ac1f6b6435d0,25 21,25 26
cf8d0c9c-bbae-11e8-b2ba-ac1f6b6435d0,2,2
cf8ef22e-bbb7-11e8-b2ba-ac1f6b6435d0,4,4
cf90ef9e-bbc5-11e8-b2bc-ac1f6b6435d0,25 16 0,0 25
cf91c652-bba3-11e8-b2b9-ac1f6b6435d0,23 2 0,0 2
cf945d68-bbbc-11e8-b2ba-ac1f6b6435d0,6 7,7
cf968fa8-bbca-11e8-b2bc-ac1f6b6435d0,19 2,0 2
cf97f7a4-bbba-11e8-b2ba-ac1f6b6435d0,21,21
cf980de8-bb9c-11e8-b2b9-ac1f6b6435d0,0,0
cf9a5398-bbbd-11e8-b2ba-ac1f6b6435d0,4,4
cf9a7e3a-bbbe-11e8-b2ba-ac1f6b6435d0,14,14 16
cf9ac89a-bbc8-11e8-b2bc-ac1f6b6435d0,16 0,0 16
cf9be41a-bba4-11e8-b2ba-ac1f6b6435d0,22 0,0 22 25
cf9c8d20-bbae-11e8-b2ba-ac1f6b6435d0,25 4,4
cf9db796-bba3-11e8-b2b9-ac1f6b6435d0,4,4
cf9ed5ee-bbc7-11e8-b2bc-ac1f6b6435d0,2 0,0 2
cf9ffeb4-bbbe-11e8-b2ba-ac1f6b6435d0,6,6
cfab190e-bb99-11e8-b2b9-ac1f6b6435d0,25,25
cfabfb38-bbb9-11e8-b2ba-ac1f6b6435d0,4 21,2 4 21
cfadef8e-bb9f-11e8-b2b9-ac1f6b6435d0,11,11 12
cfb824b0-bbb1-11e8-b2ba-ac1f6b6435d0,2 0,0 2
cfb824d4-bb9c-11e8-b2b9-ac1f6b6435d0,3 0,0 2 3
cfb94666-bba6-11e8-b2ba-ac1f6b6435d0,0,0 25
cfb97e68-bbb7-11e8-b2ba-ac1f6b6435d0,25 0 21,0 21 22
cfbb37ba-bbb4-11e8-b2ba-ac1f6b6435d0,0,0
cfbc5a7a-bb99-11e8-b2b9-ac1f6b6435d0,25 5 0,5
cfbe6618-bbc0-11e8-b2bb-ac1f6b6435d0,22 21,21 22 25
cfbe8a6c-bba2-11e8-b2b9-ac1f6b6435d0,25 14 0,0 14
cfbed578-bbc8-11e8-b2bc-ac1f6b6435d0,24 11,11 24
cfbfd6d2-bbb7-11e8-b2ba-ac1f6b6435d0,25 7 0,0 7
cfc10b14-bbb8-11e8-b2ba-ac1f6b6435d0,7,7
cfc3cfec-bba5-11e8-b2ba-ac1f6b6435d0,16 25 0,0 21 25
cfc588b8-bbba-11e8-b2ba-ac1f6b6435d0,19 25,19 25
cfc922de-bbc4-11e8-b2bc-ac1f6b6435d0,4,4
cfc9491a-bba3-11e8-b2b9-ac1f6b6435d0,21,21
cfcdd882-bbb1-11e8-b2ba-ac1f6b6435d0,12,12 21
cfce5720-bbad-11e8-b2ba-ac1f6b6435d0,25 7 21,5 7
cfd08ef8-bbb9-11e8-b2ba-ac1f6b6435d0,22 21,21
cfd178a2-bba2-11e8-b2b9-ac1f6b6435d0,2,2
cfd1c840-bba5-11e8-b2ba-ac1f6b6435d0,25,25
cfd78956-bbaf-11e8-b2ba-ac1f6b6435d0,19,19
cfd85be4-bb99-11e8-b2b9-ac1f6b6435d0,23 0,23
cfd8eb86-bbb2-11e8-b2ba-ac1f6b6435d0,14,14 16
cfd9ea7c-bbb7-11e8-b2ba-ac1f6b6435d0,1,1
cfdf76ee-bbbd-11e8-b2ba-ac1f6b6435d0,25 21,21 25
cfe27f62-bbac-11e8-b2ba-ac1f6b6435d0,20,20
cfe4fe5e-bbbb-11e8-b2ba-ac1f6b6435d0,21,22
cff95074-bbbc-11e8-b2ba-ac1f6b6435d0,25 0 21,0 25
cffc1224-bbca-11e8-b2bc-ac1f6b6435d0,7 2 0,0 2 19
d002f2e6-bbb7-11e8-b2ba-ac1f6b6435d0,23,23
d00301f2-bba1-11e8-b2b9-ac1f6b6435d0,6,6 25
d0078832-bbbd-11e8-b2ba-ac1f6b6435d0,25,25
d00aac52-bba8-11e8-b2ba-ac1f6b6435d0,21,0 21
d00d965e-bbc3-11e8-b2bc-ac1f6b6435d0,25,25
d00e0f4e-bbaa-11e8-b2ba-ac1f6b6435d0,7,7
d00f00f0-bbc5-11e8-b2bc-ac1f6b6435d0,19 16 0,0 16
d012b99e-bba1-11e8-b2b9-ac1f6b6435d0,19 25 0,0 19
d013e4b2-bbb6-11e8-b2ba-ac1f6b6435d0,3,3
d014e772-bb9d-11e8-b2b9-ac1f6b6435d0,1,1 2
d01751ae-bba4-11e8-b2ba-ac1f6b6435d0,13 0 21,0 13 21
d019888a-bbad-11e8-b2ba-ac1f6b6435d0,0,0
d01e5070-bbaa-11e8-b2ba-ac1f6b6435d0,25 13 0 21,0 12 13
d01fb1a6-bb9e-11e8-b2b9-ac1f6b6435d0,16 0,0 16
d02060aa-bbb8-11e8-b2ba-ac1f6b6435d0,11,11
d021f994-bba7-11e8-b2ba-ac1f6b6435d0,25 0,4 25
d0240b94-bba7-11e8-b2ba-ac1f6b6435d0,11,11
d026b65a-bba2-11e8-b2b9-ac1f6b6435d0,7 0,0 7
d02787e4-bb9b-11e8-b2b9-ac1f6b6435d0,20,0
d027ad62-bb9d-11e8-b2b9-ac1f6b6435d0,25 23,25
d02851c4-bba5-11e8-b2ba-ac1f6b6435d0,25 0,0 25
d02b2a66-bba5-11e8-b2ba-ac1f6b6435d0,0 21,0 21
d02bbc56-bbaf-11e8-b2ba-ac1f6b6435d0,5 1 0,0 1 5
d02d5518-bbc6-11e8-b2bc-ac1f6b6435d0,0,0 25
d02e8d72-bb9c-11e8-b2b9-ac1f6b6435d0,25 17,0 25
d02f4ecc-bba8-11e8-b2ba-ac1f6b6435d0,23 17 0,11
d030861c-bba7-11e8-b2ba-ac1f6b6435d0,23,23
d030d7c2-bbbe-11e8-b2ba-ac1f6b6435d0,22 0 21,0 24 25
d03274fa-bba6-11e8-b2ba-ac1f6b6435d0,0,0
d0328116-bba6-11e8-b2ba-ac1f6b6435d0,26 0,0 26
d032f364-bb9a-11e8-b2b9-ac1f6b6435d0,23,23
d037788a-bbb3-11e8-b2ba-ac1f6b6435d0,4,4
d039f2e6-bba3-11e8-b2b9-ac1f6b6435d0,21,2 21
d03a5a1e-bba4-11e8-b2ba-ac1f6b6435d0,4,4
d03f6068-bba4-11e8-b2ba-ac1f6b6435d0,11 1,0 1 11
d03fdd74-bbc5-11e8-b2bc-ac1f6b6435d0,13 21,21 25
d0409410-bbb3-11e8-b2ba-ac1f6b6435d0,7,7
d040e8fe-bbac-11e8-b2ba-ac1f6b6435d0,4,0 5
d041a68c-bbab-11e8-b2ba-ac1f6b6435d0,0,0
d0443ed8-bb9c-11e8-b2b9-ac1f6b6435d0,1 0,0 1
d048c08c-bbb7-11e8-b2ba-ac1f6b6435d0,22 0,0 13 21
d048f956-bbc3-11e8-b2bc-ac1f6b6435d0,25,25
d0497024-bbb5-11e8-b2ba-ac1f6b6435d0,2 0,0 2
d04ba43c-bbb7-11e8-b2ba-ac1f6b6435d0,7 0,0 7
d04f4ba0-bba3-11e8-b2b9-ac1f6b6435d0,1 0,0 1
d04fdb70-bbb1-11e8-b2ba-ac1f6b6435d0,2 0,0 2
d0507b40-bb9b-11e8-b2b9-ac1f6b6435d0,25 18 17,17 18 25
d050839c-bbaf-11e8-b2ba-ac1f6b6435d0,18,18
d050ebee-bba4-11e8-b2ba-ac1f6b6435d0,5,5
d0511c06-bba7-11e8-b2ba-ac1f6b6435d0,5 21,5 21
d053f6c2-bba4-11e8-b2ba-ac1f6b6435d0,7,7
d0552c70-bbbf-11e8-b2bb-ac1f6b6435d0,12 0,0 25 26
d057684c-bb9b-11e8-b2b9-ac1f6b6435d0,11,11
d05a418a-bbb3-11e8-b2ba-ac1f6b6435d0,1 4 2 0,0 2
d05ac584-bb9e-11e8-b2b9-ac1f6b6435d0,23 0,23
d05d6c84-bbc7-11e8-b2bc-ac1f6b6435d0,4 21,4 25
d05e8e7a-bbc2-11e8-b2bc-ac1f6b6435d0,0,0
d05fe750-bbc4-11e8-b2bc-ac1f6b6435d0,0,0
d0628f7a-bbbd-11e8-b2ba-ac1f6b6435d0,19 0,0 19
d06312e0-bbc4-11e8-b2bc-ac1f6b6435d0,25,6
d069d2ba-bba1-11e8-b2b9-ac1f6b6435d0,25 2 0 21,0 2 25
d06ae724-bbb8-11e8-b2ba-ac1f6b6435d0,25 7 0,7 25
d06b49f4-bbbc-11e8-b2ba-ac1f6b6435d0,25 14,14 25
d06eaf68-bbad-11e8-b2ba-ac1f6b6435d0,25 20 0,0 25
d077023a-bb9e-11e8-b2b9-ac1f6b6435d0,21,21
d0776778-bba0-11e8-b2b9-ac1f6b6435d0,7,7
d078c1de-bbc5-11e8-b2bc-ac1f6b6435d0,24 0,24 25
d07b7d84-bb9d-11e8-b2b9-ac1f6b6435d0,23 2,0
d07d9534-bbab-11e8-b2ba-ac1f6b6435d0,14 0,0 14 16
d07f434a-bb9a-11e8-b2b9-ac1f6b6435d0,25 6 3 0,2 25
d07fe204-bba0-11e8-b2b9-ac1f6b6435d0,23 2,23
d082ccaa-bb9e-11e8-b2b9-ac1f6b6435d0,5,5
d087ac74-bbc7-11e8-b2bc-ac1f6b6435d0,22,21
d08a0460-bbc2-11e8-b2bc-ac1f6b6435d0,2 21,2 21
d08d9c6c-bbb1-11e8-b2ba-ac1f6b6435d0,25 3,24 25
d08db7a6-bbb6-11e8-b2ba-ac1f6b6435d0,25 21,21 25
d0931e98-bbc6-11e8-b2bc-ac1f6b6435d0,25,6 25
d093c042-bbac-11e8-b2ba-ac1f6b6435d0,18,18
d096447c-bbaa-11e8-b2ba-ac1f6b6435d0,7 18,7 25
d097c678-bbad-11e8-b2ba-ac1f6b6435d0,5,5
d099160a-bbc0-11e8-b2bb-ac1f6b6435d0,2,2 3
d0a2f554-bbb5-11e8-b2ba-ac1f6b6435d0,11 2,2 11
d0a4fdec-bb9a-11e8-b2b9-ac1f6b6435d0,25,25
d0a63524-bbac-11e8-b2ba-ac1f6b6435d0,21,21
d0ac8294-bb9d-11e8-b2b9-ac1f6b6435d0,25,21 25
d0ace4a0-bbca-11e8-b2bc-ac1f6b6435d0,19 0,0 19
d0ad28d0-bbbf-11e8-b2bb-ac1f6b6435d0,19,7
d0aef600-bbac-11e8-b2ba-ac1f6b6435d0,18 21,19 21
d0afa0fa-bbac-11e8-b2ba-ac1f6b6435d0,12 25 2 0,0 25
d0b3a4fc-bba7-11e8-b2ba-ac1f6b6435d0,0,0 25
d0b4558c-bbb6-11e8-b2ba-ac1f6b6435d0,5,5
d0b906b4-bbbf-11e8-b2bb-ac1f6b6435d0,2 0,0 2
d0bd0554-bba9-11e8-b2ba-ac1f6b6435d0,0,0
d0bebfec-bbb9-11e8-b2ba-ac1f6b6435d0,7,7
d0bee052-bbc4-11e8-b2bc-ac1f6b6435d0,4,4
d0bf91a4-bbc5-11e8-b2bc-ac1f6b6435d0,21,21
d0c1b088-bbca-11e8-b2bc-ac1f6b6435d0,3,0 3
d0c394ba-bbc6-11e8-b2bc-ac1f6b6435d0,25,21 25
d0c591e0-bbc4-11e8-b2bc-ac1f6b6435d0,11,11
d0c7b8a0-bba4-11e8-b2ba-ac1f6b6435d0,25 11,11 25
d0c84962-bbc9-11e8-b2bc-ac1f6b6435d0,0,0
d0ca6662-bbaf-11e8-b2ba-ac1f6b6435d0,7,7
d0ce520a-bbb3-11e8-b2ba-ac1f6b6435d0,25 4,4 25
d0d01686-bbb2-11e8-b2ba-ac1f6b6435d0,0 21,0 21
d0d06d08-bbb1-11e8-b2ba-ac1f6b6435d0,5 0,0
d0d50cb4-bbbb-11e8-b2ba-ac1f6b6435d0,7,7
d0d54bc2-bbc3-11e8-b2bc-ac1f6b6435d0,25 16 0,0 17
d0d6d9be-bba1-11e8-b2b9-ac1f6b6435d0,25 0,0 19
d0d6f868-bbc9-11e8-b2bc-ac1f6b6435d0,25 1 0,0 1 25
d0d75e40-bbbd-11e8-b2ba-ac1f6b6435d0,3,3
d0d8742e-bbbd-11e8-b2ba-ac1f6b6435d0,0,0
d0d9261e-bba2-11e8-b2b9-ac1f6b6435d0,25 0,0 5 25
d0dbb694-bbb2-11e8-b2ba-ac1f6b6435d0,25 14 0,14 21
d0dfa45a-bbc8-11e8-b2bc-ac1f6b6435d0,23,23
d0e44ed6-bbac-11e8-b2ba-ac1f6b6435d0,23 3 0,0
d0e4c22a-bb9e-11e8-b2b9-ac1f6b6435d0,2,2
d0e9f116-bbb0-11e8-b2ba-ac1f6b6435d0,26,26
d0eb79f6-bbb4-11e8-b2ba-ac1f6b6435d0,25 2 0,0 2 25
d0eb8202-bbb9-11e8-b2ba-ac1f6b6435d0,25 21,25
d0f43d1e-bbc5-11e8-b2bc-ac1f6b6435d0,6,25
d0f43d9e-bb9a-11e8-b2b9-ac1f6b6435d0,7 2 0,2 7 25
d0f8a352-bbb8-11e8-b2ba-ac1f6b6435d0,25 0,0 20
d10095a8-bb9f-11e8-b2b9-ac1f6b6435d0,21,21
d1040404-bbb8-11e8-b2ba-ac1f6b6435d0,26,26
d1079b42-bbc6-11e8-b2bc-ac1f6b6435d0,7,7 9 10 20
d108d54e-bbca-11e8-b2bc-ac1f6b6435d0,6,6
d10943a2-bbc6-11e8-b2bc-ac1f6b6435d0,0,0
d10c5502-bba7-11e8-b2ba-ac1f6b6435d0,5 0,0
d10d8df8-bbb8-11e8-b2ba-ac1f6b6435d0,19 6 0,0 25
d10dc360-bb9d-11e8-b2b9-ac1f6b6435d0,16 2 0,2
d10df31a-bbb3-11e8-b2ba-ac1f6b6435d0,0 21,0 21
d10fe3d4-bba7-11e8-b2ba-ac1f6b6435d0,7,7
d111dee4-bba9-11e8-b2ba-ac1f6b6435d0,11,11
d1133dd8-bbaa-11e8-b2ba-ac1f6b6435d0,2,3
d114bd74-bbba-11e8-b2ba-ac1f6b6435d0,25 2,2 25
d119705e-bbb9-11e8-b2ba-ac1f6b6435d0,7,7
d11bac30-bb9a-11e8-b2b9-ac1f6b6435d0,7,7
d11ef7d2-bbc7-11e8-b2bc-ac1f6b6435d0,2 0,0 2
d1229444-bba6-11e8-b2ba-ac1f6b6435d0,25,7
d1229814-bbaa-11e8-b2ba-ac1f6b6435d0,26 4,4 26
d122b77a-bb9d-11e8-b2b9-ac1f6b6435d0,12 21,4
d123d84c-bbb8-11e8-b2ba-ac1f6b6435d0,25 1,1 21
d123fcac-bb9d-11e8-b2b9-ac1f6b6435d0,11,11
d1241906-bba9-11e8-b2ba-ac1f6b6435d0,7 2,2 7
d125fb9c-bbc0-11e8-b2bb-ac1f6b6435d0,5 0,5
d127203c-bba0-11e8-b2b9-ac1f6b6435d0,7,7 25
d12793f4-bbba-11e8-b2ba-ac1f6b6435d0,4,4
d129e768-bbaf-11e8-b2ba-ac1f6b6435d0,19 0,0
d12a66fe-bbb2-11e8-b2ba-ac1f6b6435d0,23,23
d132c2b0-bbbf-11e8-b2bb-ac1f6b6435d0,25 4,4 25
d1356dc4-bba8-11e8-b2ba-ac1f6b6435d0,5,5
d1367348-bbb9-11e8-b2ba-ac1f6b6435d0,25 0,0 25
d1374972-bbc2-11e8-b2bc-ac1f6b6435d0,5,5
d1376bce-bbc6-11e8-b2bc-ac1f6b6435d0,25 0,0 25
d137b3fa-bbc5-11e8-b2bc-ac1f6b6435d0,7 0,0 7
d13945b8-bbab-11e8-b2ba-ac1f6b6435d0,5,5
d1399074-bb9f-11e8-b2b9-ac1f6b6435d0,2 0,0 2
d13a1a7a-bbc3-11e8-b2bc-ac1f6b6435d0,25,6 25
d13ca5ec-bbaf-11e8-b2ba-ac1f6b6435d0,0,0
d13d7d22-bbab-11e8-b2ba-ac1f6b6435d0,13 21,13
d13f81c2-bba0-11e8-b2b9-ac1f6b6435d0,14,14
d143efc4-bb9f-11e8-b2b9-ac1f6b6435d0,0,0
d146338a-bbc0-11e8-b2bb-ac1f6b6435d0,25 0,0 25
d1470cba-bbac-11e8-b2ba-ac1f6b6435d0,25 7 0,0 7 25
d1481fd0-bbaa-11e8-b2ba-ac1f6b6435d0,2 0,0 2
d14a2772-bbbd-11e8-b2ba-ac1f6b6435d0,0,0
d14da65c-bbab-11e8-b2ba-ac1f6b6435d0,25 5,5 25
d14e8bec-bb99-11e8-b2b9-ac1f6b6435d0,25,25
d14efd56-bba4-11e8-b2ba-ac1f6b6435d0,25 4,4 25
d14f6be0-bbab-11e8-b2ba-ac1f6b6435d0,4,4
d1529cd8-bbbb-11e8-b2ba-ac1f6b6435d0,25,0 25
d1578d40-bbb3-11e8-b2ba-ac1f6b6435d0,0,0
d15847ae-bbc6-11e8-b2bc-ac1f6b6435d0,5,0 5 25
d158ae8e-bbb6-11e8-b2ba-ac1f6b6435d0,0,0
d159ba7c-bbca-11e8-b2bc-ac1f6b6435d0,2 0,0 2
d15a1840-bbb7-11e8-b2ba-ac1f6b6435d0,25 7,7 25
d15a9f56-bbab-11e8-b2ba-ac1f6b6435d0,25,0
d15bedfa-bbad-11e8-b2ba-ac1f6b6435d0,12 19,2 21 25
d15d0de8-bba8-11e8-b2ba-ac1f6b6435d0,21,6
d15ea3cc-bbc3-11e8-b2bc-ac1f6b6435d0,18,18
d15f1dc0-bba5-11e8-b2ba-ac1f6b6435d0,4 0,0
d162959a-bbaf-11e8-b2ba-ac1f6b6435d0,11,11
d1660a02-bbb6-11e8-b2ba-ac1f6b6435d0,5,0 18
d1670eb2-bbc4-11e8-b2bc-ac1f6b6435d0,2 0,0 3
d16dca66-bbad-11e8-b2ba-ac1f6b6435d0,13,13
d1703b06-bb9a-11e8-b2b9-ac1f6b6435d0,25,18 25
d1718402-bba9-11e8-b2ba-ac1f6b6435d0,25 0,0 1 25
d17351f8-bba2-11e8-b2b9-ac1f6b6435d0,16 0,0 24
d174ffbe-bbaa-11e8-b2ba-ac1f6b6435d0,21,25
d175763e-bb9a-11e8-b2b9-ac1f6b6435d0,24 0 21,0 24
d1761d1c-bbbf-11e8-b2bb-ac1f6b6435d0,2 0,0
d17a6d8c-bbc8-11e8-b2bc-ac1f6b6435d0,6,6
d17da694-bbb6-11e8-b2ba-ac1f6b6435d0,12,12 21
d17dac06-bb9e-11e8-b2b9-ac1f6b6435d0,25,25
d17f83aa-bb99-11e8-b2b9-ac1f6b6435d0,3 0,2
d181bb16-bbad-11e8-b2ba-ac1f6b6435d0,23,23
d182ecda-bba7-11e8-b2ba-ac1f6b6435d0,0,0
d1831586-bbc3-11e8-b2bc-ac1f6b6435d0,4,4
d18630de-bbb1-11e8-b2ba-ac1f6b6435d0,13 7 0,0 7 13 22
d188247a-bbac-11e8-b2ba-ac1f6b6435d0,25 0,0 25
d18a5b1a-bbba-11e8-b2ba-ac1f6b6435d0,14,14
d18f2156-bb9a-11e8-b2b9-ac1f6b6435d0,21,21
d191440a-bb9e-11e8-b2b9-ac1f6b6435d0,12 16 25 0,14 22
d192347c-bbbd-11e8-b2ba-ac1f6b6435d0,25,17 25
d192cf2e-bb9d-11e8-b2b9-ac1f6b6435d0,25 2 0,2
d19558d0-bbb0-11e8-b2ba-ac1f6b6435d0,25 2,2 25
d196b134-bbb1-11e8-b2ba-ac1f6b6435d0,0 21,0 21
d196d336-bbbf-11e8-b2bb-ac1f6b6435d0,1 0,0 1 25
d19b7086-bbb4-11e8-b2ba-ac1f6b6435d0,24,5
d19e4bd4-bba6-11e8-b2ba-ac1f6b6435d0,3,2 3
d19feeba-bb99-11e8-b2b9-ac1f6b6435d0,25 4,4 8
d1a2294a-bbae-11e8-b2ba-ac1f6b6435d0,21,21
d1a2aaea-bbc3-11e8-b2bc-ac1f6b6435d0,2,2
d1a6ab8e-bbca-11e8-b2bc-ac1f6b6435d0,3,3
d1af0768-bbbe-11e8-b2ba-ac1f6b6435d0,0,0
d1b1c37e-bba8-11e8-b2ba-ac1f6b6435d0,2,2
d1b26d28-bbc2-11e8-b2bc-ac1f6b6435d0,9 10,25
d1b31cae-bb9b-11e8-b2b9-ac1f6b6435d0,21,21
d1b563c6-bba8-11e8-b2ba-ac1f6b6435d0,1,1 25
d1bba346-bbc4-11e8-b2bc-ac1f6b6435d0,25 17,25
d1bbf6c2-bbc2-11e8-b2bc-ac1f6b6435d0,7 0,0 7
d1bc5806-bbc7-11e8-b2bc-ac1f6b6435d0,5,0 25
d1bdfbda-bba8-11e8-b2ba-ac1f6b6435d0,7,7
d1c064f4-bba0-11e8-b2b9-ac1f6b6435d0,23 0,0 6 23
d1c40530-bbc5-11e8-b2bc-ac1f6b6435d0,7 0,0 7
d1c503d6-bb9d-11e8-b2b9-ac1f6b6435d0,12 2,2 12
d1cd7db6-bbb8-11e8-b2ba-ac1f6b6435d0,25,18
d1cec80c-bbb2-11e8-b2ba-ac1f6b6435d0,21,21
d1d2d550-bba3-11e8-b2b9-ac1f6b6435d0,0,0
d1d467a4-bbb6-11e8-b2ba-ac1f6b6435d0,3,2 3
d1d4f286-bbbc-11e8-b2ba-ac1f6b6435d0,0,0
d1d8bf3c-bbb3-11e8-b2ba-ac1f6b6435d0,7,7
d1d93bce-bbc7-11e8-b2bc-ac1f6b6435d0,25 4,4 25
d1d9c0e2-bbb0-11e8-b2ba-ac1f6b6435d0,23 0,0 23
d1db81d2-bba3-11e8-b2b9-ac1f6b6435d0,24 18,24
d1df6ea4-bba9-11e8-b2ba-ac1f6b6435d0,25 0,0
d1df75fc-bbc7-11e8-b2bc-ac1f6b6435d0,25 0 21,21 25
d1e0a344-bbc9-11e8-b2bc-ac1f6b6435d0,25 14 2,0 2 14 25
d1e5315a-bbb2-11e8-b2ba-ac1f6b6435d0,8,7
d1ecd0e6-bbb6-11e8-b2ba-ac1f6b6435d0,24 25 0,0 25
d1ed9c78-bb99-11e8-b2b9-ac1f6b6435d0,25,25
d1f08940-bbaf-11e8-b2ba-ac1f6b6435d0,3 0,0 3
d1f3d918-bb9d-11e8-b2b9-ac1f6b6435d0,2 0,0 2
d1f5bd38-bbbf-11e8-b2bb-ac1f6b6435d0,4,4 25
d1f92aee-bbc0-11e8-b2bb-ac1f6b6435d0,25 5,5 25
d1f973e0-bbb2-11e8-b2ba-ac1f6b6435d0,13,13
d1fcd9f6-bbb0-11e8-b2ba-ac1f6b6435d0,25 23,11
d1fef6cc-bbca-11e8-b2bc-ac1f6b6435d0,1 21,1 21 25
d1ffda40-bb9a-11e8-b2b9-ac1f6b6435d0,11,21
d2041918-bbac-11e8-b2ba-ac1f6b6435d0,7 16,7
d2049416-bb9c-11e8-b2b9-ac1f6b6435d0,5,2 7
d2069acc-bbb0-11e8-b2ba-ac1f6b6435d0,7 0,0 7
d206ffe0-bbb4-11e8-b2ba-ac1f6b6435d0,23 21,14
d20d0f3a-bba9-11e8-b2ba-ac1f6b6435d0,25 0,0 25
d20e64da-bbb7-11e8-b2ba-ac1f6b6435d0,7 0,0 7
d20f26ee-bba9-11e8-b2ba-ac1f6b6435d0,0,0
d21005bc-bbc4-11e8-b2bc-ac1f6b6435d0,14,14
d21085bc-bbc6-11e8-b2bc-ac1f6b6435d0,16 14 4,0 14 16
d211ac14-bbc4-11e8-b2bc-ac1f6b6435d0,21,25
d2128d7e-bbaa-11e8-b2ba-ac1f6b6435d0,25 13 0,0 13
d2145170-bbb6-11e8-b2ba-ac1f6b6435d0,4,4
d21503ec-bbb4-11e8-b2ba-ac1f6b6435d0,25 7 2,2 7 25
d219c1f0-bbac-11e8-b2ba-ac1f6b6435d0,1 2,1 2
d21b8fac-bbbc-11e8-b2ba-ac1f6b6435d0,14,14 25
d21c0152-bbc7-11e8-b2bc-ac1f6b6435d0,5 21,5 21
d21c1bea-bbb5-11e8-b2ba-ac1f6b6435d0,19,7
d21fc324-bba8-11e8-b2ba-ac1f6b6435d0,25 13 0 21,0 12 13 25
d22182cc-bbc6-11e8-b2bc-ac1f6b6435d0,19,19
d22196b2-bbae-11e8-b2ba-ac1f6b6435d0,14,25
d2224698-bbae-11e8-b2ba-ac1f6b6435d0,22 0,26
d2263694-bbb9-11e8-b2ba-ac1f6b6435d0,19,19
d2268df4-bbca-11e8-b2bc-ac1f6b6435d0,0 21,0
d226fee4-bbaa-11e8-b2ba-ac1f6b6435d0,25 23,25
d22ae7b6-bbaa-11e8-b2ba-ac1f6b6435d0,5 0 21,0 5
d22cca4a-bba5-11e8-b2ba-ac1f6b6435d0,0,0
d22ddca2-bbbc-11e8-b2ba-ac1f6b6435d0,12 0,0 12 21 25
d22e2232-bbaa-11e8-b2ba-ac1f6b6435d0,14 21,14 21
d232c184-bbc8-11e8-b2bc-ac1f6b6435d0,0 21,0 21
d233a32a-bba9-11e8-b2ba-ac1f6b6435d0,1 0,0 1
d235ee02-bbc5-11e8-b2bc-ac1f6b6435d0,25,0 25
d239c69a-bbb0-11e8-b2ba-ac1f6b6435d0,22 25 0,0 25
d23de764-bbb7-11e8-b2ba-ac1f6b6435d0,7 21,21
d23eb996-bba8-11e8-b2ba-ac1f6b6435d0,25 5 0,0 25
d23ebbda-bba3-11e8-b2b9-ac1f6b6435d0,20 0,0
d23ed0c6-bbc0-11e8-b2bb-ac1f6b6435d0,0 21,13 21
d2402f90-bb9b-11e8-b2b9-ac1f6b6435d0,22 2,22
d2410924-bbc8-11e8-b2bc-ac1f6b6435d0,16 25 2,25
d2414c74-bb9e-11e8-b2b9-ac1f6b6435d0,16 25,16 25
d2424050-bba5-11e8-b2ba-ac1f6b6435d0,25 2,2 25
d243a9b6-bbc5-11e8-b2bc-ac1f6b6435d0,16 17 0,0
d24529e0-bba6-11e8-b2ba-ac1f6b6435d0,21,21 25
d2452d58-bbbc-11e8-b2ba-ac1f6b6435d0,4,4
d2481912-bbb9-11e8-b2ba-ac1f6b6435d0,4,4
d249182a-bbba-11e8-b2ba-ac1f6b6435d0,22 25 0,0 19 25
d24abe54-bbbb-11e8-b2ba-ac1f6b6435d0,23 0,0 23
d24ac30a-bbb0-11e8-b2ba-ac1f6b6435d0,5,5
d24b29ba-bb9e-11e8-b2b9-ac1f6b6435d0,4,4
d250649a-bbab-11e8-b2ba-ac1f6b6435d0,21,21
d2520df0-bbc3-11e8-b2bc-ac1f6b6435d0,25 14 2,2 14 25
d252621c-bbb1-11e8-b2ba-ac1f6b6435d0,0,0 25
d252843a-bba8-11e8-b2ba-ac1f6b6435d0,7,7
d25305ec-bbba-11e8-b2ba-ac1f6b6435d0,2,2
d256b588-bbc5-11e8-b2bc-ac1f6b6435d0,14 0,5 14
d256db72-bbbf-11e8-b2bb-ac1f6b6435d0,2,2
d25886a8-bba5-11e8-b2ba-ac1f6b6435d0,13 0,0 13
d2589732-bbba-11e8-b2ba-ac1f6b6435d0,21,25
d258ee8e-bbca-11e8-b2bc-ac1f6b6435d0,19,19
d25a5812-bb9f-11e8-b2b9-ac1f6b6435d0,13 21,13 21 22
d25d0d04-bb9b-11e8-b2b9-ac1f6b6435d0,25 0 21,0 1 21 25
d25d356e-bbae-11e8-b2ba-ac1f6b6435d0,5,5
d26089ea-bbbc-11e8-b2ba-ac1f6b6435d0,3,3
d261cf9e-bbbc-11e8-b2ba-ac1f6b6435d0,2,2
d261d71e-bbad-11e8-b2ba-ac1f6b6435d0,13 21,26
d2659cfe-bbbd-11e8-b2ba-ac1f6b6435d0,25 0,0 25
d265da80-bbbc-11e8-b2ba-ac1f6b6435d0,2 0,0 2
d26cf99c-bbc0-11e8-b2bb-ac1f6b6435d0,25 21,16 21 25
d26d617a-bbc5-11e8-b2bc-ac1f6b6435d0,0,0 19
d26ec24a-bba7-11e8-b2ba-ac1f6b6435d0,7,7
d26f46a8-bbb0-11e8-b2ba-ac1f6b6435d0,23,0 18 21
d274ed3a-bbc2-11e8-b2bc-ac1f6b6435d0,6,6
d276c67a-bbc5-11e8-b2bc-ac1f6b6435d0,7 0,7
d276ccd4-bbba-11e8-b2ba-ac1f6b6435d0,23 0,0 23
d2788544-bb9a-11e8-b2b9-ac1f6b6435d0,26 5,5
d279809a-bbc0-11e8-b2bb-ac1f6b6435d0,2 21,2
d279ab52-bbba-11e8-b2ba-ac1f6b6435d0,19 25,6 25
d27d6ad8-bbb7-11e8-b2ba-ac1f6b6435d0,7,2
d27dafbe-bbc3-11e8-b2bc-ac1f6b6435d0,23,23
d27f7b0c-bb99-11e8-b2b9-ac1f6b6435d0,23 0,0 23
d286cfea-bbaa-11e8-b2ba-ac1f6b6435d0,25 0,0 25
d286dd90-bba6-11e8-b2ba-ac1f6b6435d0,12 0,0 21
d288b4ce-bbbc-11e8-b2ba-ac1f6b6435d0,4,4
d28944b4-bbb4-11e8-b2ba-ac1f6b6435d0,1 3,0 1
d28aec86-bbc0-11e8-b2bb-ac1f6b6435d0,25 0,0
d28b876a-bb9b-11e8-b2b9-ac1f6b6435d0,23,23
d28cabac-bbac-11e8-b2ba-ac1f6b6435d0,23,23
d28dec4e-bbc3-11e8-b2bc-ac1f6b6435d0,2,21
d28ea1da-bbc2-11e8-b2bc-ac1f6b6435d0,11,11
d28f517e-bbb4-11e8-b2ba-ac1f6b6435d0,11,18
d291946e-bba2-11e8-b2b9-ac1f6b6435d0,5,5
d2927452-bbba-11e8-b2ba-ac1f6b6435d0,23,23
d2939f6c-bbbf-11e8-b2bb-ac1f6b6435d0,0 21,0 5 25
d2960b06-bbc1-11e8-b2bb-ac1f6b6435d0,4,4
d29c3b1e-bbaa-11e8-b2ba-ac1f6b6435d0,0,0
d29cd1f8-bbc0-11e8-b2bb-ac1f6b6435d0,0,0
d2a14a26-bbac-11e8-b2ba-ac1f6b6435d0,4 0,0
d2a910ae-bba6-11e8-b2ba-ac1f6b6435d0,1,1 25
d2ab65aa-bba3-11e8-b2b9-ac1f6b6435d0,3,3
d2ac5e9a-bbbe-11e8-b2ba-ac1f6b6435d0,1,1 25
d2ad8154-bbb3-11e8-b2ba-ac1f6b6435d0,25 0,0 21 25
d2af852c-bbc1-11e8-b2bb-ac1f6b6435d0,5,7
d2b0a0f2-bbbb-11e8-b2ba-ac1f6b6435d0,0,0
d2b37fa2-bba7-11e8-b2ba-ac1f6b6435d0,5,5
d2b56468-bba5-11e8-b2ba-ac1f6b6435d0,0,0 26
d2b5d9ca-bbc8-11e8-b2bc-ac1f6b6435d0,25 4,0 25
d2bf0d64-bbab-11e8-b2ba-ac1f6b6435d0,3,3
d2c1f3a4-bbbe-11e8-b2ba-ac1f6b6435d0,7 0 21,0 11 21 25
d2c62b6c-bbbf-11e8-b2bb-ac1f6b6435d0,23 2,2
d2c8fc4c-bbc5-11e8-b2bc-ac1f6b6435d0,26,26
d2d06cd6-bbb9-11e8-b2ba-ac1f6b6435d0,12,0 13 21
d2d0f44a-bbc7-11e8-b2bc-ac1f6b6435d0,7 0,3
d2d0fecc-bba4-11e8-b2ba-ac1f6b6435d0,18 0,0
d2d2f48e-bba9-11e8-b2ba-ac1f6b6435d0,25,25
d2d2ffa4-bbba-11e8-b2ba-ac1f6b6435d0,25 7 5,5 7
d2d650a6-bbb4-11e8-b2ba-ac1f6b6435d0,25 11,11 25
d2d6b85e-bbad-11e8-b2ba-ac1f6b6435d0,11,11
d2d74746-bbb3-11e8-b2ba-ac1f6b6435d0,24 5,5 24
d2da40fc-bb9c-11e8-b2b9-ac1f6b6435d0,25,25
d2dbb028-bbaf-11e8-b2ba-ac1f6b6435d0,0,0
d2df89a4-bbb5-11e8-b2ba-ac1f6b6435d0,25 5 2,25
d2e4ea36-bba9-11e8-b2ba-ac1f6b6435d0,11,11
d2e56ad8-bbc7-11e8-b2bc-ac1f6b6435d0,25 11,11 25
d2e58cf6-bba0-11e8-b2b9-ac1f6b6435d0,0,0
d2e83bbe-bbae-11e8-b2ba-ac1f6b6435d0,3,2 25
d2e95cae-bbc4-11e8-b2bc-ac1f6b6435d0,14,14
d2ea5ffe-bbb1-11e8-b2ba-ac1f6b6435d0,12 25 21,12 21
d2eaf8de-bba6-11e8-b2ba-ac1f6b6435d0,7,0 7
d2ecea64-bbc3-11e8-b2bc-ac1f6b6435d0,7 0,0
d2ed3a36-bbc4-11e8-b2bc-ac1f6b6435d0,5,5
d2f39418-bbbe-11e8-b2ba-ac1f6b6435d0,2 0,0 2
d2f4b4da-bbb2-11e8-b2ba-ac1f6b6435d0,24 25,21 24 25
d2f6703e-bbaa-11e8-b2ba-ac1f6b6435d0,3,3
d2f7f2a0-bbab-11e8-b2ba-ac1f6b6435d0,0,0
d2fce7a2-bbc8-11e8-b2bc-ac1f6b6435d0,0,0
d302d470-bba8-11e8-b2ba-ac1f6b6435d0,23,23
d302fda0-bbb3-11e8-b2ba-ac1f6b6435d0,23,23
d304602e-bbc1-11e8-b2bb-ac1f6b6435d0,19 0,1
d3069052-bbca-11e8-b2bc-ac1f6b6435d0,19,25
d30a19f6-bba8-11e8-b2ba-ac1f6b6435d0,25 7,7 25
d30abb04-bbb7-11e8-b2ba-ac1f6b6435d0,25 2 0,0 2 25
d30ac66a-bbbe-11e8-b2ba-ac1f6b6435d0,25 0,4 26
d310b01a-bba1-11e8-b2b9-ac1f6b6435d0,26,25 26
d311193c-bbc5-11e8-b2bc-ac1f6b6435d0,11,25
d311df70-bbc5-11e8-b2bc-ac1f6b6435d0,25 5,0 25
d313dbfc-bbbd-11e8-b2ba-ac1f6b6435d0,25 7,7 21
d316ab48-bbae-11e8-b2ba-ac1f6b6435d0,0,0
d318dec4-bbca-11e8-b2bc-ac1f6b6435d0,13,13
d31bdf1c-bbba-11e8-b2ba-ac1f6b6435d0,0,0
d31c1b1a-bbb7-11e8-b2ba-ac1f6b6435d0,19,5
d31d0520-bba3-11e8-b2b9-ac1f6b6435d0,12,12
d31e15de-bb9c-11e8-b2b9-ac1f6b6435d0,14,14
d31e9114-bbc2-11e8-b2bc-ac1f6b6435d0,21,0 21
d322d8b6-bba2-11e8-b2b9-ac1f6b6435d0,25 4 3 21,3 25
d3266074-bb9f-11e8-b2b9-ac1f6b6435d0,7,7
d32bf1a2-bbb2-11e8-b2ba-ac1f6b6435d0,4,4
d32d7776-bbc5-11e8-b2bc-ac1f6b6435d0,21,21 22
d3365b06-bbbc-11e8-b2ba-ac1f6b6435d0,0,0
d3390948-bba6-11e8-b2ba-ac1f6b6435d0,25 0,0 25
d33ad58a-bbaa-11e8-b2ba-ac1f6b6435d0,11,11
d33b61ca-bba1-11e8-b2b9-ac1f6b6435d0,3,3
d33d41c2-bbbd-11e8-b2ba-ac1f6b6435d0,25 11 2 0,25
d3421a18-bb99-11e8-b2b9-ac1f6b6435d0,23,23
d343bf90-bbac-11e8-b2ba-ac1f6b6435d0,7 0,0 20 23
d34405fa-bbb0-11e8-b2ba-ac1f6b6435d0,0 21,0 21
d3469770-bbb0-11e8-b2ba-ac1f6b6435d0,5,5
d3485736-bbb5-11e8-b2ba-ac1f6b6435d0,5,5
d349258e-bbbb-11e8-b2ba-ac1f6b6435d0,2 21,6 25
d3497362-bbad-11e8-b2ba-ac1f6b6435d0,4,4
d34a0006-bb9a-11e8-b2b9-ac1f6b6435d0,3,3
d34a9a64-bbab-11e8-b2ba-ac1f6b6435d0,4,4
d34b2912-bbaa-11e8-b2ba-ac1f6b6435d0,25,25
d3508d9a-bba9-11e8-b2ba-ac1f6b6435d0,7,7 23
d351c59e-bbb2-11e8-b2ba-ac1f6b6435d0,25,25
d3542292-bbaf-11e8-b2ba-ac1f6b6435d0,7,7
d357bf52-bba9-11e8-b2ba-ac1f6b6435d0,25 0,5 25
d35993c2-bbb8-11e8-b2ba-ac1f6b6435d0,25 0,0 25
d35cb186-bbb5-11e8-b2ba-ac1f6b6435d0,4,0 4
d362f4ca-bb9b-11e8-b2b9-ac1f6b6435d0,25,25
d36433ac-bbb0-11e8-b2ba-ac1f6b6435d0,16 25 0,0 16 25
d3661a2a-bba9-11e8-b2ba-ac1f6b6435d0,1 0,0 1
d366ad5c-bbb6-11e8-b2ba-ac1f6b6435d0,25,25
d366dc02-bbbe-11e8-b2ba-ac1f6b6435d0,25,23 25
d367bc0a-bbb2-11e8-b2ba-ac1f6b6435d0,24,24
d367d334-bb9e-11e8-b2b9-ac1f6b6435d0,7,7
d368692c-bba6-11e8-b2ba-ac1f6b6435d0,21,19 25
d36938b8-bba4-11e8-b2ba-ac1f6b6435d0,7 0,0 2 7
d369a6b4-bbc6-11e8-b2bc-ac1f6b6435d0,23,23
d36ab2d2-bba5-11e8-b2ba-ac1f6b6435d0,23,23
d36befb0-bba2-11e8-b2b9-ac1f6b6435d0,2,2
d36efb9a-bb9f-11e8-b2b9-ac1f6b6435d0,25 0 21,0 25
d36f1ab6-bbbe-11e8-b2ba-ac1f6b6435d0,0,0
d36f36b6-bbb1-11e8-b2ba-ac1f6b6435d0,14 3 0,0 3 14
d36f519c-bba6-11e8-b2ba-ac1f6b6435d0,0,0 21
d36fcd2e-bba7-11e8-b2ba-ac1f6b6435d0,4,4
d3702c08-bbc8-11e8-b2bc-ac1f6b6435d0,21,21 22
d37097a4-bba2-11e8-b2b9-ac1f6b6435d0,1 4,4
d3712048-bbbb-11e8-b2ba-ac1f6b6435d0,18,19
d3724dec-bbc0-11e8-b2bb-ac1f6b6435d0,14 0,0 19
d372be8a-bba2-11e8-b2b9-ac1f6b6435d0,4,4
d3776440-bbbf-11e8-b2bb-ac1f6b6435d0,25 2,2 21 25
d3784aaa-bba0-11e8-b2b9-ac1f6b6435d0,25 2 0,0 2 25
d378a9aa-bbb4-11e8-b2ba-ac1f6b6435d0,23 0,21
d378dd48-bbab-11e8-b2ba-ac1f6b6435d0,14 0,0 14
d37ab2c6-bbb0-11e8-b2ba-ac1f6b6435d0,25 0,25
d37c882c-bbb9-11e8-b2ba-ac1f6b6435d0,4,0 25
d37e38a6-bbb0-11e8-b2ba-ac1f6b6435d0,0 21,0 4 21
d37fc7d6-bba9-11e8-b2ba-ac1f6b6435d0,12 4,12
d37fe264-bbb0-11e8-b2ba-ac1f6b6435d0,25 6 2,2 6
d3849c42-bbb9-11e8-b2ba-ac1f6b6435d0,25,0 25
d3877738-bbb3-11e8-b2ba-ac1f6b6435d0,4,4
d3878b26-bbb6-11e8-b2ba-ac1f6b6435d0,23 0,0 25
d387b848-bba8-11e8-b2ba-ac1f6b6435d0,2 0,2
d390151a-bbc1-11e8-b2bb-ac1f6b6435d0,5,5
d3998a48-bba6-11e8-b2ba-ac1f6b6435d0,14 0,0 14
d39b7492-bbca-11e8-b2bc-ac1f6b6435d0,25 7,6 7
d39c200a-bbb5-11e8-b2ba-ac1f6b6435d0,23 2,2 23
d39ce426-bba7-11e8-b2ba-ac1f6b6435d0,13 21,13 21
d3a2524c-bb9a-11e8-b2b9-ac1f6b6435d0,25,25
d3a49e54-bba3-11e8-b2b9-ac1f6b6435d0,5 1,1
d3a7a37e-bbad-11e8-b2ba-ac1f6b6435d0,0,0 2 5
d3a86940-bba2-11e8-b2b9-ac1f6b6435d0,25,25
d3a8b21c-bba5-11e8-b2ba-ac1f6b6435d0,25 17 0,0 25
d3a90a00-bbb9-11e8-b2ba-ac1f6b6435d0,0,0
d3a92438-bbc6-11e8-b2bc-ac1f6b6435d0,3,0
d3ab7240-bb9b-11e8-b2b9-ac1f6b6435d0,14,14
d3aea31a-bbba-11e8-b2ba-ac1f6b6435d0,4,4
d3b19cb0-bbb9-11e8-b2ba-ac1f6b6435d0,6,6 21
d3b238fe-bbb5-11e8-b2ba-ac1f6b6435d0,23 2,2 23
d3b252a4-bba0-11e8-b2b9-ac1f6b6435d0,18,18 19
d3b44518-bb9c-11e8-b2b9-ac1f6b6435d0,2,21
d3b6abd6-bbac-11e8-b2ba-ac1f6b6435d0,25 23 0,0 25
d3b93214-bba9-11e8-b2ba-ac1f6b6435d0,16 14 5,0 14
d3bf3a52-bba8-11e8-b2ba-ac1f6b6435d0,7 0,0 7
d3cfc1da-bbba-11e8-b2ba-ac1f6b6435d0,25 21,0 5 21 25
d3d05ea8-bb9a-11e8-b2b9-ac1f6b6435d0,25 6,25
d3d229ea-bb9f-11e8-b2b9-ac1f6b6435d0,18,18
d3d46666-bbc6-11e8-b2bc-ac1f6b6435d0,25,25
d3da82c4-bbc8-11e8-b2bc-ac1f6b6435d0,1,1
d3db61e0-bbb3-11e8-b2ba-ac1f6b6435d0,25 0,0 25
d3dc4f08-bba2-11e8-b2b9-ac1f6b6435d0,0,0 25
d3dcc7ee-bbac-11e8-b2ba-ac1f6b6435d0,22 0,0
d3e56a3c-bbae-11e8-b2ba-ac1f6b6435d0,5 21,5
d3ec49dc-bbaa-11e8-b2ba-ac1f6b6435d0,21,21
d3f33330-bbca-11e8-b2bc-ac1f6b6435d0,25 21,13 21 25
d3f44380-bbc3-11e8-b2bc-ac1f6b6435d0,5 0,0
d3f872bc-bba4-11e8-b2ba-ac1f6b6435d0,5,5
d3f9ad68-bbc1-11e8-b2bb-ac1f6b6435d0,20 0,20
d3fa6bbc-bba4-11e8-b2ba-ac1f6b6435d0,25,25
d3fec17c-bb9e-11e8-b2b9-ac1f6b6435d0,23,23
d40151ca-bb9a-11e8-b2b9-ac1f6b6435d0,7 0 21,0 21 22
d40ae42e-bbae-11e8-b2ba-ac1f6b6435d0,19 25,18 19 25
d40c1b12-bbbf-11e8-b2bb-ac1f6b6435d0,3,3
d40c81c4-bbba-11e8-b2ba-ac1f6b6435d0,2 0,2
d40f3fd8-bba4-11e8-b2ba-ac1f6b6435d0,0 21,21
d4148b72-bbc8-11e8-b2bc-ac1f6b6435d0,2,2
d4152fbc-bbbb-11e8-b2ba-ac1f6b6435d0,25 5 0,0 21
d415ced0-bbb2-11e8-b2ba-ac1f6b6435d0,25 1,1 14
d4164274-bb9f-11e8-b2b9-ac1f6b6435d0,2,21
d4169c7e-bba9-11e8-b2ba-ac1f6b6435d0,25,0 2 25
d41705a4-bbba-11e8-b2ba-ac1f6b6435d0,4,4
d417cbe0-bbc6-11e8-b2bc-ac1f6b6435d0,24,24
d4195cdc-bbc9-11e8-b2bc-ac1f6b6435d0,13,13 25
d42056a4-bbb0-11e8-b2ba-ac1f6b6435d0,22 25,6 25
d42070da-bbc4-11e8-b2bc-ac1f6b6435d0,2,2
d425b228-bbc1-11e8-b2bb-ac1f6b6435d0,25 14,25
d426195e-bbb0-11e8-b2ba-ac1f6b6435d0,11 0,0 11
d42816a0-bbb5-11e8-b2ba-ac1f6b6435d0,23,0 7
d429c208-bbc3-11e8-b2bc-ac1f6b6435d0,14,14
d42f5208-bba6-11e8-b2ba-ac1f6b6435d0,0,0
d430c80e-bb9c-11e8-b2b9-ac1f6b6435d0,14 2,2 14
d4323d5a-bb9d-11e8-b2b9-ac1f6b6435d0,1 2,1 2
d43799be-bbaf-11e8-b2ba-ac1f6b6435d0,22,22
d43b84ca-bbc3-11e8-b2bc-ac1f6b6435d0,11,21
d43eeffa-bbb6-11e8-b2ba-ac1f6b6435d0,23 0,0 23
d4422718-bbae-11e8-b2ba-ac1f6b6435d0,19,19
d445b30e-bbbf-11e8-b2bb-ac1f6b6435d0,2 0,0 25
d44696e0-bbb3-11e8-b2ba-ac1f6b6435d0,3,0 3
d446d566-bbbc-11e8-b2ba-ac1f6b6435d0,0,0
d447da5a-bbbd-11e8-b2ba-ac1f6b6435d0,24 11,11 24
d44b14aa-bb99-11e8-b2b9-ac1f6b6435d0,25,6
d44d6ac6-bbbb-11e8-b2ba-ac1f6b6435d0,0,0
d44f260a-bba1-11e8-b2b9-ac1f6b6435d0,0,0
d454945c-bbbd-11e8-b2ba-ac1f6b6435d0,12,12 25
d45b6808-bbbe-11e8-b2ba-ac1f6b6435d0,5 0,5 25
d45eba4e-bbbe-11e8-b2ba-ac1f6b6435d0,0,0
d45ebfa4-bbae-11e8-b2ba-ac1f6b6435d0,14 3,3 14 25
d45eee5e-bbc0-11e8-b2bb-ac1f6b6435d0,0 21,0 21 25
d46274ec-bbc6-11e8-b2bc-ac1f6b6435d0,25 2 0,0 2 25
d4628aba-bba1-11e8-b2b9-ac1f6b6435d0,25 18 1 0,19
d4651dfe-bbbd-11e8-b2ba-ac1f6b6435d0,23 0,0 2 23
d468a394-bbad-11e8-b2ba-ac1f6b6435d0,25 7,7 25
d469d8ce-bbc4-11e8-b2bc-ac1f6b6435d0,2,2
d469e832-bbc4-11e8-b2bc-ac1f6b6435d0,21,21
d46a127a-bbac-11e8-b2ba-ac1f6b6435d0,2 0,2
d46a1b14-bbbe-11e8-b2ba-ac1f6b6435d0,7 0,7
d46ab1c0-bb9e-11e8-b2b9-ac1f6b6435d0,1 2,0 1
d46f8d9e-bbb2-11e8-b2ba-ac1f6b6435d0,19 2 0 21,0 21
d475e0ba-bbba-11e8-b2ba-ac1f6b6435d0,21,21
d4778282-bbc2-11e8-b2bc-ac1f6b6435d0,14 0,0 14
d47b83b8-bb9b-11e8-b2b9-ac1f6b6435d0,25 2 0,25
d47ce26a-bbc5-11e8-b2bc-ac1f6b6435d0,0,0
d47d6a6c-bbb8-11e8-b2ba-ac1f6b6435d0,4,4
d47dc32a-bbb0-11e8-b2ba-ac1f6b6435d0,25,11
d47f4744-bbac-11e8-b2ba-ac1f6b6435d0,3,3
d481375e-bb9b-11e8-b2b9-ac1f6b6435d0,3 0,0 3
d4824aa8-bba6-11e8-b2ba-ac1f6b6435d0,25 6 0,0 6 25
d48420a2-bbb1-11e8-b2ba-ac1f6b6435d0,0,0
d489ae7e-bbc9-11e8-b2bc-ac1f6b6435d0,21,21 25
d48ebd00-bbca-11e8-b2bc-ac1f6b6435d0,5,5
d490310e-bb9c-11e8-b2b9-ac1f6b6435d0,26 0,0
d490dd5c-bbb5-11e8-b2ba-ac1f6b6435d0,22 0,0 22
d4926a38-bb9b-11e8-b2b9-ac1f6b6435d0,25 0,0 25
d49294f8-bbbf-11e8-b2bb-ac1f6b6435d0,7 0,0 7
d492a4e8-bb9c-11e8-b2b9-ac1f6b6435d0,7,7
d4937122-bb9f-11e8-b2b9-ac1f6b6435d0,5,5
d4941302-bb9f-11e8-b2b9-ac1f6b6435d0,0,0
d49693e2-bbb9-11e8-b2ba-ac1f6b6435d0,14 0,0 14 16
d4977b3e-bbca-11e8-b2bc-ac1f6b6435d0,6,6
d497d486-bbc4-11e8-b2bc-ac1f6b6435d0,4,0
d49c641e-bba2-11e8-b2b9-ac1f6b6435d0,7 5 0,0 5 7
d4a39d74-bba7-11e8-b2ba-ac1f6b6435d0,3 0,0 3
d4a41676-bbae-11e8-b2ba-ac1f6b6435d0,2 0,0 2
d4a42542-bbb5-11e8-b2ba-ac1f6b6435d0,25 0 21,0 25
d4a4b40e-bbb9-11e8-b2ba-ac1f6b6435d0,7,7
d4a65b54-bbca-11e8-b2bc-ac1f6b6435d0,0,0
d4a960a2-bbbf-11e8-b2bb-ac1f6b6435d0,25 21,5 7 25
d4a96382-bbb4-11e8-b2ba-ac1f6b6435d0,25 11,11 25
d4ac112e-bbb2-11e8-b2ba-ac1f6b6435d0,12,12 25
d4b0c346-bb9d-11e8-b2b9-ac1f6b6435d0,6 21,21
d4b13b7e-bbb5-11e8-b2ba-ac1f6b6435d0,0,0
d4b24a94-bbbc-11e8-b2ba-ac1f6b6435d0,5,5
d4b4dfae-bb9c-11e8-b2b9-ac1f6b6435d0,7 0,0 7
d4b90da2-bba3-11e8-b2b9-ac1f6b6435d0,22 0,0 21 25
d4baf6be-bbbf-11e8-b2bb-ac1f6b6435d0,5 0,0 5
d4bbc80a-bbc9-11e8-b2bc-ac1f6b6435d0,23 3,23
d4bde892-bbab-11e8-b2ba-ac1f6b6435d0,5,5
d4beadb4-bbb4-11e8-b2ba-ac1f6b6435d0,19 0,0 19
d4bf0530-bbb3-11e8-b2ba-ac1f6b6435d0,3 0,0 2 3
d4bf4082-bbb7-11e8-b2ba-ac1f6b6435d0,16 0,0 16
d4c36bb2-bbc6-11e8-b2bc-ac1f6b6435d0,22 2 0,0 2 22
d4c5a3f2-bba6-11e8-b2ba-ac1f6b6435d0,25 0,0 25
d4c5bdf2-bbc3-11e8-b2bc-ac1f6b6435d0,7 0 21,0 21
d4c92926-bbb2-11e8-b2ba-ac1f6b6435d0,2,2
d4cb6164-bb99-11e8-b2b9-ac1f6b6435d0,7 0,0 7
d4cb808e-bbb9-11e8-b2ba-ac1f6b6435d0,21,21
d4cbc346-bbaa-11e8-b2ba-ac1f6b6435d0,5,5 25
d4cce498-bbc7-11e8-b2bc-ac1f6b6435d0,23,23
d4cd6666-bbc7-11e8-b2bc-ac1f6b6435d0,7 2,2 25
d4cec302-bbc3-11e8-b2bc-ac1f6b6435d0,23 2 21,2 21 23
d4ced928-bba0-11e8-b2b9-ac1f6b6435d0,0 21,21 25
d4d09086-bb9d-11e8-b2b9-ac1f6b6435d0,5,5
d4d110bc-bbc8-11e8-b2bc-ac1f6b6435d0,4,4
d4d14784-bbc9-11e8-b2bc-ac1f6b6435d0,2,2
d4d1dc20-bba2-11e8-b2b9-ac1f6b6435d0,23 2,2 7
d4d4f3fa-bbb2-11e8-b2ba-ac1f6b6435d0,13,13
d4d612da-bbb7-11e8-b2ba-ac1f6b6435d0,25,25
d4d73d60-bba1-11e8-b2b9-ac1f6b6435d0,0 21,21 25
d4dd2b10-bbb7-11e8-b2ba-ac1f6b6435d0,25 18,18 24 25
d4dd32ec-bbab-11e8-b2ba-ac1f6b6435d0,7,7
d4dea036-bb9d-11e8-b2b9-ac1f6b6435d0,2 0,0 2
d4df0952-bba4-11e8-b2ba-ac1f6b6435d0,7 0,0 7
d4df2f02-bbb0-11e8-b2ba-ac1f6b6435d0,5,5
d4e14946-bbbe-11e8-b2ba-ac1f6b6435d0,21,21
d4e25b84-bbc2-11e8-b2bc-ac1f6b6435d0,0,0
d4e3ed72-bbaf-11e8-b2ba-ac1f6b6435d0,0,0
d4e41dc0-bbae-11e8-b2ba-ac1f6b6435d0,13 5,0 22
d4e63860-bbbf-11e8-b2bb-ac1f6b6435d0,2,2
d4e78466-bbad-11e8-b2ba-ac1f6b6435d0,1 4,0
d4e887cc-bbc5-11e8-b2bc-ac1f6b6435d0,25 4,4 25
d4f08a14-bbb4-11e8-b2ba-ac1f6b6435d0,1 0,0 1
d4f0cb4a-bbc9-11e8-b2bc-ac1f6b6435d0,13,13
d4f201ee-bba2-11e8-b2b9-ac1f6b6435d0,2 0,5
d4f2241c-bbac-11e8-b2ba-ac1f6b6435d0,25 21,25
d4f39f74-bbbe-11e8-b2ba-ac1f6b6435d0,18,18
d4f41978-bbb8-11e8-b2ba-ac1f6b6435d0,16 14 17,14 17
d4f450fc-bbb6-11e8-b2ba-ac1f6b6435d0,19 0,0 19
d4fa27ec-bba3-11e8-b2b9-ac1f6b6435d0,0,0
d4fab49e-bb9b-11e8-b2b9-ac1f6b6435d0,7 0,0 7
d4fdf2b4-bba8-11e8-b2ba-ac1f6b6435d0,23,23
d4ff2558-bb99-11e8-b2b9-ac1f6b6435d0,2,0 2
d4ff4c36-bba3-11e8-b2b9-ac1f6b6435d0,25 0,25
d5052b30-bbbf-11e8-b2bb-ac1f6b6435d0,3 0,0
d505a08a-bbae-11e8-b2ba-ac1f6b6435d0,25 0,0 25
d5076d80-bbbc-11e8-b2ba-ac1f6b6435d0,25 0 21,0 21 25
d508baf2-bbb5-11e8-b2ba-ac1f6b6435d0,0,0
d50dc4ce-bbc5-11e8-b2bc-ac1f6b6435d0,23,23
d50dc918-bba4-11e8-b2ba-ac1f6b6435d0,24 22,22 24
d5134c00-bbca-11e8-b2bc-ac1f6b6435d0,3,3
d513901e-bbb3-11e8-b2ba-ac1f6b6435d0,25 0,0 25
d51b25f4-bb9a-11e8-b2b9-ac1f6b6435d0,0,0
d51caf74-bb99-11e8-b2b9-ac1f6b6435d0,23,0 23
d51e9b54-bbad-11e8-b2ba-ac1f6b6435d0,21,18 21
d521d5aa-bbc4-11e8-b2bc-ac1f6b6435d0,19,19
d5238852-bbae-11e8-b2ba-ac1f6b6435d0,23,6
d525e266-bbb1-11e8-b2ba-ac1f6b6435d0,5 0,0 5
d527b91e-bbc6-11e8-b2bc-ac1f6b6435d0,19 23,23
d529a9a2-bbb4-11e8-b2ba-ac1f6b6435d0,0,0
d52a06a2-bbca-11e8-b2bc-ac1f6b6435d0,7 0,0 1 7
d52ad638-bbb9-11e8-b2ba-ac1f6b6435d0,25 0,0 19
d52aec1a-bbc1-11e8-b2bb-ac1f6b6435d0,25 0,0
d52b686a-bbb8-11e8-b2ba-ac1f6b6435d0,19,18 19
d530dac0-bbbd-11e8-b2ba-ac1f6b6435d0,22 21,21 22
d53562b0-bbaa-11e8-b2ba-ac1f6b6435d0,11 0,0
d5358e5e-bb9e-11e8-b2b9-ac1f6b6435d0,7,7
d535d5a6-bba5-11e8-b2ba-ac1f6b6435d0,25 0,0 25
d5375e9e-bbaf-11e8-b2ba-ac1f6b6435d0,23 0,0 25
d5385ad4-bbae-11e8-b2ba-ac1f6b6435d0,5,5
d53af674-bba2-11e8-b2b9-ac1f6b6435d0,12 2 21,12 25
d53deb0a-bba6-11e8-b2ba-ac1f6b6435d0,4,4 22
d53f7e70-bba6-11e8-b2ba-ac1f6b6435d0,16 14,14 16 25
d5413b9e-bbb9-11e8-b2ba-ac1f6b6435d0,25 0,0 25
d547368a-bbb8-11e8-b2ba-ac1f6b6435d0,21,21
d548da1c-bb9f-11e8-b2b9-ac1f6b6435d0,25 0,0 23
d54c0e52-bbb4-11e8-b2ba-ac1f6b6435d0,0,0
d54cb288-bbb6-11e8-b2ba-ac1f6b6435d0,21,21 25
d5510e26-bb9f-11e8-b2b9-ac1f6b6435d0,7 0,0 7
d556dcca-bbbd-11e8-b2ba-ac1f6b6435d0,25 5,5 25
d557f8e0-bba8-11e8-b2ba-ac1f6b6435d0,3 0,0 3
d55a7fec-bbb8-11e8-b2ba-ac1f6b6435d0,25 5,0 25
d55ae460-bbc1-11e8-b2bb-ac1f6b6435d0,25 0,0 25
d55e725a-bbbd-11e8-b2ba-ac1f6b6435d0,4,4 21 25
d5615a82-bbc8-11e8-b2bc-ac1f6b6435d0,23 2,2 25
d562725e-bbab-11e8-b2ba-ac1f6b6435d0,0,0
d564da86-bba0-11e8-b2b9-ac1f6b6435d0,26,26
d5667a6a-bbc0-11e8-b2bb-ac1f6b6435d0,23,23
d56b90be-bba1-11e8-b2b9-ac1f6b6435d0,25 0,0 25
d570931e-bbc6-11e8-b2bc-ac1f6b6435d0,5 0,4
d572ac8c-bb9c-11e8-b2b9-ac1f6b6435d0,0,0
d5786ae6-bba1-11e8-b2b9-ac1f6b6435d0,14 3 0,0 3 14
d57b4372-bbb2-11e8-b2ba-ac1f6b6435d0,25 0,0 6 25
d57bc36c-bba6-11e8-b2ba-ac1f6b6435d0,25 13,13 25
d57ce8a6-bbaa-11e8-b2ba-ac1f6b6435d0,14,14
d57e02c2-bba0-11e8-b2b9-ac1f6b6435d0,2 0 21,0 2
d57f1e12-bbbb-11e8-b2ba-ac1f6b6435d0,0 21,0 21
d580d8f0-bb9e-11e8-b2b9-ac1f6b6435d0,2,2 3
d5864476-bbc0-11e8-b2bb-ac1f6b6435d0,2,2
d58ae51c-bbca-11e8-b2bc-ac1f6b6435d0,21,21
d58dbefe-bbbb-11e8-b2ba-ac1f6b6435d0,20,8 9 10 20
d58f9fc8-bbb9-11e8-b2ba-ac1f6b6435d0,25,23
d590e7c4-bbba-11e8-b2ba-ac1f6b6435d0,19 0,0 19
d59722fa-bb9d-11e8-b2b9-ac1f6b6435d0,26 3,26
d59d74b0-bbad-11e8-b2ba-ac1f6b6435d0,4,4
d59ec82a-bba7-11e8-b2ba-ac1f6b6435d0,7,7
d59f40ee-bb9c-11e8-b2b9-ac1f6b6435d0,3,3
d5a05d14-bbb3-11e8-b2ba-ac1f6b6435d0,20 23 0,0 20 23
d5a2bfa0-bb9f-11e8-b2b9-ac1f6b6435d0,0,0
d5a3d7a2-bbc5-11e8-b2bc-ac1f6b6435d0,11 0,0 11 14
d5a51442-bba6-11e8-b2ba-ac1f6b6435d0,25 7,7 25
d5a8f2bc-bba9-11e8-b2ba-ac1f6b6435d0,7 0,0 7
d5aacab2-bbc0-11e8-b2bb-ac1f6b6435d0,19 7 0,0 7
d5abce3a-bba2-11e8-b2b9-ac1f6b6435d0,4,4
d5af32b2-bbc7-11e8-b2bc-ac1f6b6435d0,0,0 25
d5b00cb0-bbad-11e8-b2ba-ac1f6b6435d0,25 7 0,7 25
d5b2515e-bbc7-11e8-b2bc-ac1f6b6435d0,25 0,0 25
d5b74d50-bbb6-11e8-b2ba-ac1f6b6435d0,25 5,0 25
d5b90188-bbc8-11e8-b2bc-ac1f6b6435d0,25 0,0 25
d5bacd3c-bbc4-11e8-b2bc-ac1f6b6435d0,0,0 25
d5bb3b2a-bb9f-11e8-b2b9-ac1f6b6435d0,3,3
d5bc8432-bb9d-11e8-b2b9-ac1f6b6435d0,6,25
d5be7fe2-bbb8-11e8-b2ba-ac1f6b6435d0,7 0,0 7
d5c21206-bbb3-11e8-b2ba-ac1f6b6435d0,0 21,0 19
d5c347b2-bbc6-11e8-b2bc-ac1f6b6435d0,12 21,0 21
d5c45928-bbb1-11e8-b2ba-ac1f6b6435d0,23 0,0 23
d5cc97f6-bbab-11e8-b2ba-ac1f6b6435d0,23,23
d5d11b94-bbad-11e8-b2ba-ac1f6b6435d0,7,7
d5d22446-bbab-11e8-b2ba-ac1f6b6435d0,5,5
d5d26e54-bb99-11e8-b2b9-ac1f6b6435d0,4,4
d5d59992-bbc3-11e8-b2bc-ac1f6b6435d0,25 0,0 25
d5d635dc-bba5-11e8-b2ba-ac1f6b6435d0,6,6
d5d934f2-bbab-11e8-b2ba-ac1f6b6435d0,25 5,5 25
d5ddb830-bbae-11e8-b2ba-ac1f6b6435d0,0,0
d5de60bc-bb9c-11e8-b2b9-ac1f6b6435d0,4,4
d5de7134-bba0-11e8-b2b9-ac1f6b6435d0,25 3 0,3
d5dea876-bba9-11e8-b2ba-ac1f6b6435d0,25,25
d5debbfc-bbbf-11e8-b2bb-ac1f6b6435d0,19 5,5
d5dfd322-bbb8-11e8-b2ba-ac1f6b6435d0,25 18 0,0 18
d5e39e00-bba7-11e8-b2ba-ac1f6b6435d0,6,6
d5e60624-bbb4-11e8-b2ba-ac1f6b6435d0,7 5 0,0 25
d5e64e8a-bbc9-11e8-b2bc-ac1f6b6435d0,0,0
d5e666a0-bbb9-11e8-b2ba-ac1f6b6435d0,0 21,0 7 21
d5e9a9c2-bbb5-11e8-b2ba-ac1f6b6435d0,25,25
d5eb596e-bbad-11e8-b2ba-ac1f6b6435d0,3,3
d5eb87cc-bbb7-11e8-b2ba-ac1f6b6435d0,3,3
d5ef4dc4-bb9b-11e8-b2b9-ac1f6b6435d0,18 23 0 21,23
d5f382b6-bbca-11e8-b2bc-ac1f6b6435d0,25 0,0 25
d5f3a9e6-bbaa-11e8-b2ba-ac1f6b6435d0,23,23
d5f98e56-bbb9-11e8-b2ba-ac1f6b6435d0,25 0,0 25
d5faba0e-bbac-11e8-b2ba-ac1f6b6435d0,23,0 23
d5fccbbe-bbca-11e8-b2bc-ac1f6b6435d0,25 14,25
d5ffec32-bbab-11e8-b2ba-ac1f6b6435d0,5,5
d600ebb8-bbbb-11e8-b2ba-ac1f6b6435d0,2,0 2
d6019650-bbaf-11e8-b2ba-ac1f6b6435d0,0,0
d601f682-bb9f-11e8-b2b9-ac1f6b6435d0,5,0 5
d6046f42-bbbe-11e8-b2ba-ac1f6b6435d0,5 0,5
d605126c-bbb4-11e8-b2ba-ac1f6b6435d0,14,14
d60a20b6-bba7-11e8-b2ba-ac1f6b6435d0,3,3
d60a4720-bbad-11e8-b2ba-ac1f6b6435d0,11 2,2 11
d60aff8c-bba6-11e8-b2ba-ac1f6b6435d0,25 11,21 25
d60b6e92-bbc2-11e8-b2bc-ac1f6b6435d0,11,11
d60e8830-bb9e-11e8-b2b9-ac1f6b6435d0,25 2,3 25
d60fa6ce-bbc2-11e8-b2bc-ac1f6b6435d0,7 4 2,0 2 7
d60fdb32-bbac-11e8-b2ba-ac1f6b6435d0,4,4 25
d6118772-bba5-11e8-b2ba-ac1f6b6435d0,25 14 21,14 21 25
d6137ec6-bbb7-11e8-b2ba-ac1f6b6435d0,2 0,0 2
d6157ba4-bbc1-11e8-b2bb-ac1f6b6435d0,7,7
d617cfcc-bb9d-11e8-b2b9-ac1f6b6435d0,25,25
d61957be-bbbd-11e8-b2ba-ac1f6b6435d0,2 21,2 21
d61ed71c-bb99-11e8-b2b9-ac1f6b6435d0,5,5
d61ef80e-bbb3-11e8-b2ba-ac1f6b6435d0,23,23
d61f2e2a-bbbb-11e8-b2ba-ac1f6b6435d0,0,0 2
d62287d8-bbb5-11e8-b2ba-ac1f6b6435d0,26 0,0 26
d6235c60-bbad-11e8-b2ba-ac1f6b6435d0,7,7
d6258208-bbb5-11e8-b2ba-ac1f6b6435d0,1 0,1
d629b0ca-bbb1-11e8-b2ba-ac1f6b6435d0,14 17,14 17
d62a5752-bbc8-11e8-b2bc-ac1f6b6435d0,23,5 23
d62cdc2a-bbaf-11e8-b2ba-ac1f6b6435d0,21,25
d62e1b86-bbbd-11e8-b2ba-ac1f6b6435d0,9,7
d62ecaac-bb9c-11e8-b2b9-ac1f6b6435d0,5,5
d6338b1a-bbb9-11e8-b2ba-ac1f6b6435d0,0,0
d634b7aa-bbb5-11e8-b2ba-ac1f6b6435d0,14,14
d637637a-bbc8-11e8-b2bc-ac1f6b6435d0,25 0,7 25
d63a0a5e-bbc2-11e8-b2bc-ac1f6b6435d0,25 18,18 25
d63a5930-bba1-11e8-b2b9-ac1f6b6435d0,25,25
d63e8162-bbc0-11e8-b2bb-ac1f6b6435d0,25 6,6 25
d63ff15a-bbac-11e8-b2ba-ac1f6b6435d0,12 25,25
d6429792-bb99-11e8-b2b9-ac1f6b6435d0,5 0,0 25
d6455ce0-bbb5-11e8-b2ba-ac1f6b6435d0,2,21
d648c8ee-bbbf-11e8-b2bb-ac1f6b6435d0,2 0,0
d64dfe7e-bb9f-11e8-b2b9-ac1f6b6435d0,23,23
d64fef1e-bba3-11e8-b2b9-ac1f6b6435d0,5,5
d6501908-bb9e-11e8-b2b9-ac1f6b6435d0,25 0,0 25
d653c7a8-bbb0-11e8-b2ba-ac1f6b6435d0,18,18
d6596e32-bbb1-11e8-b2ba-ac1f6b6435d0,2 0,0 2
d6597964-bbb0-11e8-b2ba-ac1f6b6435d0,18 0,4 25
d65ab0d8-bbae-11e8-b2ba-ac1f6b6435d0,2 0,0 2
d65d3ba6-bba8-11e8-b2ba-ac1f6b6435d0,21,21
d65f61a6-bb9e-11e8-b2b9-ac1f6b6435d0,25 0,0 25
d65f9ab6-bbaf-11e8-b2ba-ac1f6b6435d0,25,25
d65faa0e-bba2-11e8-b2b9-ac1f6b6435d0,19 0,0
d666c9ce-bbbb-11e8-b2ba-ac1f6b6435d0,4,4
d668767a-bb9d-11e8-b2b9-ac1f6b6435d0,19,18
d66b36a4-bba6-11e8-b2ba-ac1f6b6435d0,23,23
d66d872c-bbc6-11e8-b2bc-ac1f6b6435d0,20,20
d66f877c-bbab-11e8-b2ba-ac1f6b6435d0,25 23 0,23
d66fdb54-bbb1-11e8-b2ba-ac1f6b6435d0,0,0
d67119fe-bbae-11e8-b2ba-ac1f6b6435d0,7,7
d67a8f2c-bb9d-11e8-b2b9-ac1f6b6435d0,5 0,0 5 25
d67bb8ce-bbbc-11e8-b2ba-ac1f6b6435d0,0,0 21
d67beb7a-bbc9-11e8-b2bc-ac1f6b6435d0,13 0,0 13
d67d5e62-bba4-11e8-b2ba-ac1f6b6435d0,25,25
d67da706-bbb7-11e8-b2ba-ac1f6b6435d0,12,12 14
d67df8e6-bbc1-11e8-b2bb-ac1f6b6435d0,26,25 26
d67f97aa-bb99-11e8-b2b9-ac1f6b6435d0,0,0 25
d682f354-bbc7-11e8-b2bc-ac1f6b6435d0,6 1 0,0 1 25
d6839504-bbbb-11e8-b2ba-ac1f6b6435d0,0,0
d6841da2-bbb2-11e8-b2ba-ac1f6b6435d0,25 0,0 16 17
d68485cc-bbb6-11e8-b2ba-ac1f6b6435d0,7,7
d684e50c-bbc6-11e8-b2bc-ac1f6b6435d0,18 2,18
d6855b58-bbbd-11e8-b2ba-ac1f6b6435d0,23 4,23
d6860f52-bbbe-11e8-b2ba-ac1f6b6435d0,25 5,5 25
d6865c5c-bb9e-11e8-b2b9-ac1f6b6435d0,19,19
d6872110-bba2-11e8-b2b9-ac1f6b6435d0,25 7,7 25
d688cf90-bb9f-11e8-b2b9-ac1f6b6435d0,26,20
d68a8df0-bbb6-11e8-b2ba-ac1f6b6435d0,4,4
d68e659e-bba0-11e8-b2b9-ac1f6b6435d0,5,5
d68e6d74-bba9-11e8-b2ba-ac1f6b6435d0,18,7
d69099b0-bba3-11e8-b2b9-ac1f6b6435d0,23 3,23
d69375ce-bbb5-11e8-b2ba-ac1f6b6435d0,26,25 26
d695ccea-bbbd-11e8-b2ba-ac1f6b6435d0,2,5
d69be2a0-bbb4-11e8-b2ba-ac1f6b6435d0,19 0,0 25
d69c269c-bbc9-11e8-b2bc-ac1f6b6435d0,25 18,18 19 25
d69c26a8-bbb8-11e8-b2ba-ac1f6b6435d0,11 0,11 25
d6a0186c-bb9a-11e8-b2b9-ac1f6b6435d0,25 0,0 25
d6a2e2bc-bbaa-11e8-b2ba-ac1f6b6435d0,25 6 2,6 25
d6a34dbe-bbc4-11e8-b2bc-ac1f6b6435d0,25 5,5 25
d6a3de74-bbaa-11e8-b2ba-ac1f6b6435d0,6 7,6 25
d6a3fcfe-bbca-11e8-b2bc-ac1f6b6435d0,3 0,0 2
d6a80370-bbc6-11e8-b2bc-ac1f6b6435d0,23 21,25
d6ab2d62-bbc5-11e8-b2bc-ac1f6b6435d0,22 0,0 22
d6ab4fa4-bbbb-11e8-b2ba-ac1f6b6435d0,1 0,1
d6b5e0d4-bb9a-11e8-b2b9-ac1f6b6435d0,25 5,6 25
d6b66bb8-bba8-11e8-b2ba-ac1f6b6435d0,25 4,4
d6b8bc5c-bbbb-11e8-b2ba-ac1f6b6435d0,23,23
d6b9b11a-bbb2-11e8-b2ba-ac1f6b6435d0,21,21
d6bb3c5a-bb9a-11e8-b2b9-ac1f6b6435d0,20,20
d6bf0c5a-bbc1-11e8-b2bb-ac1f6b6435d0,11 0,0 11
d6c5b886-bba1-11e8-b2b9-ac1f6b6435d0,3 0,0 3
d6c65c8a-bba3-11e8-b2b9-ac1f6b6435d0,7,21
d6c94df8-bbaa-11e8-b2ba-ac1f6b6435d0,25 0,0 23
d6cae230-bba5-11e8-b2ba-ac1f6b6435d0,0 21,5 21
d6cb3688-bbb7-11e8-b2ba-ac1f6b6435d0,25 2 0,0 2 25
d6cd2818-bbb6-11e8-b2ba-ac1f6b6435d0,19 25 0,18
d6d09e7a-bba3-11e8-b2b9-ac1f6b6435d0,4,4
d6d27848-bb9f-11e8-b2b9-ac1f6b6435d0,4 21,4 25
d6d6b922-bba8-11e8-b2ba-ac1f6b6435d0,3,3
d6d6ed46-bbc8-11e8-b2bc-ac1f6b6435d0,4,4
d6d70434-bbb4-11e8-b2ba-ac1f6b6435d0,2,2
d6db0ce2-bba9-11e8-b2ba-ac1f6b6435d0,4,4
d6db934e-bbac-11e8-b2ba-ac1f6b6435d0,0,0
d6dda058-bbc5-11e8-b2bc-ac1f6b6435d0,0,0
d6e42fe4-bbbc-11e8-b2ba-ac1f6b6435d0,17 0,0
d6e5ba12-bbad-11e8-b2ba-ac1f6b6435d0,2 0,0 2
d6ee2bfe-bbc4-11e8-b2bc-ac1f6b6435d0,25 2,2 25
d6efd5f6-bbb7-11e8-b2ba-ac1f6b6435d0,18,18
d6f0f716-bbb1-11e8-b2ba-ac1f6b6435d0,0,0 3
d6f12fa8-bbb9-11e8-b2ba-ac1f6b6435d0,19 0,0 19
d6f1d082-bba7-11e8-b2ba-ac1f6b6435d0,6 3,3
d6f1e986-bba8-11e8-b2ba-ac1f6b6435d0,7,7
d6f496a8-bbb3-11e8-b2ba-ac1f6b6435d0,0,0
d6f676a2-bbb4-11e8-b2ba-ac1f6b6435d0,6,6
d6fad6c4-bbc9-11e8-b2bc-ac1f6b6435d0,7,7
d6fb1adc-bba4-11e8-b2ba-ac1f6b6435d0,3,3
d6fc7816-bba2-11e8-b2b9-ac1f6b6435d0,5 0,0
d6fe9b76-bba4-11e8-b2ba-ac1f6b6435d0,25,2 25
d7073008-bbb1-11e8-b2ba-ac1f6b6435d0,5,5
d70939fc-bbb6-11e8-b2ba-ac1f6b6435d0,0 21,0 21
d70cbc74-bbae-11e8-b2ba-ac1f6b6435d0,25,25
d7205102-bbaa-11e8-b2ba-ac1f6b6435d0,14,14
d7241ada-bba0-11e8-b2b9-ac1f6b6435d0,0,0
d72436cc-bb9c-11e8-b2b9-ac1f6b6435d0,25 18 0,0 25
d72999c2-bbbb-11e8-b2ba-ac1f6b6435d0,23,21
d72a6ec6-bbc3-11e8-b2bc-ac1f6b6435d0,25 0,0 25
d72b8e66-bbbc-11e8-b2ba-ac1f6b6435d0,7 14,7 14
d72bb502-bba4-11e8-b2ba-ac1f6b6435d0,0,0
d72c28e0-bbb6-11e8-b2ba-ac1f6b6435d0,23 2,2 23
d72cc5f8-bbb5-11e8-b2ba-ac1f6b6435d0,3,3
d72f8b88-bb99-11e8-b2b9-ac1f6b6435d0,0 21,5
d7337004-bb99-11e8-b2b9-ac1f6b6435d0,25 0 21,21
d735b97c-bbb2-11e8-b2ba-ac1f6b6435d0,5,5
d7391270-bba8-11e8-b2ba-ac1f6b6435d0,0 21,0 25
d73a6e8c-bbca-11e8-b2bc-ac1f6b6435d0,7 2,2 7
d73f9b72-bbb2-11e8-b2ba-ac1f6b6435d0,2,2
d74040a0-bbac-11e8-b2ba-ac1f6b6435d0,6,6 25
d7416664-bb99-11e8-b2b9-ac1f6b6435d0,25 23 0,0 7 25
d74278a4-bbaa-11e8-b2ba-ac1f6b6435d0,2 0,0 2
d7470be0-bb9a-11e8-b2b9-ac1f6b6435d0,23 0,20 23
d747bd3c-bb9b-11e8-b2b9-ac1f6b6435d0,25 5,25
d74a8986-bbc8-11e8-b2bc-ac1f6b6435d0,0,0
d74cb1bc-bbae-11e8-b2ba-ac1f6b6435d0,0 21,16 21
d74eac96-bb9b-11e8-b2b9-ac1f6b6435d0,7 0,0 7
d74f85f0-bba3-11e8-b2b9-ac1f6b6435d0,0,0
d74fe70e-bbbf-11e8-b2bb-ac1f6b6435d0,4 0,0 5
d751988c-bbb1-11e8-b2ba-ac1f6b6435d0,7 4,4 7
d7529726-bbc2-11e8-b2bc-ac1f6b6435d0,0,0
d7533bf0-bba8-11e8-b2ba-ac1f6b6435d0,19,19
d753d14a-bbae-11e8-b2ba-ac1f6b6435d0,0 21,0 22
d75640a8-bbac-11e8-b2ba-ac1f6b6435d0,26 25,25
d7592188-bbbb-11e8-b2ba-ac1f6b6435d0,23,0 23
d75924f2-bbbc-11e8-b2ba-ac1f6b6435d0,25 7 0 21,0 21
d75a1a22-bbc8-11e8-b2bc-ac1f6b6435d0,5,5
d75b9538-bb9a-11e8-b2b9-ac1f6b6435d0,24,24
d75d1046-bbc9-11e8-b2bc-ac1f6b6435d0,25 6,6 25
d75eda36-bbbd-11e8-b2ba-ac1f6b6435d0,11,11
d75f8798-bbb7-11e8-b2ba-ac1f6b6435d0,25 0,0 21
d76a366a-bb9f-11e8-b2b9-ac1f6b6435d0,0,0
d76aa7f8-bb9a-11e8-b2b9-ac1f6b6435d0,22,25
d76b37a0-bbc1-11e8-b2bb-ac1f6b6435d0,1 0,0
d76bb8f4-bbbe-11e8-b2ba-ac1f6b6435d0,13 0,0 13
d76d2d8c-bba6-11e8-b2ba-ac1f6b6435d0,23,23
d76da452-bbaf-11e8-b2ba-ac1f6b6435d0,2 0,2
d76f2976-bbc3-11e8-b2bc-ac1f6b6435d0,5,5
d7746094-bbaf-11e8-b2ba-ac1f6b6435d0,1 0,1
d7749be4-bbb0-11e8-b2ba-ac1f6b6435d0,3,2
d775e2c8-bb9d-11e8-b2b9-ac1f6b6435d0,5,5
d779b164-bbb6-11e8-b2ba-ac1f6b6435d0,5,5
d77cb8c6-bbc7-11e8-b2bc-ac1f6b6435d0,25,25
d77cbdd0-bb9a-11e8-b2b9-ac1f6b6435d0,25 7,21
d77f32ac-bb9c-11e8-b2b9-ac1f6b6435d0,25 6,6
d77f3fb0-bbae-11e8-b2ba-ac1f6b6435d0,21,12 21
d77f76ee-bbac-11e8-b2ba-ac1f6b6435d0,25 0,0 25
d7820990-bbb6-11e8-b2ba-ac1f6b6435d0,19 11 0,11
d7827ea4-bbb9-11e8-b2ba-ac1f6b6435d0,0,0
d7832378-bba9-11e8-b2ba-ac1f6b6435d0,4,4
d786462c-bbc5-11e8-b2bc-ac1f6b6435d0,25 0,0
d786f14e-bbc5-11e8-b2bc-ac1f6b6435d0,16 18 17 0,0 18
d78c075c-bba1-11e8-b2b9-ac1f6b6435d0,5 0,0 5
d78cc61c-bbbd-11e8-b2ba-ac1f6b6435d0,23,23
d78d0f22-bba5-11e8-b2ba-ac1f6b6435d0,6,6
d7965264-bba8-11e8-b2ba-ac1f6b6435d0,6,6
d796942a-bba0-11e8-b2b9-ac1f6b6435d0,25 0,0 25
d7972eae-bbb3-11e8-b2ba-ac1f6b6435d0,23 1 0,0 23
d79a532e-bbca-11e8-b2bc-ac1f6b6435d0,25 13,13 25
d79bb3ee-bbc1-11e8-b2bb-ac1f6b6435d0,19 25 21,25
d79dc142-bbbd-11e8-b2ba-ac1f6b6435d0,25,25
d7a0d8ea-bbbe-11e8-b2ba-ac1f6b6435d0,25 1 0,0 1 25
d7a214a6-bbc5-11e8-b2bc-ac1f6b6435d0,24,11 24
d7a27e94-bba9-11e8-b2ba-ac1f6b6435d0,25 4,4 25
d7a3f08a-bb9a-11e8-b2b9-ac1f6b6435d0,19 11 0,19
d7a5ce16-bba7-11e8-b2ba-ac1f6b6435d0,25 0,0 25
d7abdd4a-bbc2-11e8-b2bc-ac1f6b6435d0,19 3,3
d7abf1c2-bbbd-11e8-b2ba-ac1f6b6435d0,2,2
d7b0a594-bb9c-11e8-b2b9-ac1f6b6435d0,4,4
d7b344b0-bbc0-11e8-b2bb-ac1f6b6435d0,2 0,0 2
d7b7dc1c-bbc7-11e8-b2bc-ac1f6b6435d0,18 0,0 18
d7b84f90-bbc1-11e8-b2bb-ac1f6b6435d0,0,0 2
d7bcc8da-bbae-11e8-b2ba-ac1f6b6435d0,22 0,0 22
d7c3be30-bba7-11e8-b2ba-ac1f6b6435d0,13 21,25
d7c70b54-bbb0-11e8-b2ba-ac1f6b6435d0,14,14
d7c79dd4-bbc5-11e8-b2bc-ac1f6b6435d0,6,6
d7cd6f7a-bbbb-11e8-b2ba-ac1f6b6435d0,5,0 25
d7cd7bb4-bbb1-11e8-b2ba-ac1f6b6435d0,2,2
d7cfe122-bb9f-11e8-b2b9-ac1f6b6435d0,25,17 25
d7d0adf2-bbb1-11e8-b2ba-ac1f6b6435d0,0,0
d7d0b12c-bbba-11e8-b2ba-ac1f6b6435d0,12 0 21,0 21
d7d0cee6-bbb5-11e8-b2ba-ac1f6b6435d0,21,21
d7d0d31e-bba6-11e8-b2ba-ac1f6b6435d0,7,0
d7da2a38-bbae-11e8-b2ba-ac1f6b6435d0,21,22
d7da33e4-bbad-11e8-b2ba-ac1f6b6435d0,18,19
d7e0d60e-bbbc-11e8-b2ba-ac1f6b6435d0,7,7
d7e4b8d0-bbaf-11e8-b2ba-ac1f6b6435d0,4,4 25
d7e92a4a-bbba-11e8-b2ba-ac1f6b6435d0,23,23
d7eb9b86-bbc9-11e8-b2bc-ac1f6b6435d0,25 0,0 25
d7ec942a-bba4-11e8-b2ba-ac1f6b6435d0,5,5
d7f0e67a-bbb2-11e8-b2ba-ac1f6b6435d0,25 2 0,0 2
d7f23a3c-bbaf-11e8-b2ba-ac1f6b6435d0,7,7 24
d7f9905e-bb99-11e8-b2b9-ac1f6b6435d0,19 0,0
d7fa06fa-bbb3-11e8-b2ba-ac1f6b6435d0,25 0,0 25
d7fb8b56-bbb8-11e8-b2ba-ac1f6b6435d0,23,23
d7fd93d2-bbbe-11e8-b2ba-ac1f6b6435d0,25 4,4 25
d7ff77c2-bbb1-11e8-b2ba-ac1f6b6435d0,25 23 2 0,0 2 25
d8005c6a-bba6-11e8-b2ba-ac1f6b6435d0,25,24 25
d80439ea-bbb3-11e8-b2ba-ac1f6b6435d0,23 2 0,23
d804a8bc-bbb3-11e8-b2ba-ac1f6b6435d0,11 2,2 25
d807fe88-bba7-11e8-b2ba-ac1f6b6435d0,21,21
d80d3808-bbc5-11e8-b2bc-ac1f6b6435d0,3 0,0
d80ef194-bbb5-11e8-b2ba-ac1f6b6435d0,2,2 5
d80f8b74-bba9-11e8-b2ba-ac1f6b6435d0,7 0,0 7
d81067c6-bbb6-11e8-b2ba-ac1f6b6435d0,23,23
d812ee1c-bbb9-11e8-b2ba-ac1f6b6435d0,14,14
d81582be-bba3-11e8-b2b9-ac1f6b6435d0,0,0
d815e5d2-bbb8-11e8-b2ba-ac1f6b6435d0,12 0,0
d81636d4-bbba-11e8-b2ba-ac1f6b6435d0,7 1,1 7
d8167b22-bbbe-11e8-b2ba-ac1f6b6435d0,23,23
d816cf08-bbb1-11e8-b2ba-ac1f6b6435d0,19 3 0,0 3
d81a410c-bbab-11e8-b2ba-ac1f6b6435d0,2,5
d81a9958-bba2-11e8-b2b9-ac1f6b6435d0,1,1
d81aceac-bbc8-11e8-b2bc-ac1f6b6435d0,22 25,2 25
d81e0ebe-bbb4-11e8-b2ba-ac1f6b6435d0,25 0,0 25
d820dd6a-bbc8-11e8-b2bc-ac1f6b6435d0,3 0,0 3
d823759c-bb9c-11e8-b2b9-ac1f6b6435d0,0 21,0 21
d8254346-bbc3-11e8-b2bc-ac1f6b6435d0,9,8 20
d8261bee-bba1-11e8-b2b9-ac1f6b6435d0,5 0,5
d82633d6-bbb5-11e8-b2ba-ac1f6b6435d0,23,23
d8272ab4-bbb7-11e8-b2ba-ac1f6b6435d0,25,6
d8286540-bbc2-11e8-b2bc-ac1f6b6435d0,25,25
d82a7ec6-bbc6-11e8-b2bc-ac1f6b6435d0,2,7
d82c1486-bbab-11e8-b2ba-ac1f6b6435d0,18,0 19
d82df8fa-bbc9-11e8-b2bc-ac1f6b6435d0,4,4
d8318a92-bba6-11e8-b2ba-ac1f6b6435d0,25,23
d8327120-bbb3-11e8-b2ba-ac1f6b6435d0,7 2 0,0 2 25
d838acd4-bbc7-11e8-b2bc-ac1f6b6435d0,25,5 25
d839159e-bbad-11e8-b2ba-ac1f6b6435d0,2 0,0 2
d839698a-bbb8-11e8-b2ba-ac1f6b6435d0,25 4,9
d83a3e2e-bbad-11e8-b2ba-ac1f6b6435d0,25 0,0 25
d83a4a58-bbc2-11e8-b2bc-ac1f6b6435d0,14,14
d83ac00e-bbc8-11e8-b2bc-ac1f6b6435d0,6 18,6
d83b33d6-bbc8-11e8-b2bc-ac1f6b6435d0,25 11 2,2 25
d83b658a-bb9c-11e8-b2b9-ac1f6b6435d0,25,21 25
d83bb072-bbbe-11e8-b2ba-ac1f6b6435d0,0,0
d83cc910-bbac-11e8-b2ba-ac1f6b6435d0,25 7 0 21,0 7
d83d1c74-bb9a-11e8-b2b9-ac1f6b6435d0,4,4
d83d4c38-bb9c-11e8-b2b9-ac1f6b6435d0,4,4
d8450502-bbb2-11e8-b2ba-ac1f6b6435d0,7 14,7
d8471fd6-bbb7-11e8-b2ba-ac1f6b6435d0,25 5 0,0 5 25
d84740ce-bbad-11e8-b2ba-ac1f6b6435d0,2,0 25
d8484612-bba9-11e8-b2ba-ac1f6b6435d0,7 0,25
d84857a2-bbad-11e8-b2ba-ac1f6b6435d0,25 6,25
d84abd0c-bba4-11e8-b2ba-ac1f6b6435d0,22 21,21
d84ad518-bbb2-11e8-b2ba-ac1f6b6435d0,2 0 21,0 2
d84b8628-bba5-11e8-b2ba-ac1f6b6435d0,25,25
d84b9aa8-bbb6-11e8-b2ba-ac1f6b6435d0,0,0
d85149bc-bbbb-11e8-b2ba-ac1f6b6435d0,24,24
d85867f4-bbc2-11e8-b2bc-ac1f6b6435d0,14 1 0,14
d85a2a34-bbaf-11e8-b2ba-ac1f6b6435d0,25 0,0 16 17 25
d85ccd06-bbc4-11e8-b2bc-ac1f6b6435d0,25 0,0 25
d85cdb28-bbc6-11e8-b2bc-ac1f6b6435d0,21,21
d85e933a-bbaa-11e8-b2ba-ac1f6b6435d0,25 0,0 25
d85ffa00-bba9-11e8-b2ba-ac1f6b6435d0,18 23,23
d8607808-bbb9-11e8-b2ba-ac1f6b6435d0,25 1,0 1 2
d86136b2-bbc8-11e8-b2bc-ac1f6b6435d0,3 0,0
d8626ae2-bb9f-11e8-b2b9-ac1f6b6435d0,1 2 0,0 2
d863cf36-bbbd-11e8-b2ba-ac1f6b6435d0,12 21,21
d8648772-bbb4-11e8-b2ba-ac1f6b6435d0,0,0
d8668cb2-bbc2-11e8-b2bc-ac1f6b6435d0,23,7
d8696cf8-bbb7-11e8-b2ba-ac1f6b6435d0,19,18
d86a8002-bbb2-11e8-b2ba-ac1f6b6435d0,21,19 21 25
d86b2926-bba3-11e8-b2b9-ac1f6b6435d0,7,7
d8709964-bbae-11e8-b2ba-ac1f6b6435d0,7,7
d8736d98-bb9e-11e8-b2b9-ac1f6b6435d0,25 1,0 1 25
d8759994-bbba-11e8-b2ba-ac1f6b6435d0,25 1 0,0 1 25
d87950e4-bb9b-11e8-b2b9-ac1f6b6435d0,22 21,21
d87a588a-bbab-11e8-b2ba-ac1f6b6435d0,3 0,0 3
d87b86ac-bbbe-11e8-b2ba-ac1f6b6435d0,25 5,5 23 25
d87c4348-bba1-11e8-b2b9-ac1f6b6435d0,25 7,7 25
d87c8664-bbc4-11e8-b2bc-ac1f6b6435d0,18 0,0 18
d87d075c-bbaf-11e8-b2ba-ac1f6b6435d0,23 0,0 23
d87d25bc-bba4-11e8-b2ba-ac1f6b6435d0,25 7 0 21,0 7 21 25
d87f6498-bbc8-11e8-b2bc-ac1f6b6435d0,0,0
d881729c-bba0-11e8-b2b9-ac1f6b6435d0,21,21
d885d5fc-bbbf-11e8-b2bb-ac1f6b6435d0,3 0,0 3
d8898018-bbc8-11e8-b2bc-ac1f6b6435d0,19,19
d889affa-bbbb-11e8-b2ba-ac1f6b6435d0,23,23
d88b2370-bb99-11e8-b2b9-ac1f6b6435d0,2 0,0 2
d88df6ae-bbb2-11e8-b2ba-ac1f6b6435d0,25 0,0 25
d88f3880-bbc5-11e8-b2bc-ac1f6b6435d0,25,25
d88fe898-bbca-11e8-b2bc-ac1f6b6435d0,14,23
d891371c-bbc4-11e8-b2bc-ac1f6b6435d0,6,6
d892ec96-bbbb-11e8-b2ba-ac1f6b6435d0,22,22
d89478be-bb9c-11e8-b2b9-ac1f6b6435d0,4,4
d89504ea-bb9d-11e8-b2b9-ac1f6b6435d0,11,11
d896bfa8-bbbe-11e8-b2ba-ac1f6b6435d0,2 0,0 2
d896dd28-bbad-11e8-b2ba-ac1f6b6435d0,5,5
d897376c-bbb4-11e8-b2ba-ac1f6b6435d0,25 21,25
d899cdd4-bbb3-11e8-b2ba-ac1f6b6435d0,3,2 3
d89b5068-bba5-11e8-b2ba-ac1f6b6435d0,7 0 21,0 7 21
d89ea620-bbb7-11e8-b2ba-ac1f6b6435d0,7 21,0 7 21
d89eccbe-bba2-11e8-b2b9-ac1f6b6435d0,5 0,0
d8a51312-bba7-11e8-b2ba-ac1f6b6435d0,4,4
d8a5927c-bbb3-11e8-b2ba-ac1f6b6435d0,13 21,21
d8ac4b08-bbb8-11e8-b2ba-ac1f6b6435d0,19 16 25,25
d8affec6-bba2-11e8-b2b9-ac1f6b6435d0,7 0,0 7
d8b666c0-bba3-11e8-b2b9-ac1f6b6435d0,25,25
d8c02840-bba8-11e8-b2ba-ac1f6b6435d0,19 2,2
d8c04f8e-bbbf-11e8-b2bb-ac1f6b6435d0,25 0,3 25
d8c328e6-bbc7-11e8-b2bc-ac1f6b6435d0,0,0
d8c5533c-bbb3-11e8-b2ba-ac1f6b6435d0,18 14,14 18
d8c5976c-bbad-11e8-b2ba-ac1f6b6435d0,19 0 21,0 19 21
d8ca3530-bbc4-11e8-b2bc-ac1f6b6435d0,0,0
d8ca921e-bbb5-11e8-b2ba-ac1f6b6435d0,19,19
d8cae49c-bbc6-11e8-b2bc-ac1f6b6435d0,3 0,0 5
d8ce06fe-bbc6-11e8-b2bc-ac1f6b6435d0,18 0,19
d8d03b4a-bba3-11e8-b2b9-ac1f6b6435d0,2 0,0 2
d8d0e400-bb9e-11e8-b2b9-ac1f6b6435d0,4 21,4 21 25
d8d2167e-bbba-11e8-b2ba-ac1f6b6435d0,0 21,0 21
d8d37504-bbb6-11e8-b2ba-ac1f6b6435d0,21,21
d8d3b122-bbac-11e8-b2ba-ac1f6b6435d0,2,2
d8d4a694-bbbc-11e8-b2ba-ac1f6b6435d0,21,21
d8d5f85e-bbc2-11e8-b2bc-ac1f6b6435d0,2 0,0
d8d676c2-bba8-11e8-b2ba-ac1f6b6435d0,25 11,11 25
d8d7a09a-bba5-11e8-b2ba-ac1f6b6435d0,25 6,6 25
d8d9980a-bbaa-11e8-b2ba-ac1f6b6435d0,2,2
d8dc627c-bba2-11e8-b2b9-ac1f6b6435d0,19 0,0 19
d8e3c734-bbc4-11e8-b2bc-ac1f6b6435d0,6,6
d8e42ce2-bbb5-11e8-b2ba-ac1f6b6435d0,7 0,0
d8e7e910-bbc2-11e8-b2bc-ac1f6b6435d0,12 26 5 0,0
d8e95c3a-bbc9-11e8-b2bc-ac1f6b6435d0,11,0 11 24
d8e9635e-bbbc-11e8-b2ba-ac1f6b6435d0,2 0,0 2
d8f50874-bbaf-11e8-b2ba-ac1f6b6435d0,16 14 17,14 17
d8f58080-bbc1-11e8-b2bb-ac1f6b6435d0,25 2 0,2 25
d8f72c58-bbb4-11e8-b2ba-ac1f6b6435d0,25 21,21 25
d8f777e2-bb9d-11e8-b2b9-ac1f6b6435d0,4,0
d8fa5f84-bbc0-11e8-b2bb-ac1f6b6435d0,25,19 25
d8fc684e-bbbe-11e8-b2ba-ac1f6b6435d0,4,4
d8fcdb26-bbb4-11e8-b2ba-ac1f6b6435d0,25 0,0 25
d8ff1b32-bba7-11e8-b2ba-ac1f6b6435d0,7,7
d8ffd5c0-bb9a-11e8-b2b9-ac1f6b6435d0,25 18,18 25
d90113c0-bbab-11e8-b2ba-ac1f6b6435d0,4,4
d9045d20-bbb8-11e8-b2ba-ac1f6b6435d0,12,21 25
d905862e-bb99-11e8-b2b9-ac1f6b6435d0,6,6 25
d9079b9e-bbb7-11e8-b2ba-ac1f6b6435d0,7 3,3 7
d9087220-bbc7-11e8-b2bc-ac1f6b6435d0,0,0
d90b6718-bbaa-11e8-b2ba-ac1f6b6435d0,12 21,12 21
d90be754-bbbb-11e8-b2ba-ac1f6b6435d0,3,3
d90c2a1e-bba4-11e8-b2ba-ac1f6b6435d0,25,25
d90c47a0-bbaa-11e8-b2ba-ac1f6b6435d0,7 0,7 25
d90d67ec-bbbf-11e8-b2bb-ac1f6b6435d0,7 0,0 7
d90f3708-bbbe-11e8-b2ba-ac1f6b6435d0,18,0 18 19
d91232a0-bbbe-11e8-b2ba-ac1f6b6435d0,25 0,0 25
d9142022-bbc0-11e8-b2bb-ac1f6b6435d0,4,4
d914da3a-bbbb-11e8-b2ba-ac1f6b6435d0,7,23
d915f7ac-bbc1-11e8-b2bb-ac1f6b6435d0,2 0,0 2
d9176a80-bbab-11e8-b2ba-ac1f6b6435d0,23,25
d91bce78-bba5-11e8-b2ba-ac1f6b6435d0,14 0,0 14
d91cea08-bb9e-11e8-b2b9-ac1f6b6435d0,25 23,23
d91d7012-bba4-11e8-b2ba-ac1f6b6435d0,5,5
d9225ca2-bbc8-11e8-b2bc-ac1f6b6435d0,11 0,11
d92354c2-bb9b-11e8-b2b9-ac1f6b6435d0,0 21,21
d9249b66-bb9b-11e8-b2b9-ac1f6b6435d0,25 23,0 25
d92537b8-bbca-11e8-b2bc-ac1f6b6435d0,11,11
d9262f9e-bbaf-11e8-b2ba-ac1f6b6435d0,2 0,0 2
d929e018-bbb8-11e8-b2ba-ac1f6b6435d0,23,6 23
d929ea2a-bbba-11e8-b2ba-ac1f6b6435d0,0,0
d92bdf48-bbaa-11e8-b2ba-ac1f6b6435d0,1 0 21,0 1 21
d92d8f28-bbc3-11e8-b2bc-ac1f6b6435d0,2,2
d930ed06-bba2-11e8-b2b9-ac1f6b6435d0,23,21
d9328ab6-bb99-11e8-b2b9-ac1f6b6435d0,25 0,0 25
d932c116-bba8-11e8-b2ba-ac1f6b6435d0,26,25
d9350d82-bba2-11e8-b2b9-ac1f6b6435d0,2,2
d9362dc0-bbb6-11e8-b2ba-ac1f6b6435d0,13,13
d93905d4-bbc7-11e8-b2bc-ac1f6b6435d0,7,7
d93e0356-bbc0-11e8-b2bb-ac1f6b6435d0,19,19
d94081c0-bb99-11e8-b2b9-ac1f6b6435d0,21,21
d94240e4-bbaf-11e8-b2ba-ac1f6b6435d0,2 0,0 2
d943d734-bba9-11e8-b2ba-ac1f6b6435d0,7,7
d94577ca-bba3-11e8-b2b9-ac1f6b6435d0,7,20 26
d945a11c-bba5-11e8-b2ba-ac1f6b6435d0,5,5
d94797aa-bbbf-11e8-b2bb-ac1f6b6435d0,23 4,4
d94c942c-bbbe-11e8-b2ba-ac1f6b6435d0,11,0
d94e2a2e-bbc5-11e8-b2bc-ac1f6b6435d0,23 0,0 23
d95044f8-bbc0-11e8-b2bb-ac1f6b6435d0,7 0,0 7
d9532216-bb9f-11e8-b2b9-ac1f6b6435d0,18 17 21,7 17
d957eba6-bbaa-11e8-b2ba-ac1f6b6435d0,22 25 0,0 25
d9632564-bbb6-11e8-b2ba-ac1f6b6435d0,4,4
d964ea34-bbca-11e8-b2bc-ac1f6b6435d0,0,0
d966d34c-bba4-11e8-b2ba-ac1f6b6435d0,25 4,0
d96704e2-bbb4-11e8-b2ba-ac1f6b6435d0,0,0
d967ea76-bba8-11e8-b2ba-ac1f6b6435d0,25 0,0 25
d96903b8-bba1-11e8-b2b9-ac1f6b6435d0,25,25
d96b8bee-bbbd-11e8-b2ba-ac1f6b6435d0,0,0
d9702f74-bb99-11e8-b2b9-ac1f6b6435d0,16 23 0,0 23
d973c9da-bb9a-11e8-b2b9-ac1f6b6435d0,11 0,0 11
d9769126-bbca-11e8-b2bc-ac1f6b6435d0,25 0 21,21 25
d978391e-bba1-11e8-b2b9-ac1f6b6435d0,3,3
d979443e-bbb1-11e8-b2ba-ac1f6b6435d0,16 25 0,0 23
d979ed7c-bbba-11e8-b2ba-ac1f6b6435d0,0,0
d97a2db6-bbc7-11e8-b2bc-ac1f6b6435d0,0,3
d97a3cdc-bbb5-11e8-b2ba-ac1f6b6435d0,7,7
d97d0756-bb9b-11e8-b2b9-ac1f6b6435d0,22,22
d97e3d54-bbc0-11e8-b2bb-ac1f6b6435d0,23 0,0 23
d97e6396-bb9e-11e8-b2b9-ac1f6b6435d0,21,21
d980556a-bbc2-11e8-b2bc-ac1f6b6435d0,19 0 21,0 21
d98123f0-bbbd-11e8-b2ba-ac1f6b6435d0,0 21,0 25
d981e09a-bbc9-11e8-b2bc-ac1f6b6435d0,5,0 5
d984f4d0-bbbd-11e8-b2ba-ac1f6b6435d0,2 0,0 2
d98bc3e8-bbb6-11e8-b2ba-ac1f6b6435d0,7,0
d98cff64-bba3-11e8-b2b9-ac1f6b6435d0,25 0,0 25
d98d4f0e-bbbd-11e8-b2ba-ac1f6b6435d0,23 0,0 23
d98dc810-bb9c-11e8-b2b9-ac1f6b6435d0,0 21,0 21
d98f6a9c-bba3-11e8-b2b9-ac1f6b6435d0,19 25 0,0
d9906c0e-bbac-11e8-b2ba-ac1f6b6435d0,25 4,4
d9913674-bbc1-11e8-b2bb-ac1f6b6435d0,25 0,0 25
d9925c36-bba6-11e8-b2ba-ac1f6b6435d0,25 0 21,0 21 25
d992b1c2-bbc9-11e8-b2bc-ac1f6b6435d0,25 18,18 25
d992deda-bbb6-11e8-b2ba-ac1f6b6435d0,25 21,21 25
d9931648-bba7-11e8-b2ba-ac1f6b6435d0,6,6
d9942bb2-bb9a-11e8-b2b9-ac1f6b6435d0,5 0,0 2 5
d994a22a-bbb5-11e8-b2ba-ac1f6b6435d0,25 0,25
d995f6e6-bba8-11e8-b2ba-ac1f6b6435d0,25,7 25
d9968d92-bbba-11e8-b2ba-ac1f6b6435d0,22 0,0 7
d9993bea-bbb1-11e8-b2ba-ac1f6b6435d0,3,0 3
d9995bb2-bbbf-11e8-b2bb-ac1f6b6435d0,25 0,0 11
d999620c-bb9b-11e8-b2b9-ac1f6b6435d0,20 0,0
d99a7f80-bbbd-11e8-b2ba-ac1f6b6435d0,23,23
d99bb01e-bbc0-11e8-b2bb-ac1f6b6435d0,24,24
d99c652c-bbb1-11e8-b2ba-ac1f6b6435d0,5 0,21
d99feae2-bbae-11e8-b2ba-ac1f6b6435d0,2,2 3 25
d9a4a61c-bbb9-11e8-b2ba-ac1f6b6435d0,25 0,0 25
d9a856ae-bbbe-11e8-b2ba-ac1f6b6435d0,22 0,0 22
d9ab4ffe-bbae-11e8-b2ba-ac1f6b6435d0,25,7 25
d9ad48e0-bb9f-11e8-b2b9-ac1f6b6435d0,23 0,23
d9ad9f5c-bb9f-11e8-b2b9-ac1f6b6435d0,11 0,0
d9b33a58-bbbc-11e8-b2ba-ac1f6b6435d0,25,25
d9b6de3a-bba1-11e8-b2b9-ac1f6b6435d0,23,23
d9bd40ca-bba8-11e8-b2ba-ac1f6b6435d0,22 0,0 22
d9c323be-bbb7-11e8-b2ba-ac1f6b6435d0,4 21,0 21
d9c397ac-bbc8-11e8-b2bc-ac1f6b6435d0,2,2
d9c579a0-bb9b-11e8-b2b9-ac1f6b6435d0,0,0 22
d9c8ff0c-bbb5-11e8-b2ba-ac1f6b6435d0,9 10,7 9 10
d9cb2a46-bbbc-11e8-b2ba-ac1f6b6435d0,26,26
d9cfbd8c-bbca-11e8-b2bc-ac1f6b6435d0,25 0,25
d9d08cbe-bbaf-11e8-b2ba-ac1f6b6435d0,25 0,0 25
d9d19a24-bba9-11e8-b2ba-ac1f6b6435d0,23,0 23
d9d3cfb2-bba7-11e8-b2ba-ac1f6b6435d0,6,6
d9d3e9ea-bba5-11e8-b2ba-ac1f6b6435d0,7,7
d9d4c0ce-bbb7-11e8-b2ba-ac1f6b6435d0,19 25 0,0 18 19 25
d9d4f948-bba5-11e8-b2ba-ac1f6b6435d0,3,3
d9d7b2d0-bb9d-11e8-b2b9-ac1f6b6435d0,26 0,0 25 26
d9d84940-bba0-11e8-b2b9-ac1f6b6435d0,7,7
d9d8e58c-bba8-11e8-b2ba-ac1f6b6435d0,0,0
d9d91b6e-bbb3-11e8-b2ba-ac1f6b6435d0,16 14 0,0 14
d9d99186-bbca-11e8-b2bc-ac1f6b6435d0,3,3
d9db0850-bbb0-11e8-b2ba-ac1f6b6435d0,11 0,0 11
d9ddea00-bbc1-11e8-b2bb-ac1f6b6435d0,0,0
d9df02b4-bbc6-11e8-b2bc-ac1f6b6435d0,5 0,2 25
d9e205bc-bbc2-11e8-b2bc-ac1f6b6435d0,0,0 2
d9e6a964-bbc2-11e8-b2bc-ac1f6b6435d0,23,5 23
d9e9eff2-bbc7-11e8-b2bc-ac1f6b6435d0,23,23
d9ea0b86-bbc2-11e8-b2bc-ac1f6b6435d0,23,23
d9eded26-bbb0-11e8-b2ba-ac1f6b6435d0,20,20
d9eed228-bbb4-11e8-b2ba-ac1f6b6435d0,25 1 0,0 1 25
d9f260dc-bbb9-11e8-b2ba-ac1f6b6435d0,19 0,0
d9f5309a-bbb0-11e8-b2ba-ac1f6b6435d0,25,21 25
d9f64558-bbc3-11e8-b2bc-ac1f6b6435d0,0 21,0 21
d9fa4b3e-bba6-11e8-b2ba-ac1f6b6435d0,7 0,0 7
d9fb1038-bba0-11e8-b2b9-ac1f6b6435d0,25,25
d9fb2016-bbad-11e8-b2ba-ac1f6b6435d0,25 5,5 25
d9fb2688-bbbc-11e8-b2ba-ac1f6b6435d0,23,23
da01faaa-bba1-11e8-b2b9-ac1f6b6435d0,23,6 23
da04e01a-bbad-11e8-b2ba-ac1f6b6435d0,23,23
da051050-bbc9-11e8-b2bc-ac1f6b6435d0,23,23
da054ff2-bbc9-11e8-b2bc-ac1f6b6435d0,23 21,0 21
da05e0b8-bbbd-11e8-b2ba-ac1f6b6435d0,1 2,1 2
da062d0c-bb9a-11e8-b2b9-ac1f6b6435d0,19,19
da067b82-bb99-11e8-b2b9-ac1f6b6435d0,2,2
da0cc76a-bbc3-11e8-b2bc-ac1f6b6435d0,4,4
da0fb3da-bbbe-11e8-b2ba-ac1f6b6435d0,1 0,0 1
da1105e4-bbc0-11e8-b2bb-ac1f6b6435d0,5,5
da1123a2-bb99-11e8-b2b9-ac1f6b6435d0,5,5
da119fa4-bbc5-11e8-b2bc-ac1f6b6435d0,13 21,0 19 25
da132954-bbc1-11e8-b2bb-ac1f6b6435d0,5,5
da140df0-bbc7-11e8-b2bc-ac1f6b6435d0,21,0 21
da1888ac-bb9b-11e8-b2b9-ac1f6b6435d0,1 0,0
da18a3c4-bba4-11e8-b2ba-ac1f6b6435d0,25 0 21,0 21
da19b1e2-bba4-11e8-b2ba-ac1f6b6435d0,23,23
da1a5b7a-bbc1-11e8-b2bb-ac1f6b6435d0,25 23 0,0 23
da1b3cea-bbab-11e8-b2ba-ac1f6b6435d0,7,7
da207a62-bbbe-11e8-b2ba-ac1f6b6435d0,6 2,6
da239822-bbb0-11e8-b2ba-ac1f6b6435d0,4,2
da23a274-bba4-11e8-b2ba-ac1f6b6435d0,25 0,0 21
da2608d6-bbac-11e8-b2ba-ac1f6b6435d0,5,5
da27f452-bbb6-11e8-b2ba-ac1f6b6435d0,21,21 25
da2b22b4-bbb4-11e8-b2ba-ac1f6b6435d0,7,7
da2bea74-bbc7-11e8-b2bc-ac1f6b6435d0,19 0,0
da2f9818-bbbd-11e8-b2ba-ac1f6b6435d0,4,0 4
da3031f4-bbc9-11e8-b2bc-ac1f6b6435d0,25 2 21,21
da31df3c-bba5-11e8-b2ba-ac1f6b6435d0,0 21,0 21
da3ea966-bb9a-11e8-b2b9-ac1f6b6435d0,25,25
da3f6e06-bbb2-11e8-b2ba-ac1f6b6435d0,23,25 26
da3f9cae-bba4-11e8-b2ba-ac1f6b6435d0,5,5
da3fb178-bba7-11e8-b2ba-ac1f6b6435d0,26 0,0 26
da4285fe-bbb3-11e8-b2ba-ac1f6b6435d0,5 0,0 5
da42ea86-bb99-11e8-b2b9-ac1f6b6435d0,25,0 25
da46f8ec-bbc1-11e8-b2bb-ac1f6b6435d0,7,23
da484fcc-bb9d-11e8-b2b9-ac1f6b6435d0,13,13 21
da498ef8-bbc7-11e8-b2bc-ac1f6b6435d0,23,23
da4a82f8-bbb9-11e8-b2ba-ac1f6b6435d0,0 21,0 21 25
da4e6de8-bbc6-11e8-b2bc-ac1f6b6435d0,0,0
da4eceaa-bba3-11e8-b2b9-ac1f6b6435d0,7 0,0
da50a87e-bbb7-11e8-b2ba-ac1f6b6435d0,14,6 14
da51ae1a-bba1-11e8-b2b9-ac1f6b6435d0,5 0,0 5
da53c4ae-bb9a-11e8-b2b9-ac1f6b6435d0,21,21
da54c472-bbbc-11e8-b2ba-ac1f6b6435d0,0,0
da56660c-bbac-11e8-b2ba-ac1f6b6435d0,25 2,11
da59b98e-bbc9-11e8-b2bc-ac1f6b6435d0,5 0 21,0 5 21
da5d5f3c-bba4-11e8-b2ba-ac1f6b6435d0,7,7
da5d6d02-bb9e-11e8-b2b9-ac1f6b6435d0,11,23
da5e6e2a-bbab-11e8-b2ba-ac1f6b6435d0,14,14
da60ebd4-bb9a-11e8-b2b9-ac1f6b6435d0,11 2,21
da625e80-bbca-11e8-b2bc-ac1f6b6435d0,0,0
da65b19e-bbb0-11e8-b2ba-ac1f6b6435d0,23 0,0 23
da675e18-bbc4-11e8-b2bc-ac1f6b6435d0,25 21,21
da6911e4-bbc5-11e8-b2bc-ac1f6b6435d0,7 0,0 7
da6b8b76-bbad-11e8-b2ba-ac1f6b6435d0,25,25
da6c059e-bbc4-11e8-b2bc-ac1f6b6435d0,25 6 2,2 6 25
da6cbb82-bbb1-11e8-b2ba-ac1f6b6435d0,24,24
da6de3f8-bb9e-11e8-b2b9-ac1f6b6435d0,4,4
da6faa40-bba2-11e8-b2b9-ac1f6b6435d0,0,0 25
da702a60-bb9d-11e8-b2b9-ac1f6b6435d0,0,0
da7132ea-bbaa-11e8-b2ba-ac1f6b6435d0,7 0,7
da72db0a-bbb8-11e8-b2ba-ac1f6b6435d0,4,4
da7797d4-bbaa-11e8-b2ba-ac1f6b6435d0,7 0,0 7
da78e1d4-bbc3-11e8-b2bc-ac1f6b6435d0,25 7 0,0 1 7 25
da79c8c2-bba7-11e8-b2ba-ac1f6b6435d0,25 5,0 25
da7a3a0a-bbbb-11e8-b2ba-ac1f6b6435d0,6 0,0 11
da7b4cc8-bbbc-11e8-b2ba-ac1f6b6435d0,7 0,0 7 25
da7db112-bb9d-11e8-b2b9-ac1f6b6435d0,25 17 0,0 21 25
da8051b8-bbb3-11e8-b2ba-ac1f6b6435d0,2,2
da812d16-bbba-11e8-b2ba-ac1f6b6435d0,6,6
da823572-bba5-11e8-b2ba-ac1f6b6435d0,23 0,0 23
da82ce10-bbb4-11e8-b2ba-ac1f6b6435d0,23,23
da832a96-bbc7-11e8-b2bc-ac1f6b6435d0,5 0,0
da83ea8c-bba2-11e8-b2b9-ac1f6b6435d0,7,4 7
da855682-bbc6-11e8-b2bc-ac1f6b6435d0,25 21,21 25
da8b6738-bbb3-11e8-b2ba-ac1f6b6435d0,2 0,0 2
da8b7020-bbb8-11e8-b2ba-ac1f6b6435d0,19 0,0 18
da8e6b04-bb9f-11e8-b2b9-ac1f6b6435d0,0,0
da90fea6-bbb7-11e8-b2ba-ac1f6b6435d0,4 0,0
da92bea4-bbc5-11e8-b2bc-ac1f6b6435d0,20,20
da96b2a8-bba6-11e8-b2ba-ac1f6b6435d0,25 21,21 25
da971fd6-bba6-11e8-b2ba-ac1f6b6435d0,13 5 0,0 13
da9a4f42-bbc1-11e8-b2bb-ac1f6b6435d0,25 13 0,0 5 13 25
da9b2838-bbb0-11e8-b2ba-ac1f6b6435d0,25 0,0 7
da9c2918-bbbf-11e8-b2bb-ac1f6b6435d0,16 7,7 16
da9c6e6c-bbb7-11e8-b2ba-ac1f6b6435d0,26 0,0 26
da9ce520-bba5-11e8-b2ba-ac1f6b6435d0,23 0,20 23
daa13c1c-bbbc-11e8-b2ba-ac1f6b6435d0,8,8
daa22470-bbca-11e8-b2bc-ac1f6b6435d0,0,0
daa79724-bba3-11e8-b2b9-ac1f6b6435d0,7 4,0 7
daa8005c-bbb1-11e8-b2ba-ac1f6b6435d0,24 0,0 24
daa81c24-bbb4-11e8-b2ba-ac1f6b6435d0,4,4
daacd566-bba0-11e8-b2b9-ac1f6b6435d0,1 0,0 20
daae69e2-bb9d-11e8-b2b9-ac1f6b6435d0,23 0,23
daaf1c9c-bbb2-11e8-b2ba-ac1f6b6435d0,0,0
dab29384-bbaf-11e8-b2ba-ac1f6b6435d0,6 7,7 11
dab4ad02-bbca-11e8-b2bc-ac1f6b6435d0,7,25
dab4f77e-bbb3-11e8-b2ba-ac1f6b6435d0,5 0,5
dab9007a-bbc8-11e8-b2bc-ac1f6b6435d0,7 0,0 7
dac331ae-bbb3-11e8-b2ba-ac1f6b6435d0,7,7
dac43d88-bbb8-11e8-b2ba-ac1f6b6435d0,2,2
dac86020-bbb8-11e8-b2ba-ac1f6b6435d0,25 0,23
dac87398-bbc3-11e8-b2bc-ac1f6b6435d0,7,7
daca4842-bbb1-11e8-b2ba-ac1f6b6435d0,23,23
daccb7f8-bb9d-11e8-b2b9-ac1f6b6435d0,23 0,0 23
dacdae82-bbb2-11e8-b2ba-ac1f6b6435d0,2,2
dad6337a-bba5-11e8-b2ba-ac1f6b6435d0,4,4
dad658b4-bba0-11e8-b2b9-ac1f6b6435d0,25 4,0 6 25
dad90436-bbc0-11e8-b2bb-ac1f6b6435d0,25,6 25
dadc900e-bba4-11e8-b2ba-ac1f6b6435d0,0,0
dadedb08-bbc6-11e8-b2bc-ac1f6b6435d0,2,2
dadefb5a-bb9a-11e8-b2b9-ac1f6b6435d0,21,0 25
dae07be8-bba3-11e8-b2b9-ac1f6b6435d0,7 5,5 7
dae20a66-bbb8-11e8-b2ba-ac1f6b6435d0,21,21
dae29d68-bb9b-11e8-b2b9-ac1f6b6435d0,1 0,0 1
dae5f3ea-bbb0-11e8-b2ba-ac1f6b6435d0,4,4
dae78e48-bba2-11e8-b2b9-ac1f6b6435d0,14,14
daeaa57a-bbc9-11e8-b2bc-ac1f6b6435d0,23,23
daebd0e0-bba0-11e8-b2b9-ac1f6b6435d0,11,6
daebfe82-bbad-11e8-b2ba-ac1f6b6435d0,2,2
daecaaee-bbb7-11e8-b2ba-ac1f6b6435d0,25 1,1
daeed3be-bbbc-11e8-b2ba-ac1f6b6435d0,25 0,0 22 25
daeffe2a-bbac-11e8-b2ba-ac1f6b6435d0,14 0,0
daf68f04-bb9a-11e8-b2b9-ac1f6b6435d0,21,0 21
daf8b242-bbaf-11e8-b2ba-ac1f6b6435d0,2 0,2 4
daf8d54a-bbb6-11e8-b2ba-ac1f6b6435d0,18,18
daf99b4c-bbc5-11e8-b2bc-ac1f6b6435d0,3,3
daf9a138-bbc9-11e8-b2bc-ac1f6b6435d0,6,0 23
dafd43b0-bbb0-11e8-b2ba-ac1f6b6435d0,23,23
dafebab4-bbbb-11e8-b2ba-ac1f6b6435d0,23,25
dafef0de-bbc9-11e8-b2bc-ac1f6b6435d0,2 0,0 2
db016e36-bbb5-11e8-b2ba-ac1f6b6435d0,24 11,24
db046b3a-bbca-11e8-b2bc-ac1f6b6435d0,1 2,0 1 2
db06d1e4-bb99-11e8-b2b9-ac1f6b6435d0,2,3
db0768a4-bbba-11e8-b2ba-ac1f6b6435d0,26 0,4
db087db6-bbab-11e8-b2ba-ac1f6b6435d0,19 21,0 19
db0f348e-bb9d-11e8-b2b9-ac1f6b6435d0,21,0 21
db0f6688-bbb7-11e8-b2ba-ac1f6b6435d0,12,12
db1030e8-bb9b-11e8-b2b9-ac1f6b6435d0,25 2 0 21,0 2 21 25
db131bc6-bbac-11e8-b2ba-ac1f6b6435d0,23 0,0 2 23
db141d3c-bba7-11e8-b2ba-ac1f6b6435d0,19,7
db163c06-bbc1-11e8-b2bb-ac1f6b6435d0,5,5
db168e3c-bbb6-11e8-b2ba-ac1f6b6435d0,4,4
db16e2fc-bbc4-11e8-b2bc-ac1f6b6435d0,25 14 17 2,14 17 21 25
db17a764-bba6-11e8-b2ba-ac1f6b6435d0,8,8 20
db17eed4-bb9e-11e8-b2b9-ac1f6b6435d0,22 2 0,0 2 22
db1c02fe-bbb1-11e8-b2ba-ac1f6b6435d0,23 2 0,0 23
db222d34-bbc8-11e8-b2bc-ac1f6b6435d0,13,13
db224f7e-bbc5-11e8-b2bc-ac1f6b6435d0,7,23
db238d9e-bbbb-11e8-b2ba-ac1f6b6435d0,26,26
db29bf94-bbc9-11e8-b2bc-ac1f6b6435d0,7,7
db2cfc06-bbae-11e8-b2ba-ac1f6b6435d0,1 0,0 1
db2fe464-bba6-11e8-b2ba-ac1f6b6435d0,25 1 0,0 1
db307834-bbba-11e8-b2ba-ac1f6b6435d0,6,1 6
db30fc44-bba8-11e8-b2ba-ac1f6b6435d0,12,12
db310c56-bba9-11e8-b2ba-ac1f6b6435d0,7 0,0 7
db3374de-bbc5-11e8-b2bc-ac1f6b6435d0,0,0
db338b16-bbc7-11e8-b2bc-ac1f6b6435d0,25 13,13 25
db347f60-bbba-11e8-b2ba-ac1f6b6435d0,25 5 0,0
db3a5ce2-bbc3-11e8-b2bc-ac1f6b6435d0,13 0,0 13
db3acb92-bbb8-11e8-b2ba-ac1f6b6435d0,25 0,0 25
db3e09a4-bba6-11e8-b2ba-ac1f6b6435d0,25,25
db3e1a36-bb9f-11e8-b2b9-ac1f6b6435d0,14,11 14
db3fe3f8-bbb2-11e8-b2ba-ac1f6b6435d0,4,4
db4258e6-bbb6-11e8-b2ba-ac1f6b6435d0,5 0,0 5
db42e4a4-bba8-11e8-b2ba-ac1f6b6435d0,8,1 8
db472e16-bba7-11e8-b2ba-ac1f6b6435d0,7 18,7
db4746bc-bba2-11e8-b2b9-ac1f6b6435d0,21,21
db4f685e-bba4-11e8-b2ba-ac1f6b6435d0,3,3
db4f7630-bbab-11e8-b2ba-ac1f6b6435d0,25 0,0 25
db573e06-bbbf-11e8-b2bb-ac1f6b6435d0,2 0,0 2
db59681e-bba3-11e8-b2b9-ac1f6b6435d0,0 21,0 12 25
db5b10e4-bb9c-11e8-b2b9-ac1f6b6435d0,24 0,24
db5d4be6-bbad-11e8-b2ba-ac1f6b6435d0,2 0,0 2
db60158c-bba4-11e8-b2ba-ac1f6b6435d0,25 4 21,21 25
db60906a-bb9b-11e8-b2b9-ac1f6b6435d0,25 7,7 25
db60f828-bbb1-11e8-b2ba-ac1f6b6435d0,23,23
db613c76-bbab-11e8-b2ba-ac1f6b6435d0,25 5,6
db61d852-bbb5-11e8-b2ba-ac1f6b6435d0,0,0
db638948-bb9e-11e8-b2b9-ac1f6b6435d0,12 25,12 21 25
db63ecf8-bb99-11e8-b2b9-ac1f6b6435d0,25,26
db64deb2-bbab-11e8-b2ba-ac1f6b6435d0,25 7,7
db64e21e-bbbe-11e8-b2ba-ac1f6b6435d0,25 21,25
db65a1ca-bba7-11e8-b2ba-ac1f6b6435d0,4,4 25
db668168-bbc4-11e8-b2bc-ac1f6b6435d0,5,5
db672df2-bbab-11e8-b2ba-ac1f6b6435d0,0,0
db690218-bbc8-11e8-b2bc-ac1f6b6435d0,13,13
db698ad8-bba2-11e8-b2b9-ac1f6b6435d0,0,0
db6d9984-bbc5-11e8-b2bc-ac1f6b6435d0,2 0,0 2
db6e5d1a-bbc0-11e8-b2bb-ac1f6b6435d0,1 0,0 1
db72c432-bbab-11e8-b2ba-ac1f6b6435d0,2 0,0 2
db732fbc-bbba-11e8-b2ba-ac1f6b6435d0,25 0,0 25
db73e188-bbc3-11e8-b2bc-ac1f6b6435d0,0 21,0 25
db7798e8-bba3-11e8-b2b9-ac1f6b6435d0,19 25 0,0 19
db88ba18-bb9b-11e8-b2b9-ac1f6b6435d0,25 0,0 25
db8c0df2-bbba-11e8-b2ba-ac1f6b6435d0,14,14
db8f23f6-bbc0-11e8-b2bb-ac1f6b6435d0,25 0,25
db8f5226-bbb2-11e8-b2ba-ac1f6b6435d0,24,22
db904fde-bbba-11e8-b2ba-ac1f6b6435d0,25 4,4 25
db9141c8-bbb0-11e8-b2ba-ac1f6b6435d0,5 0,0
db932d16-bbbb-11e8-b2ba-ac1f6b6435d0,3,3
db9492bc-bbc7-11e8-b2bc-ac1f6b6435d0,26 0,0 25 26
db979d70-bba1-11e8-b2b9-ac1f6b6435d0,25 5,0 25
db981136-bbb2-11e8-b2ba-ac1f6b6435d0,22 2 0,0 22
db994e86-bba1-11e8-b2b9-ac1f6b6435d0,20,20 23
db9a123a-bbc4-11e8-b2bc-ac1f6b6435d0,18,18
dba07c78-bbb6-11e8-b2ba-ac1f6b6435d0,25,25
dba2fe4a-bba1-11e8-b2b9-ac1f6b6435d0,23 0,0 25
dbafb7da-bb9b-11e8-b2b9-ac1f6b6435d0,14 0,0 14
dbafe30e-bbaa-11e8-b2ba-ac1f6b6435d0,5,5
dbb24852-bba4-11e8-b2ba-ac1f6b6435d0,11,7
dbba79f6-bb99-11e8-b2b9-ac1f6b6435d0,0,0 25
dbbeb0f4-bbb0-11e8-b2ba-ac1f6b6435d0,0 21,0
dbc40aa4-bb9c-11e8-b2b9-ac1f6b6435d0,25 0,0 25
dbc51f18-bbb8-11e8-b2ba-ac1f6b6435d0,22 25 13 4 21,4 21 22
dbc66cb4-bbaa-11e8-b2ba-ac1f6b6435d0,4,4
dbc6a03c-bbc6-11e8-b2bc-ac1f6b6435d0,23,23
dbc8bc2e-bb9d-11e8-b2b9-ac1f6b6435d0,19 11 0,0
dbcacb98-bbbd-11e8-b2ba-ac1f6b6435d0,23,23
dbcfe54c-bb9a-11e8-b2b9-ac1f6b6435d0,25 18 0,18
dbd1feca-bb9c-11e8-b2b9-ac1f6b6435d0,25 14,14 25
dbdba800-bba9-11e8-b2ba-ac1f6b6435d0,25,0 25
dbdf66aa-bb9c-11e8-b2b9-ac1f6b6435d0,2 0,0 3
dbe34c1a-bbac-11e8-b2ba-ac1f6b6435d0,7 0,0 7
dbe3b260-bbaf-11e8-b2ba-ac1f6b6435d0,20 23 0,0 20 23
dbe68390-bbab-11e8-b2ba-ac1f6b6435d0,25 2,2 25
dbe7388e-bba2-11e8-b2b9-ac1f6b6435d0,22 0,0
dbe86fd4-bbc9-11e8-b2bc-ac1f6b6435d0,4,4
dbecbd24-bbc8-11e8-b2bc-ac1f6b6435d0,25 5,13 21 25
dbf212ce-bbb4-11e8-b2ba-ac1f6b6435d0,0 21,0 2 21
dbf42de4-bbb8-11e8-b2ba-ac1f6b6435d0,6,6
dbf52b86-bbbd-11e8-b2ba-ac1f6b6435d0,19,19
dbfaf3a2-bbc9-11e8-b2bc-ac1f6b6435d0,18,7
dbfb0214-bbbc-11e8-b2ba-ac1f6b6435d0,2,2
dbfb67ea-bbc1-11e8-b2bb-ac1f6b6435d0,25 6 2,2 6 25
dbfc4452-bbbd-11e8-b2ba-ac1f6b6435d0,3 0,0 3
dbffd904-bba5-11e8-b2ba-ac1f6b6435d0,22 21,21
dc008b22-bbac-11e8-b2ba-ac1f6b6435d0,18,18
dc009510-bbb4-11e8-b2ba-ac1f6b6435d0,16 14 17,14 25
dc00f920-bbbd-11e8-b2ba-ac1f6b6435d0,7 5,0 7
dc04b708-bbaf-11e8-b2ba-ac1f6b6435d0,25,25
dc08fdda-bba6-11e8-b2ba-ac1f6b6435d0,7,7
dc093186-bbc6-11e8-b2bc-ac1f6b6435d0,19 23 0,0 23 25
dc093e76-bba6-11e8-b2ba-ac1f6b6435d0,25 2 0,0 3 25
dc0ace8c-bba9-11e8-b2ba-ac1f6b6435d0,7 0,0 7
dc0bf03a-bbab-11e8-b2ba-ac1f6b6435d0,25 1 21,1 21 25
dc1168e4-bbba-11e8-b2ba-ac1f6b6435d0,7,7 25
dc12ada8-bba1-11e8-b2b9-ac1f6b6435d0,25 0,0
dc13c198-bba1-11e8-b2b9-ac1f6b6435d0,0 21,0 21
dc15475c-bbba-11e8-b2ba-ac1f6b6435d0,7 0,0 7
dc1a7adc-bba7-11e8-b2ba-ac1f6b6435d0,0,0
dc1ad9ce-bb9c-11e8-b2b9-ac1f6b6435d0,5,5
dc1b83ae-bb99-11e8-b2b9-ac1f6b6435d0,0 21,21 25
dc1cecb0-bba5-11e8-b2ba-ac1f6b6435d0,4,4
dc1f760e-bbbb-11e8-b2ba-ac1f6b6435d0,0,0
dc218148-bbbf-11e8-b2bb-ac1f6b6435d0,25 0,25
dc2482fe-bbc3-11e8-b2bc-ac1f6b6435d0,4,4
dc25050a-bba8-11e8-b2ba-ac1f6b6435d0,3 0,0 3
dc256734-bba8-11e8-b2ba-ac1f6b6435d0,0,0 1 25
dc261180-bbca-11e8-b2bc-ac1f6b6435d0,6,6
dc280322-bbbc-11e8-b2ba-ac1f6b6435d0,1 0,1
dc2cc856-bbaf-11e8-b2ba-ac1f6b6435d0,13,13
dc2f07c6-bb9e-11e8-b2b9-ac1f6b6435d0,25 0,0
dc3067fe-bbbe-11e8-b2ba-ac1f6b6435d0,25 0,25
dc308860-bbbe-11e8-b2ba-ac1f6b6435d0,25 0,0 21 25
dc3140d2-bba7-11e8-b2ba-ac1f6b6435d0,23 0,0 23
dc343c3c-bbbc-11e8-b2ba-ac1f6b6435d0,23,23
dc35a45c-bbc4-11e8-b2bc-ac1f6b6435d0,6,6
dc39faea-bbae-11e8-b2ba-ac1f6b6435d0,0,0
dc3c3200-bba0-11e8-b2b9-ac1f6b6435d0,0,0
dc3d4be8-bbc5-11e8-b2bc-ac1f6b6435d0,2 0,0 2
dc3f898e-bbbc-11e8-b2ba-ac1f6b6435d0,23,23
dc40b146-bbb8-11e8-b2ba-ac1f6b6435d0,19,19
dc423d2c-bbb3-11e8-b2ba-ac1f6b6435d0,3,0 3
dc463138-bbaf-11e8-b2ba-ac1f6b6435d0,25 0,0
dc471dfc-bba8-11e8-b2ba-ac1f6b6435d0,7 0,0 7
dc47d3ca-bb9c-11e8-b2b9-ac1f6b6435d0,19 0,0 19
dc47e386-bbb2-11e8-b2ba-ac1f6b6435d0,7,25
dc47e880-bba9-11e8-b2ba-ac1f6b6435d0,12 25 21,25
dc47fa28-bbc2-11e8-b2bc-ac1f6b6435d0,0,0
dc487346-bbc1-11e8-b2bb-ac1f6b6435d0,25 23 0,25
dc4ab310-bba1-11e8-b2b9-ac1f6b6435d0,23,25
dc4bd9ce-bbca-11e8-b2bc-ac1f6b6435d0,25 21,25
dc4d1182-bbbf-11e8-b2bb-ac1f6b6435d0,20,20
dc4db716-bbbc-11e8-b2ba-ac1f6b6435d0,0,0
dc4ff9f2-bba5-11e8-b2ba-ac1f6b6435d0,19,5
dc504df2-bba6-11e8-b2ba-ac1f6b6435d0,25 23,23
dc50f792-bbb1-11e8-b2ba-ac1f6b6435d0,23 21,21 23
dc514cec-bba7-11e8-b2ba-ac1f6b6435d0,22 0,0 2 22
dc5217da-bbb6-11e8-b2ba-ac1f6b6435d0,2,2
dc533c08-bbae-11e8-b2ba-ac1f6b6435d0,0,0
dc56978c-bbbc-11e8-b2ba-ac1f6b6435d0,2 0,0 2
dc5806b0-bba0-11e8-b2b9-ac1f6b6435d0,25,3 25
dc5948ec-bbad-11e8-b2ba-ac1f6b6435d0,25 3,3 21 25
dc602238-bbc7-11e8-b2bc-ac1f6b6435d0,26 0,0
dc60b684-bbaf-11e8-b2ba-ac1f6b6435d0,0 21,12 21
dc616204-bbba-11e8-b2ba-ac1f6b6435d0,4,5
dc61b7cc-bbab-11e8-b2ba-ac1f6b6435d0,2 0,0 2
dc6502f4-bbad-11e8-b2ba-ac1f6b6435d0,2 0,0 2
dc681e74-bbc8-11e8-b2bc-ac1f6b6435d0,18 17 21,7 16 17 18
dc6d8484-bba2-11e8-b2b9-ac1f6b6435d0,0,0
dc6df22c-bbb9-11e8-b2ba-ac1f6b6435d0,25 5,25
dc6ea6ca-bbca-11e8-b2bc-ac1f6b6435d0,7,24
dc7126be-bbbd-11e8-b2ba-ac1f6b6435d0,4,25
dc733e3a-bbbe-11e8-b2ba-ac1f6b6435d0,24 25,24 25
dc74abe0-bbb8-11e8-b2ba-ac1f6b6435d0,25 2,2 6 25
dc756dea-bbb4-11e8-b2ba-ac1f6b6435d0,5,0 5
dc796cf4-bba2-11e8-b2b9-ac1f6b6435d0,2,2
dc79cc5a-bb9b-11e8-b2b9-ac1f6b6435d0,25,6
dc7c012a-bbad-11e8-b2ba-ac1f6b6435d0,25 18,19
dc82c4c8-bba9-11e8-b2ba-ac1f6b6435d0,11,11
dc841efe-bba4-11e8-b2ba-ac1f6b6435d0,25,25
dc84bca4-bbb0-11e8-b2ba-ac1f6b6435d0,19 0,0 19
dc85a8c4-bbb2-11e8-b2ba-ac1f6b6435d0,25 0,25
dc86c2aa-bbac-11e8-b2ba-ac1f6b6435d0,6,6
dc907e94-bbb6-11e8-b2ba-ac1f6b6435d0,14,14
dc928268-bbaa-11e8-b2ba-ac1f6b6435d0,14,14
dc94f574-bbc9-11e8-b2bc-ac1f6b6435d0,25 5 0,5 25
dc96e1b8-bbbf-11e8-b2bb-ac1f6b6435d0,0 21,0 25
dc9725f0-bbbb-11e8-b2ba-ac1f6b6435d0,25 0,0 25
dc978a2c-bba7-11e8-b2ba-ac1f6b6435d0,0 21,0 21
dc97b198-bbb9-11e8-b2ba-ac1f6b6435d0,2 0,0 2
dc9aadf0-bba8-11e8-b2ba-ac1f6b6435d0,4,4
dc9bface-bba9-11e8-b2ba-ac1f6b6435d0,6,6
dc9d4660-bbc5-11e8-b2bc-ac1f6b6435d0,11 0,0 12
dc9e0018-bbb7-11e8-b2ba-ac1f6b6435d0,16 25 2 0,0 16
dca29660-bbc5-11e8-b2bc-ac1f6b6435d0,21,21
dca578f6-bba9-11e8-b2ba-ac1f6b6435d0,7 0,0 23
dca73188-bba3-11e8-b2b9-ac1f6b6435d0,25,25
dca7397e-bbc3-11e8-b2bc-ac1f6b6435d0,2,2
dca7670e-bbc4-11e8-b2bc-ac1f6b6435d0,14,14
dca7c42a-bbb4-11e8-b2ba-ac1f6b6435d0,0,0
dca83534-bbbb-11e8-b2ba-ac1f6b6435d0,12,12
dca86d7e-bbc5-11e8-b2bc-ac1f6b6435d0,0,0 5
dcab8a5c-bbb8-11e8-b2ba-ac1f6b6435d0,12 18,0 18
dcad25fc-bb99-11e8-b2b9-ac1f6b6435d0,6 0,6
dcb5ead6-bbc9-11e8-b2bc-ac1f6b6435d0,25 21,2 21
dcb6f730-bbc6-11e8-b2bc-ac1f6b6435d0,25,21 25
dcb8bdc4-bbbf-11e8-b2bb-ac1f6b6435d0,22 11,11
dcbcc624-bba8-11e8-b2ba-ac1f6b6435d0,2 21,2 21
dcbf5842-bbb4-11e8-b2ba-ac1f6b6435d0,5 21,0 12 21
dcc19468-bba0-11e8-b2b9-ac1f6b6435d0,11 0,0 22
dcc6037e-bb9e-11e8-b2b9-ac1f6b6435d0,12,12 21
dcc63312-bba3-11e8-b2b9-ac1f6b6435d0,25 2,2 14 25
dcc92afa-bbb6-11e8-b2ba-ac1f6b6435d0,21,21
dccab450-bb99-11e8-b2b9-ac1f6b6435d0,3,3
dcce9f16-bbc6-11e8-b2bc-ac1f6b6435d0,25 3 0,3 21
dcd2b5ee-bbab-11e8-b2ba-ac1f6b6435d0,8,8
dcd656d8-bbb8-11e8-b2ba-ac1f6b6435d0,7,7
dcd7f73e-bbbf-11e8-b2bb-ac1f6b6435d0,25 23 0,0 23 25
dcd80d94-bbb2-11e8-b2ba-ac1f6b6435d0,23 0,0 23
dcdad366-bb9a-11e8-b2b9-ac1f6b6435d0,5 0,0 5 25
dcddda0a-bbbf-11e8-b2bb-ac1f6b6435d0,2,2
dce29388-bba1-11e8-b2b9-ac1f6b6435d0,7,7
dce5a6be-bbc3-11e8-b2bc-ac1f6b6435d0,4,4
dce71b3c-bbc5-11e8-b2bc-ac1f6b6435d0,4,4
dce7c5b6-bb9b-11e8-b2b9-ac1f6b6435d0,23 0,23
dceb0064-bbc3-11e8-b2bc-ac1f6b6435d0,23,23
dcee3a6e-bba9-11e8-b2ba-ac1f6b6435d0,11,25
dceef52e-bbb0-11e8-b2ba-ac1f6b6435d0,0,0
dceff25c-bbc0-11e8-b2bb-ac1f6b6435d0,21,7
dcf0b4ae-bba6-11e8-b2ba-ac1f6b6435d0,4,4
dcf16400-bb9a-11e8-b2b9-ac1f6b6435d0,7,0 11 24
dcf3a914-bba8-11e8-b2ba-ac1f6b6435d0,25 0,0
dcf404a6-bb9c-11e8-b2b9-ac1f6b6435d0,11 21,23
dcf79c3e-bbaa-11e8-b2ba-ac1f6b6435d0,0,0
dcf7a5a2-bbba-11e8-b2ba-ac1f6b6435d0,25,25 26
dcf8a8be-bbae-11e8-b2ba-ac1f6b6435d0,19 25 0,0 13 22
dcf9e6b8-bbb6-11e8-b2ba-ac1f6b6435d0,7 0,0
dcfa1560-bbc6-11e8-b2bc-ac1f6b6435d0,25,25
dcfa6ffa-bbc7-11e8-b2bc-ac1f6b6435d0,25 2,2 26
dcfb1aaa-bbb7-11e8-b2ba-ac1f6b6435d0,5 0,0 5
dcfbd380-bbaa-11e8-b2ba-ac1f6b6435d0,18 0,0
dd01ac0a-bbab-11e8-b2ba-ac1f6b6435d0,5 0,5
dd01d016-bba3-11e8-b2b9-ac1f6b6435d0,3 0,0
dd04fcdc-bbbc-11e8-b2ba-ac1f6b6435d0,25 23 0,0 25
dd05be92-bba3-11e8-b2b9-ac1f6b6435d0,2 0,0 2
dd065116-bbbe-11e8-b2ba-ac1f6b6435d0,25 2 0,0 2 25
dd080788-bbad-11e8-b2ba-ac1f6b6435d0,11 2,2 25
dd0989c4-bbca-11e8-b2bc-ac1f6b6435d0,23,23
dd0bdfde-bbc1-11e8-b2bb-ac1f6b6435d0,2 0,0 2
dd0f80de-bba9-11e8-b2ba-ac1f6b6435d0,5,5
dd113090-bbb4-11e8-b2ba-ac1f6b6435d0,21,21
dd13e31c-bbaa-11e8-b2ba-ac1f6b6435d0,23 2,2 23
dd150c94-bbc6-11e8-b2bc-ac1f6b6435d0,5,5
dd15a0a4-bbc7-11e8-b2bc-ac1f6b6435d0,7,7
dd16dc18-bbb7-11e8-b2ba-ac1f6b6435d0,0,0
dd17f4d0-bb9a-11e8-b2b9-ac1f6b6435d0,0,0
dd193e70-bbc3-11e8-b2bc-ac1f6b6435d0,16 25,14
dd1cfb4c-bb9f-11e8-b2b9-ac1f6b6435d0,25 0,0 18 25
dd1f7fb8-bbca-11e8-b2bc-ac1f6b6435d0,3 0,0 3
dd1f92f6-bbab-11e8-b2ba-ac1f6b6435d0,5,5
dd200854-bba0-11e8-b2b9-ac1f6b6435d0,6,23
dd215206-bbbc-11e8-b2ba-ac1f6b6435d0,25 6,6
dd222ce2-bba5-11e8-b2ba-ac1f6b6435d0,25,25
dd230222-bbb7-11e8-b2ba-ac1f6b6435d0,1 0,0 1
dd24dd1e-bbac-11e8-b2ba-ac1f6b6435d0,0 21,21 25
dd2551a8-bbc6-11e8-b2bc-ac1f6b6435d0,5,2 5
dd267896-bbb5-11e8-b2ba-ac1f6b6435d0,7,7
dd269b90-bba2-11e8-b2b9-ac1f6b6435d0,25,25
dd275cf6-bba2-11e8-b2b9-ac1f6b6435d0,23 0,0 23
dd278708-bba7-11e8-b2ba-ac1f6b6435d0,0,0
dd296ef2-bbc4-11e8-b2bc-ac1f6b6435d0,25 0,0 7
dd2b4db6-bbbb-11e8-b2ba-ac1f6b6435d0,25 0,0 25
dd2d2574-bbb0-11e8-b2ba-ac1f6b6435d0,25,25
dd30f69a-bbbf-11e8-b2bb-ac1f6b6435d0,11,11
dd314432-bbc0-11e8-b2bb-ac1f6b6435d0,0,0
dd335c40-bb9d-11e8-b2b9-ac1f6b6435d0,2,2
dd33df52-bbbc-11e8-b2ba-ac1f6b6435d0,13 0,0 13
dd3440de-bba1-11e8-b2b9-ac1f6b6435d0,6,6
dd380cd2-bbb0-11e8-b2ba-ac1f6b6435d0,14 2,2 14
dd38b7e0-bbb0-11e8-b2ba-ac1f6b6435d0,0,0
dd395e70-bbb0-11e8-b2ba-ac1f6b6435d0,19,19
dd3e74d0-bbbc-11e8-b2ba-ac1f6b6435d0,25 2,2 21 25
dd411c70-bbb3-11e8-b2ba-ac1f6b6435d0,11,11
dd421100-bbbf-11e8-b2bb-ac1f6b6435d0,22 21,13 21
dd44d658-bbc7-11e8-b2bc-ac1f6b6435d0,0,0
dd47408a-bbb5-11e8-b2ba-ac1f6b6435d0,6,6
dd48d59e-bba6-11e8-b2ba-ac1f6b6435d0,23 0,0 23
dd49676e-bb9e-11e8-b2b9-ac1f6b6435d0,25,25
dd49851c-bbbe-11e8-b2ba-ac1f6b6435d0,25 2,0 25
dd49a8f8-bbc8-11e8-b2bc-ac1f6b6435d0,25 7,7
dd49a9c6-bbb8-11e8-b2ba-ac1f6b6435d0,13,13 25
dd500248-bbc3-11e8-b2bc-ac1f6b6435d0,25 5,5 25
dd52054e-bba4-11e8-b2ba-ac1f6b6435d0,2 0,0 2
dd525c16-bbad-11e8-b2ba-ac1f6b6435d0,18,18
dd52d11e-bbad-11e8-b2ba-ac1f6b6435d0,4,4
dd5488e6-bba4-11e8-b2ba-ac1f6b6435d0,12 0,0 12
dd551e8c-bbae-11e8-b2ba-ac1f6b6435d0,5,0 25
dd555a60-bb99-11e8-b2b9-ac1f6b6435d0,0,25
dd597186-bbb2-11e8-b2ba-ac1f6b6435d0,25 0,21
dd5bd9b4-bbba-11e8-b2ba-ac1f6b6435d0,25,5 25
dd5cb36a-bbca-11e8-b2bc-ac1f6b6435d0,23 0,0 23
dd5ed1a4-bbc5-11e8-b2bc-ac1f6b6435d0,19 23 0,0 23
dd63969a-bbbf-11e8-b2bb-ac1f6b6435d0,0,0
dd6c6012-bba2-11e8-b2b9-ac1f6b6435d0,21,21
dd6ce640-bba2-11e8-b2b9-ac1f6b6435d0,25,21 25
dd7067bc-bbc4-11e8-b2bc-ac1f6b6435d0,11 0,0
dd70b574-bb9b-11e8-b2b9-ac1f6b6435d0,25 7 0,0 7
dd70f684-bb9a-11e8-b2b9-ac1f6b6435d0,23,23
dd750554-bbc6-11e8-b2bc-ac1f6b6435d0,1 0,0 1
dd75ad28-bbc7-11e8-b2bc-ac1f6b6435d0,0 21,0 21 25
dd845286-bbab-11e8-b2ba-ac1f6b6435d0,25 5,4 25
dd87a2d8-bbb5-11e8-b2ba-ac1f6b6435d0,2,2
dd88216e-bbc8-11e8-b2bc-ac1f6b6435d0,25 2,2 25
dd8b7efe-bbbe-11e8-b2ba-ac1f6b6435d0,3 0,0 3
dd8e4e72-bbc8-11e8-b2bc-ac1f6b6435d0,5 0,4
dd8f75b4-bbb8-11e8-b2ba-ac1f6b6435d0,25,25
dd909030-bbc1-11e8-b2bb-ac1f6b6435d0,23 3,2 23
dd90c1d2-bba2-11e8-b2b9-ac1f6b6435d0,20,20
dd914d7e-bbbf-11e8-b2bb-ac1f6b6435d0,23,23
dd91c05e-bbc6-11e8-b2bc-ac1f6b6435d0,2 0,0 2
dd923f30-bbc0-11e8-b2bb-ac1f6b6435d0,1 0,0 1
dd956aa0-bbb8-11e8-b2ba-ac1f6b6435d0,25,25
dd96db5c-bbb2-11e8-b2ba-ac1f6b6435d0,0,0
dd9876c8-bbb8-11e8-b2ba-ac1f6b6435d0,18,18 19
dd994774-bb9f-11e8-b2b9-ac1f6b6435d0,25 7 0,0 25
dd9e0272-bba5-11e8-b2ba-ac1f6b6435d0,0 21,0 25
dd9e0b9c-bbb3-11e8-b2ba-ac1f6b6435d0,26 0,26
dd9e96b6-bb9a-11e8-b2b9-ac1f6b6435d0,7 0,0 2 7
dd9f969c-bbb8-11e8-b2ba-ac1f6b6435d0,22 21,22
dda15e7a-bbbb-11e8-b2ba-ac1f6b6435d0,1 0,1
dda24038-bbb6-11e8-b2ba-ac1f6b6435d0,23,0
dda35576-bb99-11e8-b2b9-ac1f6b6435d0,19 25,19 25
dda35caa-bbbd-11e8-b2ba-ac1f6b6435d0,0,0
dda3ee5e-bbb3-11e8-b2ba-ac1f6b6435d0,21,21
dda635f0-bbaf-11e8-b2ba-ac1f6b6435d0,0,0
dda6e41a-bb9f-11e8-b2b9-ac1f6b6435d0,4,4 13 25
ddb0205a-bba1-11e8-b2b9-ac1f6b6435d0,25 0,0 25
ddb4181e-bbaa-11e8-b2ba-ac1f6b6435d0,12 23 0,0 12 23
ddb4f7e0-bbb7-11e8-b2ba-ac1f6b6435d0,26 4,4 26
ddb5ecc6-bbc7-11e8-b2bc-ac1f6b6435d0,25 0,25
ddb5f44e-bbb5-11e8-b2ba-ac1f6b6435d0,4,4
ddb6462e-bbb5-11e8-b2ba-ac1f6b6435d0,23,23
ddb985b8-bba7-11e8-b2ba-ac1f6b6435d0,7 0,0 2 7
ddbf79ca-bba5-11e8-b2ba-ac1f6b6435d0,16 25 0,0
ddc157ca-bbca-11e8-b2bc-ac1f6b6435d0,21,21
ddc3537e-bbc8-11e8-b2bc-ac1f6b6435d0,4,4
ddc4cef0-bb9d-11e8-b2b9-ac1f6b6435d0,11,11
ddc6df68-bb9a-11e8-b2b9-ac1f6b6435d0,25 2 0,0 2
ddc7d0f0-bbb1-11e8-b2ba-ac1f6b6435d0,25 0,0 25
ddc893e8-bbb4-11e8-b2ba-ac1f6b6435d0,19 0,0 19
ddc8e39e-bbc2-11e8-b2bc-ac1f6b6435d0,25 0,2 11
ddcc55f2-bbad-11e8-b2ba-ac1f6b6435d0,25 2 21,21 25
ddcd32b6-bbc0-11e8-b2bb-ac1f6b6435d0,3,3
ddcda3e2-bbb9-11e8-b2ba-ac1f6b6435d0,7,7
ddd137a8-bbc5-11e8-b2bc-ac1f6b6435d0,7,7
ddd21da4-bbb0-11e8-b2ba-ac1f6b6435d0,25,25
ddd536aa-bb9d-11e8-b2b9-ac1f6b6435d0,6,6
ddda3428-bb9f-11e8-b2b9-ac1f6b6435d0,19 0,0 19
dddbab80-bba6-11e8-b2ba-ac1f6b6435d0,0,0
dddbd154-bba2-11e8-b2b9-ac1f6b6435d0,6,6
dddc7ae8-bba0-11e8-b2b9-ac1f6b6435d0,0 21,0 23
dddc9adc-bbaf-11e8-b2ba-ac1f6b6435d0,25 5 0,0 25
ddde694e-bba9-11e8-b2ba-ac1f6b6435d0,23 0,0 23
dde1706a-bbc4-11e8-b2bc-ac1f6b6435d0,5 21,5 21
dde69222-bbb8-11e8-b2ba-ac1f6b6435d0,25 0,0 21
dde828f6-bb9c-11e8-b2b9-ac1f6b6435d0,6 7,6 7
ddea355a-bbc0-11e8-b2bb-ac1f6b6435d0,22 23 0,0 22 23
ddeb8db2-bbc3-11e8-b2bc-ac1f6b6435d0,25,6
dded0d04-bba5-11e8-b2ba-ac1f6b6435d0,23,23
ddef9fd8-bbaa-11e8-b2ba-ac1f6b6435d0,25 0,25
ddf0dd90-bbae-11e8-b2ba-ac1f6b6435d0,0,0
ddf43766-bba3-11e8-b2b9-ac1f6b6435d0,0,0 5
ddf49aa6-bba5-11e8-b2ba-ac1f6b6435d0,23,23
ddf5c5ba-bba6-11e8-b2ba-ac1f6b6435d0,25 0,0
ddf68852-bbc8-11e8-b2bc-ac1f6b6435d0,5 0,0 5
ddf7c116-bbb6-11e8-b2ba-ac1f6b6435d0,13 2 0,0 2 12
ddf8b796-bbb2-11e8-b2ba-ac1f6b6435d0,12 25 21,12 21 25
ddfa7ebe-bb9e-11e8-b2b9-ac1f6b6435d0,12 0,0 25
ddfeb4dc-bbbe-11e8-b2ba-ac1f6b6435d0,7 5,5 7
de05dc90-bbb3-11e8-b2ba-ac1f6b6435d0,18 0,0 18
de0b24b2-bba3-11e8-b2b9-ac1f6b6435d0,25 21,12 21
de0be49a-bbc3-11e8-b2bc-ac1f6b6435d0,19 25 2 0,0 19
de0db5ae-bb9b-11e8-b2b9-ac1f6b6435d0,25 2,2 25
de132d3e-bbc0-11e8-b2bb-ac1f6b6435d0,0 21,23
de157f40-bbba-11e8-b2ba-ac1f6b6435d0,2,2
de1a87c4-bbb0-11e8-b2ba-ac1f6b6435d0,4,4
de1d7f4a-bbb2-11e8-b2ba-ac1f6b6435d0,26 4,4 26
de226856-bbae-11e8-b2ba-ac1f6b6435d0,5 0,0 5
de2621e6-bba2-11e8-b2b9-ac1f6b6435d0,11,21
de2814f6-bbc5-11e8-b2bc-ac1f6b6435d0,25 0,0
de2838c6-bbc7-11e8-b2bc-ac1f6b6435d0,5 21,5 21
de2c65b6-bb9c-11e8-b2b9-ac1f6b6435d0,25 21,18 25
de2de70a-bba7-11e8-b2ba-ac1f6b6435d0,1 2 0,0 1 2
de2ee628-bba7-11e8-b2ba-ac1f6b6435d0,0 21,0 21
de2fa206-bba3-11e8-b2b9-ac1f6b6435d0,23,23
de2fa8a2-bbb5-11e8-b2ba-ac1f6b6435d0,14 5,14
de333e62-bbc5-11e8-b2bc-ac1f6b6435d0,25 0,0 25
de34aa02-bbc2-11e8-b2bc-ac1f6b6435d0,11,11
de3b5b22-bba9-11e8-b2ba-ac1f6b6435d0,0,0 25
de3f3cd8-bbc2-11e8-b2bc-ac1f6b6435d0,7,7
de3faf3e-bbc6-11e8-b2bc-ac1f6b6435d0,25 0,0 25
de4167c0-bb9e-11e8-b2b9-ac1f6b6435d0,14 0,14 25
de418434-bb9a-11e8-b2b9-ac1f6b6435d0,4,4
de43c2b4-bba2-11e8-b2b9-ac1f6b6435d0,11,11
de44615c-bbc4-11e8-b2bc-ac1f6b6435d0,25 0,0 25
de44f662-bba1-11e8-b2b9-ac1f6b6435d0,22 21,21
de4751c0-bba9-11e8-b2ba-ac1f6b6435d0,0,0
de493968-bb9a-11e8-b2b9-ac1f6b6435d0,16 7,7
de4b903a-bbb0-11e8-b2ba-ac1f6b6435d0,2 0,0 2
de4bcb3e-bba3-11e8-b2b9-ac1f6b6435d0,7 0,0 25
de4d7c60-bbbf-11e8-b2bb-ac1f6b6435d0,25 0,0 21
de502984-bbbe-11e8-b2ba-ac1f6b6435d0,5,4
de5158d0-bbab-11e8-b2ba-ac1f6b6435d0,3 0,0 5 25
de574544-bbae-11e8-b2ba-ac1f6b6435d0,20,20
de5cc2d8-bbc4-11e8-b2bc-ac1f6b6435d0,0,0 3 25
de5d2c76-bba8-11e8-b2ba-ac1f6b6435d0,0,0
de5d839a-bbbe-11e8-b2ba-ac1f6b6435d0,12,0 25
de5f61de-bbc7-11e8-b2bc-ac1f6b6435d0,0,0
de65b084-bba4-11e8-b2ba-ac1f6b6435d0,1 0,1 7
de6647e0-bbc4-11e8-b2bc-ac1f6b6435d0,13,13
de68d602-bb99-11e8-b2b9-ac1f6b6435d0,25 7 2,2 25
de691f4e-bb9a-11e8-b2b9-ac1f6b6435d0,5,5
de7028b4-bbb5-11e8-b2ba-ac1f6b6435d0,11 0,0 25
de71ddd0-bbb0-11e8-b2ba-ac1f6b6435d0,7 5,5
de721802-bbc6-11e8-b2bc-ac1f6b6435d0,1 0,1
de72643a-bbb5-11e8-b2ba-ac1f6b6435d0,23,23
de7737be-bbb8-11e8-b2ba-ac1f6b6435d0,2 0,0 2
de77b1d2-bbac-11e8-b2ba-ac1f6b6435d0,0,0
de78b06c-bba4-11e8-b2ba-ac1f6b6435d0,25 7 0,7 25
de7b207e-bbc5-11e8-b2bc-ac1f6b6435d0,26 25,25
de7f2250-bbac-11e8-b2ba-ac1f6b6435d0,7,0 7 25
de80bb56-bb9d-11e8-b2b9-ac1f6b6435d0,16 0,0 16 25
de81ba68-bbbd-11e8-b2ba-ac1f6b6435d0,3,3
de828384-bba0-11e8-b2b9-ac1f6b6435d0,1 0,0 1
de828472-bbb1-11e8-b2ba-ac1f6b6435d0,25 5,5 25
de86a5b0-bb99-11e8-b2b9-ac1f6b6435d0,6 3,2
de870b16-bbb4-11e8-b2ba-ac1f6b6435d0,19 0,0 19
de880242-bbc7-11e8-b2bc-ac1f6b6435d0,25,25
de8a3e5c-bbb5-11e8-b2ba-ac1f6b6435d0,23 0,0 11 23
de8c7d48-bbba-11e8-b2ba-ac1f6b6435d0,23,23
de8f5d10-bbc9-11e8-b2bc-ac1f6b6435d0,25,25
de8f647a-bbc6-11e8-b2bc-ac1f6b6435d0,25 13,25
de925c48-bbb7-11e8-b2ba-ac1f6b6435d0,12 23,0 12
de93e9bc-bbaf-11e8-b2ba-ac1f6b6435d0,21,21
de989c8e-bbc6-11e8-b2bc-ac1f6b6435d0,0 21,0 21 25
de9fdffa-bbab-11e8-b2ba-ac1f6b6435d0,5 0,5
dea032d0-bbb4-11e8-b2ba-ac1f6b6435d0,1 0,0 1 2
dea19dc6-bbca-11e8-b2bc-ac1f6b6435d0,5 0,0 5
dea1c7f4-bbc2-11e8-b2bc-ac1f6b6435d0,19,0 18 19
dea4ed2a-bbb9-11e8-b2ba-ac1f6b6435d0,23,23
dea6e9a6-bbbc-11e8-b2ba-ac1f6b6435d0,23,23
deac5158-bbca-11e8-b2bc-ac1f6b6435d0,24,24
deade59a-bbbb-11e8-b2ba-ac1f6b6435d0,7 0,0 7
deb10f74-bba5-11e8-b2ba-ac1f6b6435d0,23,23
deb7a006-bba4-11e8-b2ba-ac1f6b6435d0,21,21
deb7a8f0-bbc5-11e8-b2bc-ac1f6b6435d0,25 21,25
deb7d0f8-bbbd-11e8-b2ba-ac1f6b6435d0,25,21
deb838ba-bbc0-11e8-b2bb-ac1f6b6435d0,7,7
deb95ee4-bbc4-11e8-b2bc-ac1f6b6435d0,23,25
deb96d34-bbb6-11e8-b2ba-ac1f6b6435d0,25,2 25
debcb360-bbb4-11e8-b2ba-ac1f6b6435d0,2 0,0 2 25
debd4256-bbc0-11e8-b2bb-ac1f6b6435d0,25 21,21 25
debd68b6-bba3-11e8-b2b9-ac1f6b6435d0,25 0,0 25
debe31b4-bba4-11e8-b2ba-ac1f6b6435d0,22,22
debfd63e-bbb0-11e8-b2ba-ac1f6b6435d0,0,0
dec10cc4-bbac-11e8-b2ba-ac1f6b6435d0,5 4,5
dec116b4-bb9e-11e8-b2b9-ac1f6b6435d0,2 0,0 2
dec3a20a-bb9c-11e8-b2b9-ac1f6b6435d0,1 0,1
dec45a8c-bba7-11e8-b2ba-ac1f6b6435d0,25 21,25
dec5e652-bbbd-11e8-b2ba-ac1f6b6435d0,11,21
dec8fc52-bbc7-11e8-b2bc-ac1f6b6435d0,25 18 4,4 25
deca2584-bbc0-11e8-b2bb-ac1f6b6435d0,19 25,19 25
deca7820-bb9f-11e8-b2b9-ac1f6b6435d0,6 3,3 6
decc396a-bbb0-11e8-b2ba-ac1f6b6435d0,6,6 25
dece6094-bba8-11e8-b2ba-ac1f6b6435d0,4,3 4
decea330-bba6-11e8-b2ba-ac1f6b6435d0,25,25
decefcca-bbb7-11e8-b2ba-ac1f6b6435d0,25,25
ded18cae-bbb4-11e8-b2ba-ac1f6b6435d0,2,2
ded1efd8-bbb3-11e8-b2ba-ac1f6b6435d0,19 25 0,19
ded3065a-bb9c-11e8-b2b9-ac1f6b6435d0,25,25
ded31fcc-bbb6-11e8-b2ba-ac1f6b6435d0,21,21
ded4fd22-bbbd-11e8-b2ba-ac1f6b6435d0,23,23
dee57aec-bba6-11e8-b2ba-ac1f6b6435d0,24 0,7 24
dee85a32-bbc4-11e8-b2bc-ac1f6b6435d0,0 21,0 25
deea5890-bbb1-11e8-b2ba-ac1f6b6435d0,18,18
deea5994-bba2-11e8-b2b9-ac1f6b6435d0,7 0,7
deeb87c2-bb9f-11e8-b2b9-ac1f6b6435d0,0,0
deebfeb8-bba5-11e8-b2ba-ac1f6b6435d0,3 0,0
deee7582-bbb2-11e8-b2ba-ac1f6b6435d0,12 19,12
deef731c-bb9c-11e8-b2b9-ac1f6b6435d0,25 5 0,5 25
def25290-bbc3-11e8-b2bc-ac1f6b6435d0,16,0 16
defc6fbe-bba0-11e8-b2b9-ac1f6b6435d0,7 5 0,0 7
defed2e2-bb9e-11e8-b2b9-ac1f6b6435d0,0 21,0 22
df00db82-bb99-11e8-b2b9-ac1f6b6435d0,25,0 25
df00f6c6-bbb2-11e8-b2ba-ac1f6b6435d0,19 0,0 25
df015cda-bb9c-11e8-b2b9-ac1f6b6435d0,25 0,0
df04af32-bba8-11e8-b2ba-ac1f6b6435d0,25 0,0
df07e262-bbc9-11e8-b2bc-ac1f6b6435d0,7 0,0 7
df086254-bbc5-11e8-b2bc-ac1f6b6435d0,1 0 21,0 21
df0a5392-bb9e-11e8-b2b9-ac1f6b6435d0,0,0 25 26
df148e60-bbc7-11e8-b2bc-ac1f6b6435d0,7,7
df155dd6-bba4-11e8-b2ba-ac1f6b6435d0,0 21,0 21
df16090a-bbbf-11e8-b2bb-ac1f6b6435d0,19 2 0,0 2 19
df167232-bbb5-11e8-b2ba-ac1f6b6435d0,4,4
df180766-bba9-11e8-b2ba-ac1f6b6435d0,13 1 0,0 1
df19047c-bbc2-11e8-b2bc-ac1f6b6435d0,2 0,0 3
df1a20ea-bb9b-11e8-b2b9-ac1f6b6435d0,7,7
df1ad85c-bba3-11e8-b2b9-ac1f6b6435d0,0,0
df1f05a2-bbbd-11e8-b2ba-ac1f6b6435d0,2 3 0,0 3
df1f355e-bbbd-11e8-b2ba-ac1f6b6435d0,25 5 3 0,4 25
df207970-bbac-11e8-b2ba-ac1f6b6435d0,7 0 21,0 21
df21ad26-bbad-11e8-b2ba-ac1f6b6435d0,25 0,0 25
df27b7b8-bba6-11e8-b2ba-ac1f6b6435d0,19 0,0 18 19
df28267e-bbbc-11e8-b2ba-ac1f6b6435d0,0,0
df285820-bbc0-11e8-b2bb-ac1f6b6435d0,23,21
df2db16e-bbbe-11e8-b2ba-ac1f6b6435d0,5,5
df2f4af0-bbc9-11e8-b2bc-ac1f6b6435d0,14 0,0 25
df33a740-bbb4-11e8-b2ba-ac1f6b6435d0,25 21,21 25
df345ac6-bbc0-11e8-b2bb-ac1f6b6435d0,2,2
df397b7a-bbb4-11e8-b2ba-ac1f6b6435d0,4,4
df39d382-bb9f-11e8-b2b9-ac1f6b6435d0,4,4
df3d4602-bbb3-11e8-b2ba-ac1f6b6435d0,7,20 23
df3f178c-bb9c-11e8-b2b9-ac1f6b6435d0,0 21,0 21
df3f854a-bbac-11e8-b2ba-ac1f6b6435d0,3,3
df40dc26-bb9b-11e8-b2b9-ac1f6b6435d0,0,0
df41a464-bbc1-11e8-b2bb-ac1f6b6435d0,2 0,0 2
df42fdd8-bbb1-11e8-b2ba-ac1f6b6435d0,4 0,0 4
df48c2f8-bba8-11e8-b2ba-ac1f6b6435d0,25 0,25
df4a3a44-bbb6-11e8-b2ba-ac1f6b6435d0,25 0,25
df4b3d82-bbb5-11e8-b2ba-ac1f6b6435d0,0,0 25
df4ce06e-bbac-11e8-b2ba-ac1f6b6435d0,25 21,21 25
df4fc4fe-bbb2-11e8-b2ba-ac1f6b6435d0,25 0,0 25
df503242-bbbf-11e8-b2bb-ac1f6b6435d0,18 0,0 25
df51ff14-bbc9-11e8-b2bc-ac1f6b6435d0,25,25
df5233f2-bbac-11e8-b2ba-ac1f6b6435d0,4,19
df5340d2-bb9b-11e8-b2b9-ac1f6b6435d0,7 0,0 23
df54027e-bbb4-11e8-b2ba-ac1f6b6435d0,23,23
df573730-bbca-11e8-b2bc-ac1f6b6435d0,23,23
df59aac0-bbb0-11e8-b2ba-ac1f6b6435d0,2 21,2 25
df5b1972-bbb1-11e8-b2ba-ac1f6b6435d0,19 0,0 18 19
df5d713e-bbb3-11e8-b2ba-ac1f6b6435d0,25 7 0,0 7
df66d648-bba4-11e8-b2ba-ac1f6b6435d0,23,23
df6aa1b2-bba2-11e8-b2b9-ac1f6b6435d0,13,13
df6c7144-bb99-11e8-b2b9-ac1f6b6435d0,12 25 0,0 12 21
df71d5be-bbbf-11e8-b2bb-ac1f6b6435d0,2 0,0 5
df760abc-bba1-11e8-b2b9-ac1f6b6435d0,0 21,0 25
df788930-bb9d-11e8-b2b9-ac1f6b6435d0,21,25
df79e086-bb9e-11e8-b2b9-ac1f6b6435d0,25 5,21
df7a16e4-bbaa-11e8-b2ba-ac1f6b6435d0,4,4
df7c56f4-bba8-11e8-b2ba-ac1f6b6435d0,25 2,2 25
df7ed7f8-bbbc-11e8-b2ba-ac1f6b6435d0,23 0,0 23
df80548c-bbaf-11e8-b2ba-ac1f6b6435d0,4,4
df8255f2-bbb4-11e8-b2ba-ac1f6b6435d0,25 7 0,0 7 25
df857af0-bbc0-11e8-b2bb-ac1f6b6435d0,5,0 5
df85c1aa-bbc4-11e8-b2bc-ac1f6b6435d0,25 2,2 25
df8ab0cc-bba9-11e8-b2ba-ac1f6b6435d0,25 18,18 25
df8d1cf2-bbc9-11e8-b2bc-ac1f6b6435d0,5,5
df8eaf8a-bbc0-11e8-b2bb-ac1f6b6435d0,25,25
df9050b4-bbb7-11e8-b2ba-ac1f6b6435d0,0,0
df9e03b4-bbb0-11e8-b2ba-ac1f6b6435d0,25,25
df9ea484-bb9e-11e8-b2b9-ac1f6b6435d0,7,7
dfa4735c-bbbf-11e8-b2bb-ac1f6b6435d0,25,25
dfaf6008-bbc1-11e8-b2bb-ac1f6b6435d0,3,3
dfaff6f2-bba4-11e8-b2ba-ac1f6b6435d0,2,2
dfb225b2-bb9a-11e8-b2b9-ac1f6b6435d0,19,19
dfb4c898-bbb4-11e8-b2ba-ac1f6b6435d0,22 2 0,0 2 21
dfb68020-bba5-11e8-b2ba-ac1f6b6435d0,14,14 25
dfb7e3b2-bbae-11e8-b2ba-ac1f6b6435d0,14 3 0,0 3 14
dfb7e69c-bbb7-11e8-b2ba-ac1f6b6435d0,11,11
dfbdf1a6-bbb5-11e8-b2ba-ac1f6b6435d0,3,3
dfc22dbc-bbaf-11e8-b2ba-ac1f6b6435d0,5 0,0
dfc94cca-bb99-11e8-b2b9-ac1f6b6435d0,25 0,0 5 25
dfcaa84e-bba9-11e8-b2ba-ac1f6b6435d0,25 0,0 16 25
dfcd799c-bbaf-11e8-b2ba-ac1f6b6435d0,22 0,0 13 22
dfcee880-bbab-11e8-b2ba-ac1f6b6435d0,22,22
dfd1a378-bba0-11e8-b2b9-ac1f6b6435d0,19,0 19
dfd47b4c-bbc9-11e8-b2bc-ac1f6b6435d0,1,1
dfd7a71e-bb9b-11e8-b2b9-ac1f6b6435d0,23,23
dfda7d0a-bbbd-11e8-b2ba-ac1f6b6435d0,25 4,4 25
dfda7e4a-bbb8-11e8-b2ba-ac1f6b6435d0,25 21,0 21
dfdbeed8-bbc2-11e8-b2bc-ac1f6b6435d0,7 0,0 7
dfdde442-bbc5-11e8-b2bc-ac1f6b6435d0,0,0
dfe23162-bbae-11e8-b2ba-ac1f6b6435d0,5 0,5
dfe23e4e-bbab-11e8-b2ba-ac1f6b6435d0,3,3
dfe25d68-bba9-11e8-b2ba-ac1f6b6435d0,0,0
dfe2770a-bbac-11e8-b2ba-ac1f6b6435d0,12,6
dfe3cda4-bbba-11e8-b2ba-ac1f6b6435d0,23 3 0,0 3
dfe7ef6c-bb9f-11e8-b2b9-ac1f6b6435d0,5,3 5
dfeb10f0-bbc4-11e8-b2bc-ac1f6b6435d0,25,14 25
dfec796e-bbb4-11e8-b2ba-ac1f6b6435d0,3,3
dfed5de6-bbac-11e8-b2ba-ac1f6b6435d0,3 0,0 3
dff08de2-bb9b-11e8-b2b9-ac1f6b6435d0,23 21,21 23 25
dff225e6-bbc1-11e8-b2bb-ac1f6b6435d0,0,0
dff2c860-bbbd-11e8-b2ba-ac1f6b6435d0,11 0,0 11
dff48b6e-bbae-11e8-b2ba-ac1f6b6435d0,14,14
dff506f4-bbc5-11e8-b2bc-ac1f6b6435d0,0 21,0 25
dff74584-bb9f-11e8-b2b9-ac1f6b6435d0,0,0
dff7472a-bbac-11e8-b2ba-ac1f6b6435d0,23 2,23
dff810e2-bbb6-11e8-b2ba-ac1f6b6435d0,6,6 25
dffa8d94-bb99-11e8-b2b9-ac1f6b6435d0,25 21,2 21 25
dffb66bc-bba6-11e8-b2ba-ac1f6b6435d0,1 0,0 1
dffc9dfa-bbb2-11e8-b2ba-ac1f6b6435d0,25 5,26
dffd27a4-bbab-11e8-b2ba-ac1f6b6435d0,7 23 0,0 7
dffe8b4a-bbaf-11e8-b2ba-ac1f6b6435d0,0,0
e002cd98-bbac-11e8-b2ba-ac1f6b6435d0,7,7
e008561e-bbbb-11e8-b2ba-ac1f6b6435d0,25 18 17,14
e00a52b0-bbad-11e8-b2ba-ac1f6b6435d0,13,13
e00b1922-bba6-11e8-b2ba-ac1f6b6435d0,25 4,4 25
e00dce86-bbb2-11e8-b2ba-ac1f6b6435d0,11,11
e00e1254-bbb9-11e8-b2ba-ac1f6b6435d0,2,2
e00f7cb2-bbae-11e8-b2ba-ac1f6b6435d0,4,4
e0164238-bbb1-11e8-b2ba-ac1f6b6435d0,1 4,1 4
e01808fa-bbb8-11e8-b2ba-ac1f6b6435d0,7 5 0,0 21
e0196020-bba3-11e8-b2b9-ac1f6b6435d0,25 0,0 25
e0198812-bba7-11e8-b2ba-ac1f6b6435d0,2 0,0 2
e01abe32-bbc3-11e8-b2bc-ac1f6b6435d0,25 7,7 21
e01c18fa-bba9-11e8-b2ba-ac1f6b6435d0,19,0
e021fe98-bbb1-11e8-b2ba-ac1f6b6435d0,23,6
e022d4a0-bbaf-11e8-b2ba-ac1f6b6435d0,23 0,0 23
e0234e26-bbb9-11e8-b2ba-ac1f6b6435d0,7 1 0 21,0 1 7 21
e0251b48-bbb9-11e8-b2ba-ac1f6b6435d0,14,14
e0255a38-bba3-11e8-b2b9-ac1f6b6435d0,23,23
e02633ce-bbbf-11e8-b2bb-ac1f6b6435d0,25,25
e0263f5e-bbba-11e8-b2ba-ac1f6b6435d0,21,21
e026aa08-bbbe-11e8-b2ba-ac1f6b6435d0,23,23
e029c266-bbc2-11e8-b2bc-ac1f6b6435d0,19,19
e030c00c-bba9-11e8-b2ba-ac1f6b6435d0,25 2,2 6 25
e030f93a-bba1-11e8-b2b9-ac1f6b6435d0,25 0,0 25
e032ea68-bba8-11e8-b2ba-ac1f6b6435d0,23,23
e0335bbc-bbc9-11e8-b2bc-ac1f6b6435d0,21,21
e035efb0-bb9e-11e8-b2b9-ac1f6b6435d0,25 5 0,23
e03714b4-bba1-11e8-b2b9-ac1f6b6435d0,23,23
e039b206-bbc8-11e8-b2bc-ac1f6b6435d0,2 0,0 2
e03b592c-bbc2-11e8-b2bc-ac1f6b6435d0,0,0
e03da0be-bbc3-11e8-b2bc-ac1f6b6435d0,4,4
e04212fa-bbbb-11e8-b2ba-ac1f6b6435d0,4,4
e0447410-bbab-11e8-b2ba-ac1f6b6435d0,13 4,13 21
e04474ea-bbbc-11e8-b2ba-ac1f6b6435d0,25,25
e04643d4-bbc0-11e8-b2bb-ac1f6b6435d0,25 0,0 18
e046c4ea-bbab-11e8-b2ba-ac1f6b6435d0,3,3
e0470e16-bbc2-11e8-b2bc-ac1f6b6435d0,25 1 0,1 25
e050b8de-bbc8-11e8-b2bc-ac1f6b6435d0,23 0,0 25
e05a2022-bbc3-11e8-b2bc-ac1f6b6435d0,21,21 22
e05cbb6c-bb9f-11e8-b2b9-ac1f6b6435d0,6 2,0 4 21
e05ed674-bb9d-11e8-b2b9-ac1f6b6435d0,18,18
e0610dca-bbbd-11e8-b2ba-ac1f6b6435d0,19 0,0
e0678d48-bbb9-11e8-b2ba-ac1f6b6435d0,25 5,0
e06b486c-bbb3-11e8-b2ba-ac1f6b6435d0,0,0
e06e809a-bbae-11e8-b2ba-ac1f6b6435d0,25,25
e0701600-bbbb-11e8-b2ba-ac1f6b6435d0,23,0 23
e0721c68-bb9b-11e8-b2b9-ac1f6b6435d0,2,2 3
e0745cb2-bbc8-11e8-b2bc-ac1f6b6435d0,0 21,0
e074cb96-bbb1-11e8-b2ba-ac1f6b6435d0,0,0 25
e076b426-bba0-11e8-b2b9-ac1f6b6435d0,23,23
e078a108-bba7-11e8-b2ba-ac1f6b6435d0,22 0,0 22
e078af7c-bbc5-11e8-b2bc-ac1f6b6435d0,25 17,21
e07947f0-bbc7-11e8-b2bc-ac1f6b6435d0,5 0 21,0 5
e07a1e98-bbac-11e8-b2ba-ac1f6b6435d0,12 0,0 12
e07ea7be-bba8-11e8-b2ba-ac1f6b6435d0,11,7 11
e0833770-bbb7-11e8-b2ba-ac1f6b6435d0,0,0
e085d04a-bbc4-11e8-b2bc-ac1f6b6435d0,5 0,5
e086221e-bbad-11e8-b2ba-ac1f6b6435d0,25 21,21 25
e08b5c74-bbae-11e8-b2ba-ac1f6b6435d0,0 21,21
e08ed6e0-bbab-11e8-b2ba-ac1f6b6435d0,23 2,2 23
e08fbf62-bbc7-11e8-b2bc-ac1f6b6435d0,6 7,7
e0912e8c-bb9b-11e8-b2b9-ac1f6b6435d0,0,0 25
e0938fb0-bba5-11e8-b2ba-ac1f6b6435d0,24 25,24 25
e0959910-bbbc-11e8-b2ba-ac1f6b6435d0,0,0
e096c00c-bbbb-11e8-b2ba-ac1f6b6435d0,25 4,25
e09815f4-bba9-11e8-b2ba-ac1f6b6435d0,0 21,0 23
e0983202-bb9d-11e8-b2b9-ac1f6b6435d0,1 0,0 1
e099fb14-bbb6-11e8-b2ba-ac1f6b6435d0,2 0 21,21
e09a2d66-bbb9-11e8-b2ba-ac1f6b6435d0,25,6 25
e09c87e6-bba0-11e8-b2b9-ac1f6b6435d0,0,0
e09e250a-bba6-11e8-b2ba-ac1f6b6435d0,6,25
e09f01ec-bbc3-11e8-b2bc-ac1f6b6435d0,23,23
e0a43800-bba1-11e8-b2b9-ac1f6b6435d0,25 21,21 25
e0a43b74-bbb1-11e8-b2ba-ac1f6b6435d0,0,0 16
e0a5df28-bbc6-11e8-b2bc-ac1f6b6435d0,2 0,0 2
e0a77e3a-bbb9-11e8-b2ba-ac1f6b6435d0,25 2,2 25
e0aa71b4-bba3-11e8-b2b9-ac1f6b6435d0,14,14
e0aa98e0-bbaa-11e8-b2ba-ac1f6b6435d0,11,11
e0aaae22-bbbc-11e8-b2ba-ac1f6b6435d0,25,6 25
e0b1ee04-bbac-11e8-b2ba-ac1f6b6435d0,22 25,22 25
e0b3275e-bb9a-11e8-b2b9-ac1f6b6435d0,5,5
e0b46708-bbaa-11e8-b2ba-ac1f6b6435d0,7,7
e0b47258-bb9a-11e8-b2b9-ac1f6b6435d0,23,23
e0b5f3be-bbc5-11e8-b2bc-ac1f6b6435d0,7,7
e0b7c6a0-bba5-11e8-b2ba-ac1f6b6435d0,25,25
e0b9892e-bbb7-11e8-b2ba-ac1f6b6435d0,23 0,25
e0b9e426-bbb9-11e8-b2ba-ac1f6b6435d0,23,7
e0bdcf16-bbc1-11e8-b2bb-ac1f6b6435d0,0,0
e0c44d50-bbb7-11e8-b2ba-ac1f6b6435d0,0,0
e0c7ee08-bbba-11e8-b2ba-ac1f6b6435d0,14,14
e0cc486a-bba4-11e8-b2ba-ac1f6b6435d0,19,19
e0cdce64-bbb9-11e8-b2ba-ac1f6b6435d0,25 21,21 25
e0d03c60-bbac-11e8-b2ba-ac1f6b6435d0,0,0
e0d04b00-bba3-11e8-b2b9-ac1f6b6435d0,7,7
e0d6517a-bbb3-11e8-b2ba-ac1f6b6435d0,25 0,0 1 25
e0d6f9c8-bbad-11e8-b2ba-ac1f6b6435d0,5,5
e0da54da-bbb0-11e8-b2ba-ac1f6b6435d0,0,0
e0dde7f2-bbac-11e8-b2ba-ac1f6b6435d0,13 4,4 13
e0dff6ec-bbba-11e8-b2ba-ac1f6b6435d0,7,7
e0e30d8a-bbc1-11e8-b2bb-ac1f6b6435d0,18,18
e0e3182c-bba6-11e8-b2ba-ac1f6b6435d0,0 21,0 25
e0e5068a-bb9e-11e8-b2b9-ac1f6b6435d0,6,6
e0e53514-bba9-11e8-b2ba-ac1f6b6435d0,25,25
e0e6a19a-bbb0-11e8-b2ba-ac1f6b6435d0,2,2
e0e7e63c-bbaa-11e8-b2ba-ac1f6b6435d0,21,0 21
e0e8830e-bb9f-11e8-b2b9-ac1f6b6435d0,21,21
e0e9caf2-bba9-11e8-b2ba-ac1f6b6435d0,0,0 17
e0ed3f22-bbbb-11e8-b2ba-ac1f6b6435d0,19 0,0 3 19
e0ed6e0e-bbbe-11e8-b2ba-ac1f6b6435d0,0,0
e0ee70e6-bbb0-11e8-b2ba-ac1f6b6435d0,3 0,0 25
e0f07300-bbb0-11e8-b2ba-ac1f6b6435d0,25 0 21,0 21 25
e0f2ede4-bbb3-11e8-b2ba-ac1f6b6435d0,3 0,3
e0f32918-bba3-11e8-b2b9-ac1f6b6435d0,12,12
e0f415e4-bbc6-11e8-b2bc-ac1f6b6435d0,19,19
e0f5c4a2-bbb2-11e8-b2ba-ac1f6b6435d0,2 0,0 2
e0f6bfa4-bbbe-11e8-b2ba-ac1f6b6435d0,2 0,0 2
e0f8d87a-bbb4-11e8-b2ba-ac1f6b6435d0,1,0 1
e0f921e0-bbc8-11e8-b2bc-ac1f6b6435d0,25 0,0 25
e0f9ccae-bbb3-11e8-b2ba-ac1f6b6435d0,25 0,0
e1033368-bbac-11e8-b2ba-ac1f6b6435d0,11,11
e103e132-bba7-11e8-b2ba-ac1f6b6435d0,25 0,0 25
e10bc054-bbb7-11e8-b2ba-ac1f6b6435d0,1,1 6
e10f46f4-bba6-11e8-b2ba-ac1f6b6435d0,25 4,4
e10f7e00-bb9a-11e8-b2b9-ac1f6b6435d0,19 21,21 25
e11179a2-bbb9-11e8-b2ba-ac1f6b6435d0,23,23
e11362ee-bbbe-11e8-b2ba-ac1f6b6435d0,4,4
e116fa74-bba2-11e8-b2b9-ac1f6b6435d0,7 0,0 7
e1188eb6-bbc5-11e8-b2bc-ac1f6b6435d0,19,19
e11b25cc-bbb1-11e8-b2ba-ac1f6b6435d0,25 0,0 25
e1253b64-bbb3-11e8-b2ba-ac1f6b6435d0,6 5,5 6
e12633f8-bbc6-11e8-b2bc-ac1f6b6435d0,25 0,0 25
e126b30a-bbb7-11e8-b2ba-ac1f6b6435d0,25 0,0 25
e12b3ad6-bbaa-11e8-b2ba-ac1f6b6435d0,22 0 21,0 22 25
e12f24ee-bba9-11e8-b2ba-ac1f6b6435d0,7,7
e134b524-bbbf-11e8-b2bb-ac1f6b6435d0,5,5
e134d92a-bbae-11e8-b2ba-ac1f6b6435d0,25,5 25
e1360d66-bbb5-11e8-b2ba-ac1f6b6435d0,14,14
e1391e8a-bba5-11e8-b2ba-ac1f6b6435d0,4,4
e13f4e2a-bbbb-11e8-b2ba-ac1f6b6435d0,3,3
e13fd2ea-bbb2-11e8-b2ba-ac1f6b6435d0,2 0,0 2
e13fdc08-bbae-11e8-b2ba-ac1f6b6435d0,7,7
e1419f06-bbb4-11e8-b2ba-ac1f6b6435d0,19 0,0 19
e14641d6-bba6-11e8-b2ba-ac1f6b6435d0,25,25
e146b350-bba6-11e8-b2ba-ac1f6b6435d0,19,19 25
e1480d20-bbc6-11e8-b2bc-ac1f6b6435d0,2 21,2 21
e1499550-bbbc-11e8-b2ba-ac1f6b6435d0,11,11
e14e1074-bb9b-11e8-b2b9-ac1f6b6435d0,7,7
e14f6770-bb9c-11e8-b2b9-ac1f6b6435d0,25 7 2 21,2 7 25
e1516b9a-bb9e-11e8-b2b9-ac1f6b6435d0,25 5 1,1 5
e155e3a8-bbbe-11e8-b2ba-ac1f6b6435d0,23,23
e1572222-bbbe-11e8-b2ba-ac1f6b6435d0,7,7 9 20
e15793c8-bbb5-11e8-b2ba-ac1f6b6435d0,25 3 0,0 3
e158dad6-bba0-11e8-b2b9-ac1f6b6435d0,25 21,21
e1592fb0-bba8-11e8-b2ba-ac1f6b6435d0,6,6 25
e15a6640-bbae-11e8-b2ba-ac1f6b6435d0,1,1
e15ac9bc-bbc4-11e8-b2bc-ac1f6b6435d0,25 0,0 25
e15b58a8-bbb2-11e8-b2ba-ac1f6b6435d0,12 4,4 11
e15ef56e-bba1-11e8-b2b9-ac1f6b6435d0,2,2
e160dd42-bbbb-11e8-b2ba-ac1f6b6435d0,0,0
e164b8de-bbae-11e8-b2ba-ac1f6b6435d0,24 18,24
e16936f0-bbbf-11e8-b2bb-ac1f6b6435d0,23,23
e1696324-bbaa-11e8-b2ba-ac1f6b6435d0,18 0,0 19
e16b7204-bbc8-11e8-b2bc-ac1f6b6435d0,26 25,25
e16ed2d2-bbaa-11e8-b2ba-ac1f6b6435d0,3,3
e173ab44-bb9c-11e8-b2b9-ac1f6b6435d0,2 0,0 2
e178048c-bbbf-11e8-b2bb-ac1f6b6435d0,25 2 21,2 21 25
e17a52e8-bba9-11e8-b2ba-ac1f6b6435d0,23,23
e18036cc-bba4-11e8-b2ba-ac1f6b6435d0,1,1
e1811088-bbc7-11e8-b2bc-ac1f6b6435d0,0,0
e1813164-bbac-11e8-b2ba-ac1f6b6435d0,25 0,0 25
e1831f4e-bbc8-11e8-b2bc-ac1f6b6435d0,23,6 23
e1835d64-bba6-11e8-b2ba-ac1f6b6435d0,23,23
e184ef52-bba2-11e8-b2b9-ac1f6b6435d0,11,3 11
e185b1b6-bba3-11e8-b2b9-ac1f6b6435d0,19 25,19 25
e185ea20-bbc9-11e8-b2bc-ac1f6b6435d0,11 0,0 11
e18ce2d0-bbc9-11e8-b2bc-ac1f6b6435d0,26 4,0 26
e18e4a1a-bbad-11e8-b2ba-ac1f6b6435d0,1 0,0 1
e18ffea8-bbc3-11e8-b2bc-ac1f6b6435d0,25 14,14 25
e1915f2a-bbb7-11e8-b2ba-ac1f6b6435d0,25,6
e19290d8-bbb8-11e8-b2ba-ac1f6b6435d0,25 7,7 25
e1942186-bbc8-11e8-b2bc-ac1f6b6435d0,2 0,0 2
e1948b60-bbc5-11e8-b2bc-ac1f6b6435d0,0,0
e1972e92-bba7-11e8-b2ba-ac1f6b6435d0,25,25
e19794de-bb9f-11e8-b2b9-ac1f6b6435d0,19,19
e197f340-bbc0-11e8-b2bb-ac1f6b6435d0,7,7
e197fe2a-bba3-11e8-b2b9-ac1f6b6435d0,5,3
e19b9114-bbaa-11e8-b2ba-ac1f6b6435d0,7,7
e19bd8ae-bb9b-11e8-b2b9-ac1f6b6435d0,2,2
e19c3110-bbbd-11e8-b2ba-ac1f6b6435d0,4 21,4 21
e19caaa4-bbb9-11e8-b2ba-ac1f6b6435d0,12,12 21
e1a02a50-bbb2-11e8-b2ba-ac1f6b6435d0,5 0,5
e1a08b96-bba1-11e8-b2b9-ac1f6b6435d0,4,4
e1a2e52c-bbb4-11e8-b2ba-ac1f6b6435d0,21,13
e1a351be-bbc4-11e8-b2bc-ac1f6b6435d0,13 7 0,0 7 13
e1a72a40-bbc0-11e8-b2bb-ac1f6b6435d0,18 0,0
e1a7688c-bbbd-11e8-b2ba-ac1f6b6435d0,25 0,0 25
e1a85ae2-bbb0-11e8-b2ba-ac1f6b6435d0,25 1,14
e1aead74-bbb6-11e8-b2ba-ac1f6b6435d0,25 0,0 7 25
e1aed506-bba2-11e8-b2b9-ac1f6b6435d0,0,0
e1ba2ab4-bba2-11e8-b2b9-ac1f6b6435d0,2 0,0 2
e1ba3bda-bb9d-11e8-b2b9-ac1f6b6435d0,19 0,0 19
e1bb889c-bbab-11e8-b2ba-ac1f6b6435d0,11 0,11
e1bfbba0-bbb1-11e8-b2ba-ac1f6b6435d0,19 25 7 0,0 7
e1c037fc-bbba-11e8-b2ba-ac1f6b6435d0,16 7,7 16
e1c26eea-bb9d-11e8-b2b9-ac1f6b6435d0,25,25
e1c2af7e-bb9b-11e8-b2b9-ac1f6b6435d0,23,12 23
e1c52870-bbc9-11e8-b2bc-ac1f6b6435d0,12 25 0 21,0 21 25
e1c53aba-bbb3-11e8-b2ba-ac1f6b6435d0,11,11
e1c8faf2-bb99-11e8-b2b9-ac1f6b6435d0,19 23 21,19
e1c9c7b6-bb99-11e8-b2b9-ac1f6b6435d0,0,0
e1cd95f2-bb9f-11e8-b2b9-ac1f6b6435d0,25 21,21 23 25
e1d0b10c-bba3-11e8-b2b9-ac1f6b6435d0,14,14
e1d41bc8-bbb5-11e8-b2ba-ac1f6b6435d0,2,2
e1d6d560-bbb1-11e8-b2ba-ac1f6b6435d0,25 2,2 25
e1d8641c-bba1-11e8-b2b9-ac1f6b6435d0,25 7 0,0 7
e1db3c0c-bbbd-11e8-b2ba-ac1f6b6435d0,0,0
e1dd7f4e-bb9f-11e8-b2b9-ac1f6b6435d0,25 7,2 7 25
e1e142f0-bbae-11e8-b2ba-ac1f6b6435d0,25 13 0,21
e1e1c45a-bbbd-11e8-b2ba-ac1f6b6435d0,25 2,2
e1e78908-bbc2-11e8-b2bc-ac1f6b6435d0,25 14,14
e1ec5294-bbc2-11e8-b2bc-ac1f6b6435d0,19 25,19 25
e1f4368e-bbc8-11e8-b2bc-ac1f6b6435d0,12,11
e1f533fc-bbb6-11e8-b2ba-ac1f6b6435d0,7 0,0
e1f5486e-bbc1-11e8-b2bb-ac1f6b6435d0,19 0,0 19
e1f70d76-bb9d-11e8-b2b9-ac1f6b6435d0,0 21,0 21
e1f85e54-bba4-11e8-b2ba-ac1f6b6435d0,5 0,0 7
e1fe116a-bb99-11e8-b2b9-ac1f6b6435d0,3 0,3
e1fe895c-bbbb-11e8-b2ba-ac1f6b6435d0,22 5 2,0 2
e1ffd51a-bbc9-11e8-b2bc-ac1f6b6435d0,25 0 21,0 22
e2002108-bbc1-11e8-b2bb-ac1f6b6435d0,0,0
e201b054-bb99-11e8-b2b9-ac1f6b6435d0,25 14,2 6
e2048786-bbc4-11e8-b2bc-ac1f6b6435d0,4,4
e2071ac2-bbb1-11e8-b2ba-ac1f6b6435d0,21,21
e20abe0e-bbb4-11e8-b2ba-ac1f6b6435d0,14,14
e20f1baa-bbc0-11e8-b2bb-ac1f6b6435d0,5 0,0 25
e210338e-bba0-11e8-b2b9-ac1f6b6435d0,25,25
e2121636-bba5-11e8-b2ba-ac1f6b6435d0,25 5,0 25
e2171546-bbaa-11e8-b2ba-ac1f6b6435d0,6,6
e21760ae-bb9c-11e8-b2b9-ac1f6b6435d0,4,4
e217c6a8-bbaf-11e8-b2ba-ac1f6b6435d0,25,21 25
e21b9d8a-bbb6-11e8-b2ba-ac1f6b6435d0,0 21,0 23
e21d4604-bbba-11e8-b2ba-ac1f6b6435d0,5 0,0 5
e2221778-bbb1-11e8-b2ba-ac1f6b6435d0,0 21,21
e22543e8-bb9e-11e8-b2b9-ac1f6b6435d0,2 0,0
e2278eb6-bbc4-11e8-b2bc-ac1f6b6435d0,23 2,2 23 25
e2288ff6-bba5-11e8-b2ba-ac1f6b6435d0,23 0,0 23
e22a0602-bbc7-11e8-b2bc-ac1f6b6435d0,4,4
e22a1de4-bbc8-11e8-b2bc-ac1f6b6435d0,25 2,3 25
e22a5180-bbad-11e8-b2ba-ac1f6b6435d0,16 18 17 0,21
e22deaf6-bbb8-11e8-b2ba-ac1f6b6435d0,14 0,0 14
e232d3e4-bbc3-11e8-b2bc-ac1f6b6435d0,3,3
e232fec4-bbb8-11e8-b2ba-ac1f6b6435d0,13 18,13
e2342cdc-bbad-11e8-b2ba-ac1f6b6435d0,6,6
e235b5a8-bba7-11e8-b2ba-ac1f6b6435d0,5,5
e23e99a0-bb9a-11e8-b2b9-ac1f6b6435d0,2 0,2 3
e24136a0-bbbe-11e8-b2ba-ac1f6b6435d0,7 5,25
e242586c-bbc5-11e8-b2bc-ac1f6b6435d0,5 0,0 5
e2477d66-bbba-11e8-b2ba-ac1f6b6435d0,7,7
e248535c-bb9d-11e8-b2b9-ac1f6b6435d0,14,14
e249cede-bbad-11e8-b2ba-ac1f6b6435d0,26 3 0,0 3 26
e24f35b8-bbb2-11e8-b2ba-ac1f6b6435d0,0,0
e2528a2a-bba2-11e8-b2b9-ac1f6b6435d0,25,25
e252d766-bbaa-11e8-b2ba-ac1f6b6435d0,11,11 12
e2536ab8-bbba-11e8-b2ba-ac1f6b6435d0,25 18 1,0 1
e256c640-bbb0-11e8-b2ba-ac1f6b6435d0,11 3 0,0 3
e2581f78-bbb4-11e8-b2ba-ac1f6b6435d0,23 2 0,0 2 23
e25873d8-bbbe-11e8-b2ba-ac1f6b6435d0,19 25,25
e2589c84-bbb2-11e8-b2ba-ac1f6b6435d0,5,5
e258fad6-bb9d-11e8-b2b9-ac1f6b6435d0,25 0,0 25
e25914a2-bbc6-11e8-b2bc-ac1f6b6435d0,25 3 0,0 2 25
e2592548-bbc4-11e8-b2bc-ac1f6b6435d0,22 25,21 25
e2599ec2-bba3-11e8-b2b9-ac1f6b6435d0,25,21 25
e25a7076-bba4-11e8-b2ba-ac1f6b6435d0,4,4
e25aac1a-bbba-11e8-b2ba-ac1f6b6435d0,5,5 25
e25b671c-bba2-11e8-b2b9-ac1f6b6435d0,25 18 0,0 18 21
e2612d82-bbb1-11e8-b2ba-ac1f6b6435d0,25 0,0 25
e2623914-bbb8-11e8-b2ba-ac1f6b6435d0,20,6 20
e262f03e-bbae-11e8-b2ba-ac1f6b6435d0,3 0,0 3
e2665b9e-bbc6-11e8-b2bc-ac1f6b6435d0,1 0,0 1
e266f9bc-bbaa-11e8-b2ba-ac1f6b6435d0,18 21,21
e26784cc-bb9b-11e8-b2b9-ac1f6b6435d0,0 21,0 21
e26798f2-bba7-11e8-b2ba-ac1f6b6435d0,7 0,0 7
e2683da2-bbb1-11e8-b2ba-ac1f6b6435d0,0,0
e26a5ccc-bba7-11e8-b2ba-ac1f6b6435d0,4,4
e26b2e46-bbb5-11e8-b2ba-ac1f6b6435d0,11,11
e26fe72a-bb9b-11e8-b2b9-ac1f6b6435d0,18,18
e2725c3a-bba0-11e8-b2b9-ac1f6b6435d0,4,4
e2732ac2-bba8-11e8-b2ba-ac1f6b6435d0,4,4
e2762e82-bba5-11e8-b2ba-ac1f6b6435d0,2 0,0 2
e2774572-bbbb-11e8-b2ba-ac1f6b6435d0,4,4
e2785a54-bbaf-11e8-b2ba-ac1f6b6435d0,25 3 0,0 3 25
e27b09e8-bbaa-11e8-b2ba-ac1f6b6435d0,19 25 21,19 21
e27bb6b4-bba9-11e8-b2ba-ac1f6b6435d0,7,7
e27cf9e8-bbb8-11e8-b2ba-ac1f6b6435d0,0,0
e27d370e-bbb9-11e8-b2ba-ac1f6b6435d0,2,0
e27f08b2-bbab-11e8-b2ba-ac1f6b6435d0,14,14
e27f9d84-bbad-11e8-b2ba-ac1f6b6435d0,1,1
e2822c90-bb9c-11e8-b2b9-ac1f6b6435d0,21,21 22
e2858864-bbaa-11e8-b2ba-ac1f6b6435d0,13,13
e28b0f24-bbbd-11e8-b2ba-ac1f6b6435d0,23 0,23
e28be932-bba2-11e8-b2b9-ac1f6b6435d0,23 0,23
e28c33f6-bbbb-11e8-b2ba-ac1f6b6435d0,0,0
e28d68ec-bb9e-11e8-b2b9-ac1f6b6435d0,25 21,0 21
e28dea22-bbb4-11e8-b2ba-ac1f6b6435d0,25 0 21,0 21 25
e28eb8a4-bba4-11e8-b2ba-ac1f6b6435d0,21,21
e292f920-bbb1-11e8-b2ba-ac1f6b6435d0,13 23 0 21,0 23
e29338ea-bbac-11e8-b2ba-ac1f6b6435d0,0,0
e294eb98-bba9-11e8-b2ba-ac1f6b6435d0,0,0
e295d5fe-bbad-11e8-b2ba-ac1f6b6435d0,7 0,0
e296ef06-bbae-11e8-b2ba-ac1f6b6435d0,26 21,21
e296f388-bbc8-11e8-b2bc-ac1f6b6435d0,0,0
e298c2b8-bb9a-11e8-b2b9-ac1f6b6435d0,23 0,0 25
e29c26d6-bbc9-11e8-b2bc-ac1f6b6435d0,19 0,0 18
e29ea764-bbbd-11e8-b2ba-ac1f6b6435d0,25 0 21,0 25
e2a30dd2-bbb2-11e8-b2ba-ac1f6b6435d0,2 0,0 2
e2a421fe-bba8-11e8-b2ba-ac1f6b6435d0,25 5,25
e2a99138-bb9f-11e8-b2b9-ac1f6b6435d0,4,4
e2ade41c-bbc3-11e8-b2bc-ac1f6b6435d0,14,14
e2ae0a70-bbb7-11e8-b2ba-ac1f6b6435d0,0,0
e2b06598-bbc8-11e8-b2bc-ac1f6b6435d0,22 25 21,21 22 25
e2b0a400-bbb3-11e8-b2ba-ac1f6b6435d0,25 1 0,0 1 25
e2b3f3c6-bb9f-11e8-b2b9-ac1f6b6435d0,2,2
e2b816a8-bba0-11e8-b2b9-ac1f6b6435d0,25 0,0 25
e2bc41d6-bbac-11e8-b2ba-ac1f6b6435d0,21,21
e2bd99d8-bbbf-11e8-b2bb-ac1f6b6435d0,11,11
e2c0ce44-bbb7-11e8-b2ba-ac1f6b6435d0,2 0,0 2 25
e2c3ed36-bba8-11e8-b2ba-ac1f6b6435d0,21,0
e2c723c6-bbc5-11e8-b2bc-ac1f6b6435d0,0,0
e2c8c9c2-bba9-11e8-b2ba-ac1f6b6435d0,24,24
e2ccf7fa-bba3-11e8-b2b9-ac1f6b6435d0,25 0,0 25
e2cfa842-bb9e-11e8-b2b9-ac1f6b6435d0,5,5
e2d0cae6-bba9-11e8-b2ba-ac1f6b6435d0,0,0
e2d26178-bba7-11e8-b2ba-ac1f6b6435d0,19 0,0 19
e2d500c8-bbb5-11e8-b2ba-ac1f6b6435d0,25 4,4 25
e2da192e-bbc3-11e8-b2bc-ac1f6b6435d0,25,25
e2da8d46-bbaa-11e8-b2ba-ac1f6b6435d0,25 0 21,0 21 25
e2db144a-bb9c-11e8-b2b9-ac1f6b6435d0,16 2 21,2 16
e2dd5ce8-bbb3-11e8-b2ba-ac1f6b6435d0,0,0
e2e56e8c-bbb4-11e8-b2ba-ac1f6b6435d0,5,5
e2e5b910-bb9a-11e8-b2b9-ac1f6b6435d0,3,2
e2e69804-bbbc-11e8-b2ba-ac1f6b6435d0,5,4
e2e6ca4a-bb9e-11e8-b2b9-ac1f6b6435d0,0,0
e2e71138-bba0-11e8-b2b9-ac1f6b6435d0,25 21,25
e2ed0ee6-bbb2-11e8-b2ba-ac1f6b6435d0,23,25
e2ee6bf6-bbc1-11e8-b2bb-ac1f6b6435d0,21,21
e2f51d76-bba2-11e8-b2b9-ac1f6b6435d0,21,21
e2f8f8c0-bbb5-11e8-b2ba-ac1f6b6435d0,7,1 7
e2fd9eb4-bbad-11e8-b2ba-ac1f6b6435d0,25 4,4 25
e2fff646-bb99-11e8-b2b9-ac1f6b6435d0,2 0,3
e30040c2-bbb9-11e8-b2ba-ac1f6b6435d0,25 2 0 21,0 2 25
e3044d20-bbaf-11e8-b2ba-ac1f6b6435d0,25 7 0,0 7 25
e307f6d2-bbb9-11e8-b2ba-ac1f6b6435d0,26,25 26
e30ca4e8-bbc8-11e8-b2bc-ac1f6b6435d0,0,0
e30d86ee-bbbc-11e8-b2ba-ac1f6b6435d0,19,25
e3100afe-bbad-11e8-b2ba-ac1f6b6435d0,2,2
e3122d5a-bbc3-11e8-b2bc-ac1f6b6435d0,25 23 0,0 21 23 25
e3152a72-bbb0-11e8-b2ba-ac1f6b6435d0,23 5,23 25
e318f7b4-bbac-11e8-b2ba-ac1f6b6435d0,22 0,0 22
e3195c44-bb99-11e8-b2b9-ac1f6b6435d0,0,0 5
e319fec8-bbb8-11e8-b2ba-ac1f6b6435d0,1 0,0 1
e31cbe62-bbb6-11e8-b2ba-ac1f6b6435d0,25 0,0 25
e31ecde2-bbbb-11e8-b2ba-ac1f6b6435d0,1 2 0,0 2
e321b4fe-bbb5-11e8-b2ba-ac1f6b6435d0,23 0,23
e325adda-bbaa-11e8-b2ba-ac1f6b6435d0,12 26 5 0,0 12
e32c24f8-bbaf-11e8-b2ba-ac1f6b6435d0,0 21,0 21
e32df3d0-bbc5-11e8-b2bc-ac1f6b6435d0,23,23
e3328044-bbac-11e8-b2ba-ac1f6b6435d0,18 0,0 19 25
e333af5a-bba2-11e8-b2b9-ac1f6b6435d0,23,23
e3345e34-bbbe-11e8-b2ba-ac1f6b6435d0,12 25,12 25
e334dfb0-bbb1-11e8-b2ba-ac1f6b6435d0,21,21
e339274a-bbc1-11e8-b2bb-ac1f6b6435d0,7,7 25
e339b250-bbb7-11e8-b2ba-ac1f6b6435d0,19,25
e33a3be8-bba4-11e8-b2ba-ac1f6b6435d0,6,25
e33abd3a-bbb7-11e8-b2ba-ac1f6b6435d0,23,23
e33cce90-bba8-11e8-b2ba-ac1f6b6435d0,16 0 21,0 25
e33fb0b8-bbb4-11e8-b2ba-ac1f6b6435d0,4 21,4 25
e3401b8e-bbaf-11e8-b2ba-ac1f6b6435d0,13,13 22
e341aace-bbac-11e8-b2ba-ac1f6b6435d0,16 18 17 0,18
e349a132-bbbd-11e8-b2ba-ac1f6b6435d0,3,3
e349e436-bba8-11e8-b2ba-ac1f6b6435d0,7 0,0 7
e34dfcd0-bbbf-11e8-b2bb-ac1f6b6435d0,5 0,0 5
e34f6a6e-bbbc-11e8-b2ba-ac1f6b6435d0,11,11
e34f720e-bbc9-11e8-b2bc-ac1f6b6435d0,25 0,0 25
e34feab0-bbc2-11e8-b2bc-ac1f6b6435d0,13 21,13
e353792c-bbaa-11e8-b2ba-ac1f6b6435d0,25 7 5,7 25
e35872d2-bbc4-11e8-b2bc-ac1f6b6435d0,25 2 0,0 2 25
e359ccda-bbb1-11e8-b2ba-ac1f6b6435d0,25,26
e35b8462-bb9d-11e8-b2b9-ac1f6b6435d0,11 3,3 11
e3610a3c-bba6-11e8-b2ba-ac1f6b6435d0,25 0,0 25
e3617076-bbbf-11e8-b2bb-ac1f6b6435d0,23 2,2 3
e3639a78-bbb9-11e8-b2ba-ac1f6b6435d0,5,5
e366959c-bb9c-11e8-b2b9-ac1f6b6435d0,0,0
e369bdde-bbb6-11e8-b2ba-ac1f6b6435d0,25,25
e36a8702-bba5-11e8-b2ba-ac1f6b6435d0,23 2 0,0 2 23
e36b41ba-bbbe-11e8-b2ba-ac1f6b6435d0,0,0
e36dcc84-bbb7-11e8-b2ba-ac1f6b6435d0,3,3
e36e3cc2-bbc2-11e8-b2bc-ac1f6b6435d0,25,25
e37054f8-bba4-11e8-b2ba-ac1f6b6435d0,25,25
e375d5e0-bb9f-11e8-b2b9-ac1f6b6435d0,5,25
e3781ae8-bbb9-11e8-b2ba-ac1f6b6435d0,25 0,0
e3783dca-bbaa-11e8-b2ba-ac1f6b6435d0,23,20 23
e378fff4-bb9a-11e8-b2b9-ac1f6b6435d0,18 0,0 19
e37a0dde-bbc4-11e8-b2bc-ac1f6b6435d0,5,5
e37b4b80-bba7-11e8-b2ba-ac1f6b6435d0,5,5
e37c9876-bbae-11e8-b2ba-ac1f6b6435d0,25 0,0 25
e37de5d8-bbad-11e8-b2ba-ac1f6b6435d0,19,7 19
e3879efe-bba1-11e8-b2b9-ac1f6b6435d0,25,25
e387afd6-bbb3-11e8-b2ba-ac1f6b6435d0,7,18
e387fc5a-bba1-11e8-b2b9-ac1f6b6435d0,19 0,0 19
e38a5104-bbaa-11e8-b2ba-ac1f6b6435d0,22 0,0 22
e38d57de-bbbc-11e8-b2ba-ac1f6b6435d0,7,23
e38e0780-bba6-11e8-b2ba-ac1f6b6435d0,0,0
e38e74a0-bbc3-11e8-b2bc-ac1f6b6435d0,23,23
e39015dc-bbbc-11e8-b2ba-ac1f6b6435d0,19,18
e391f3f4-bbc9-11e8-b2bc-ac1f6b6435d0,12 13,0 12
e3966382-bbae-11e8-b2ba-ac1f6b6435d0,25 2 0,0 2 25
e3975d30-bbab-11e8-b2ba-ac1f6b6435d0,24,24
e399641a-bbbd-11e8-b2ba-ac1f6b6435d0,4,4
e3999f54-bbb6-11e8-b2ba-ac1f6b6435d0,23 5,5 23
e39aa79c-bba6-11e8-b2ba-ac1f6b6435d0,25,25
e39be6d8-bba7-11e8-b2ba-ac1f6b6435d0,25 0,0 25
e39dc4dc-bba5-11e8-b2ba-ac1f6b6435d0,25,25
e3a0032c-bbba-11e8-b2ba-ac1f6b6435d0,21,21
e3a008f2-bbad-11e8-b2ba-ac1f6b6435d0,25 11 0,0 11
e3a2e5e0-bbc6-11e8-b2bc-ac1f6b6435d0,25 2,2 25
e3a82408-bba6-11e8-b2ba-ac1f6b6435d0,2,21
e3a8b148-bbbf-11e8-b2bb-ac1f6b6435d0,16 25 0,0
e3a8d420-bba1-11e8-b2b9-ac1f6b6435d0,2,2
e3aaf24a-bbb1-11e8-b2ba-ac1f6b6435d0,3,3 6
e3ac8ae0-bb9a-11e8-b2b9-ac1f6b6435d0,5 1 0 21,0 1
e3ad37b8-bba1-11e8-b2b9-ac1f6b6435d0,16 23 2,3
e3af24f6-bba6-11e8-b2ba-ac1f6b6435d0,0,0
e3af2ca6-bbb7-11e8-b2ba-ac1f6b6435d0,25 0,0 2 25
e3b203e0-bb99-11e8-b2b9-ac1f6b6435d0,4,4
e3b44fa4-bbbe-11e8-b2ba-ac1f6b6435d0,0,0
e3b5d9fc-bba8-11e8-b2ba-ac1f6b6435d0,25 0,25
e3b793ac-bbb5-11e8-b2ba-ac1f6b6435d0,23,23
e3b89962-bb9e-11e8-b2b9-ac1f6b6435d0,19 21,0 25
e3baf764-bbb9-11e8-b2ba-ac1f6b6435d0,7,7
e3bb3eae-bbaf-11e8-b2ba-ac1f6b6435d0,25,21
e3bc3bba-bbaa-11e8-b2ba-ac1f6b6435d0,25 5,5 25
e3be27f8-bb9c-11e8-b2b9-ac1f6b6435d0,11,11
e3c24a06-bbb3-11e8-b2ba-ac1f6b6435d0,14,14
e3c3866e-bbc7-11e8-b2bc-ac1f6b6435d0,25 0,0 25
e3c51f32-bbbe-11e8-b2ba-ac1f6b6435d0,5,2
e3c5927c-bbc4-11e8-b2bc-ac1f6b6435d0,22 25 21,25
e3c60c26-bba5-11e8-b2ba-ac1f6b6435d0,25 0,5
e3c88454-bba2-11e8-b2b9-ac1f6b6435d0,23 2,2 23
e3cac5d8-bb9e-11e8-b2b9-ac1f6b6435d0,25,25
e3cb12ac-bbbe-11e8-b2ba-ac1f6b6435d0,25 5,0 25
e3cbfed8-bba0-11e8-b2b9-ac1f6b6435d0,21,21 25
e3cd81bc-bbbf-11e8-b2bb-ac1f6b6435d0,4,4
e3cde6a6-bbbb-11e8-b2ba-ac1f6b6435d0,19,19
e3d0445a-bbb6-11e8-b2ba-ac1f6b6435d0,0 21,7 21
e3d2409e-bb9c-11e8-b2b9-ac1f6b6435d0,0 21,0 21
e3d3447e-bbad-11e8-b2ba-ac1f6b6435d0,2 0 21,0 2
e3d5ff7a-bbc1-11e8-b2bb-ac1f6b6435d0,23,21
e3dad530-bbc7-11e8-b2bc-ac1f6b6435d0,25 0,0 25
e3e35d6a-bbc5-11e8-b2bc-ac1f6b6435d0,18 17,18 23
e3e42088-bb9d-11e8-b2b9-ac1f6b6435d0,0 21,19 21 25
e3e58fac-bba9-11e8-b2ba-ac1f6b6435d0,19 25 0,0 25
e3e813b2-bbb3-11e8-b2ba-ac1f6b6435d0,0,0
e3e9d896-bba4-11e8-b2ba-ac1f6b6435d0,25 2 0,0 2 25
e3ee5674-bbc6-11e8-b2bc-ac1f6b6435d0,11,11
e3f019ea-bbae-11e8-b2ba-ac1f6b6435d0,23 2,2
e3f3c2ce-bbbe-11e8-b2ba-ac1f6b6435d0,4,4
e3f43a4a-bbb1-11e8-b2ba-ac1f6b6435d0,11,1 11
e3f44bdc-bbc7-11e8-b2bc-ac1f6b6435d0,23 0,0 23
e3fd908a-bbc1-11e8-b2bb-ac1f6b6435d0,7,7
e3ffb30c-bba2-11e8-b2b9-ac1f6b6435d0,25 4,4 25
e40097c6-bbb2-11e8-b2ba-ac1f6b6435d0,19,19
e403806e-bbbf-11e8-b2bb-ac1f6b6435d0,27,25
e404ae5e-bb9b-11e8-b2b9-ac1f6b6435d0,0,0
e40836f2-bbbc-11e8-b2ba-ac1f6b6435d0,1 0,0 1 25
e40b8454-bbc3-11e8-b2bc-ac1f6b6435d0,13,13 25
e40e2140-bbc9-11e8-b2bc-ac1f6b6435d0,0,0
e40ea646-bba7-11e8-b2ba-ac1f6b6435d0,2,2
e41129ce-bbb7-11e8-b2ba-ac1f6b6435d0,22 0,0 22
e4113bf8-bb99-11e8-b2b9-ac1f6b6435d0,4 0,0 4
e411c6d4-bbc8-11e8-b2bc-ac1f6b6435d0,0 21,21
e412ede6-bb9d-11e8-b2b9-ac1f6b6435d0,26 25 21,25
e41428fa-bbbb-11e8-b2ba-ac1f6b6435d0,7 0,0 7 25
e415dc20-bbb3-11e8-b2ba-ac1f6b6435d0,5,5
e41a2be6-bb9e-11e8-b2b9-ac1f6b6435d0,0,0
e41a2d68-bbc5-11e8-b2bc-ac1f6b6435d0,6,6
e41d4178-bbbc-11e8-b2ba-ac1f6b6435d0,18 0,0 19 24
e41e953e-bb9c-11e8-b2b9-ac1f6b6435d0,0,0
e41eafda-bbc2-11e8-b2bc-ac1f6b6435d0,4,4 26
e41fe62c-bb9d-11e8-b2b9-ac1f6b6435d0,1 2 0,1 2
e4210de4-bbb7-11e8-b2ba-ac1f6b6435d0,22 6,22
e426b0b2-bbaf-11e8-b2ba-ac1f6b6435d0,0,0
e427617e-bba5-11e8-b2ba-ac1f6b6435d0,4,4
e42e746a-bbae-11e8-b2ba-ac1f6b6435d0,5,5
e42f05e4-bb9d-11e8-b2b9-ac1f6b6435d0,25 0 21,0 21 25
e43270da-bbac-11e8-b2ba-ac1f6b6435d0,16 0,0 16
e43699a8-bba7-11e8-b2ba-ac1f6b6435d0,16 7,0 16
e4373298-bbc8-11e8-b2bc-ac1f6b6435d0,23 2,2 23
e437353a-bbba-11e8-b2ba-ac1f6b6435d0,16 25 5,25
e4385394-bba0-11e8-b2b9-ac1f6b6435d0,18 0,0 18
e439278a-bba3-11e8-b2b9-ac1f6b6435d0,0,0
e43b17ca-bba3-11e8-b2b9-ac1f6b6435d0,25 0,0
e43dee82-bbb2-11e8-b2ba-ac1f6b6435d0,19 0 21,0 21 25
e43e734a-bbb5-11e8-b2ba-ac1f6b6435d0,25,24 25
e4458c9e-bbc8-11e8-b2bc-ac1f6b6435d0,23,23
e446ae62-bbbe-11e8-b2ba-ac1f6b6435d0,25 7 0,0 7
e447d5d4-bbb5-11e8-b2ba-ac1f6b6435d0,19 0,0 19
e448158e-bbc0-11e8-b2bb-ac1f6b6435d0,19,19
e44a8b3a-bba6-11e8-b2ba-ac1f6b6435d0,25,21 25
e44aa272-bba7-11e8-b2ba-ac1f6b6435d0,25 0,25
e44bd680-bbb4-11e8-b2ba-ac1f6b6435d0,2 0,0 2
e44dd8d8-bb9e-11e8-b2b9-ac1f6b6435d0,5,5
e4536dde-bbc6-11e8-b2bc-ac1f6b6435d0,23,23
e46094f6-bbb1-11e8-b2ba-ac1f6b6435d0,24,11 24
e461cd1c-bbbb-11e8-b2ba-ac1f6b6435d0,0 21,0 21 25
e463847c-bbc0-11e8-b2bb-ac1f6b6435d0,0,0
e46402e0-bbc9-11e8-b2bc-ac1f6b6435d0,7 3,2 7
e4646660-bbb8-11e8-b2ba-ac1f6b6435d0,0,0
e464c6e6-bbc2-11e8-b2bc-ac1f6b6435d0,4,4
e464ec10-bbaf-11e8-b2ba-ac1f6b6435d0,23,23
e465a7bc-bbb0-11e8-b2ba-ac1f6b6435d0,19 25,19 25
e4679304-bbc1-11e8-b2bb-ac1f6b6435d0,5,5
e46a15d6-bbc9-11e8-b2bc-ac1f6b6435d0,25 0,0 2
e46e755c-bb9e-11e8-b2b9-ac1f6b6435d0,25 11 0,0 11
e46f5238-bbc6-11e8-b2bc-ac1f6b6435d0,22 0,0 22
e471c4f6-bbb6-11e8-b2ba-ac1f6b6435d0,0,0
e476ada8-bbbc-11e8-b2ba-ac1f6b6435d0,25 2,0 2 25
e477d724-bba2-11e8-b2b9-ac1f6b6435d0,11,11
e47a52dc-bbbc-11e8-b2ba-ac1f6b6435d0,25,6 25
e47ad494-bbb9-11e8-b2ba-ac1f6b6435d0,3 0,0 3
e47aea00-bba1-11e8-b2b9-ac1f6b6435d0,7,7
e47fdbb0-bbaf-11e8-b2ba-ac1f6b6435d0,5 0,5
e48021e8-bbb8-11e8-b2ba-ac1f6b6435d0,7,0 25
e482cec0-bbb8-11e8-b2ba-ac1f6b6435d0,23 0,0 23
e48bd866-bbbe-11e8-b2ba-ac1f6b6435d0,2,2
e48e404c-bbaf-11e8-b2ba-ac1f6b6435d0,18,18
e490f61c-bbc2-11e8-b2bc-ac1f6b6435d0,25 0 21,4 21 25
e4912aa6-bbae-11e8-b2ba-ac1f6b6435d0,23,23
e491539a-bb9b-11e8-b2b9-ac1f6b6435d0,6 3,2 3
e49645c8-bba3-11e8-b2b9-ac1f6b6435d0,23,0
e496994a-bbaf-11e8-b2ba-ac1f6b6435d0,12,12
e498028e-bbc9-11e8-b2bc-ac1f6b6435d0,5 0 21,0 5
e499b92e-bba3-11e8-b2b9-ac1f6b6435d0,1 2,1
e49a5654-bba8-11e8-b2ba-ac1f6b6435d0,16 0,25 26
e49bb130-bbc5-11e8-b2bc-ac1f6b6435d0,16 14 0,0 14
e49bf1ec-bbb4-11e8-b2ba-ac1f6b6435d0,7,7
e4a2d7e0-bb9c-11e8-b2b9-ac1f6b6435d0,4,0 4
e4a53968-bbc4-11e8-b2bc-ac1f6b6435d0,5 0,0 2
e4a5d8c2-bbb6-11e8-b2ba-ac1f6b6435d0,25 0,0 25
e4aa0292-bba9-11e8-b2ba-ac1f6b6435d0,5,5
e4ac0ff6-bb9f-11e8-b2b9-ac1f6b6435d0,26 25 18,25 26
e4ac5132-bbb3-11e8-b2ba-ac1f6b6435d0,5 2,2 5
e4ae2f80-bbb7-11e8-b2ba-ac1f6b6435d0,25 18,21
e4afca46-bbb9-11e8-b2ba-ac1f6b6435d0,19 25,23
e4b13c1a-bb9f-11e8-b2b9-ac1f6b6435d0,25 0,0 25
e4b1b25e-bbc6-11e8-b2bc-ac1f6b6435d0,25 0,0
e4b2a51c-bbba-11e8-b2ba-ac1f6b6435d0,25 0 21,0 21
e4b344b6-bbad-11e8-b2ba-ac1f6b6435d0,25,6
e4b54c60-bba4-11e8-b2ba-ac1f6b6435d0,0,0 2
e4b95550-bbc5-11e8-b2bc-ac1f6b6435d0,7,7
e4b990da-bbbe-11e8-b2ba-ac1f6b6435d0,6,6
e4bbd594-bbae-11e8-b2ba-ac1f6b6435d0,0,0
e4bcd8b2-bbc8-11e8-b2bc-ac1f6b6435d0,25 0,0 25
e4bee124-bbab-11e8-b2ba-ac1f6b6435d0,19 25 0,0 19
e4c0f8ec-bbc9-11e8-b2bc-ac1f6b6435d0,18,18
e4c1b496-bbbd-11e8-b2ba-ac1f6b6435d0,2,26
e4c3e7f2-bb9a-11e8-b2b9-ac1f6b6435d0,20 0,7
e4c69ac6-bba7-11e8-b2ba-ac1f6b6435d0,25,25
e4cd3d42-bba5-11e8-b2ba-ac1f6b6435d0,1 0,0 1 25
e4cd6b52-bba8-11e8-b2ba-ac1f6b6435d0,13 21,13 21
e4cd80b2-bba1-11e8-b2b9-ac1f6b6435d0,23 0,0 23
e4d2196c-bbbd-11e8-b2ba-ac1f6b6435d0,5 0,0 5
e4d44468-bba3-11e8-b2b9-ac1f6b6435d0,0,0
e4d555f0-bbbd-11e8-b2ba-ac1f6b6435d0,7,25
e4d6a1b6-bba0-11e8-b2b9-ac1f6b6435d0,0,14
e4dd3a68-bba4-11e8-b2ba-ac1f6b6435d0,25,14
e4ddb3ca-bb9b-11e8-b2b9-ac1f6b6435d0,21,21 25
e4e11c44-bbba-11e8-b2ba-ac1f6b6435d0,23,25
e4e20540-bbc5-11e8-b2bc-ac1f6b6435d0,2,2
e4e445bc-bbb6-11e8-b2ba-ac1f6b6435d0,2,2
e4e771c2-bbbd-11e8-b2ba-ac1f6b6435d0,3 0,0 3
e4e79176-bbb2-11e8-b2ba-ac1f6b6435d0,6,6
e4ea3ab2-bbb1-11e8-b2ba-ac1f6b6435d0,5 21,5 21
e4ea61f2-bbc7-11e8-b2bc-ac1f6b6435d0,25,6 25
e4ea6f12-bbbd-11e8-b2ba-ac1f6b6435d0,23 0,6 23
e4ee00de-bba2-11e8-b2b9-ac1f6b6435d0,2,2
e4ef6d86-bbaa-11e8-b2ba-ac1f6b6435d0,12 25,12 25
e4fbde9c-bbb7-11e8-b2ba-ac1f6b6435d0,25,25
e4fd2690-bbbb-11e8-b2ba-ac1f6b6435d0,6,6
e4ffc8dc-bbbb-11e8-b2ba-ac1f6b6435d0,23 4,0 4 23
e500ec60-bbb3-11e8-b2ba-ac1f6b6435d0,25 0,0
e501d640-bbc0-11e8-b2bb-ac1f6b6435d0,4,4 25
e5069f80-bbc6-11e8-b2bc-ac1f6b6435d0,25 5,0 3 25
e509a786-bba6-11e8-b2ba-ac1f6b6435d0,1,1
e50ad1e4-bbc7-11e8-b2bc-ac1f6b6435d0,6 2,2 6 25
e50b7930-bba6-11e8-b2ba-ac1f6b6435d0,25 7 0,0 7
e50da418-bba0-11e8-b2b9-ac1f6b6435d0,14,11
e5126a9a-bbc6-11e8-b2bc-ac1f6b6435d0,21,21
e5130bce-bb9b-11e8-b2b9-ac1f6b6435d0,23,23
e513a4d4-bbb5-11e8-b2ba-ac1f6b6435d0,7,0 7 25
e516de7e-bbc9-11e8-b2bc-ac1f6b6435d0,4,4
e51ba756-bbab-11e8-b2ba-ac1f6b6435d0,2,2
e51cd3fa-bbbb-11e8-b2ba-ac1f6b6435d0,21,21
e51d73d2-bba7-11e8-b2ba-ac1f6b6435d0,19 25 2 0,2 25
e52170f2-bbc2-11e8-b2bc-ac1f6b6435d0,7 23 0,0 7
e522c27c-bbc2-11e8-b2bc-ac1f6b6435d0,25 0,0
e52529d6-bbb3-11e8-b2ba-ac1f6b6435d0,5 0,0 5
e526116c-bbbc-11e8-b2ba-ac1f6b6435d0,25 6 0,0 25
e5269036-bbaa-11e8-b2ba-ac1f6b6435d0,25 0,0 25
e52a4580-bbc0-11e8-b2bb-ac1f6b6435d0,25 5,25
e52bb874-bbad-11e8-b2ba-ac1f6b6435d0,7,0
e52e26f2-bba5-11e8-b2ba-ac1f6b6435d0,23,23
e52f2ec2-bb9a-11e8-b2b9-ac1f6b6435d0,0,4
e52f44ac-bb9f-11e8-b2b9-ac1f6b6435d0,3 0,0 3
e531177c-bbbe-11e8-b2ba-ac1f6b6435d0,14,14 17 25
e531eaf8-bba0-11e8-b2b9-ac1f6b6435d0,4,4
e5341b74-bba6-11e8-b2ba-ac1f6b6435d0,4,4
e535f6e0-bbb7-11e8-b2ba-ac1f6b6435d0,7 21,25
e5365220-bb99-11e8-b2b9-ac1f6b6435d0,16 25 14,14 25
e536d446-bbbe-11e8-b2ba-ac1f6b6435d0,25 1 0,0 21 25
e5374b3a-bba3-11e8-b2b9-ac1f6b6435d0,23,23
e5396a1e-bbb2-11e8-b2ba-ac1f6b6435d0,7 3 0,0 3
e53b59bc-bbaa-11e8-b2ba-ac1f6b6435d0,19,19
e53c3ed0-bb9c-11e8-b2b9-ac1f6b6435d0,2 0,0 2
e53c5cdc-bbc2-11e8-b2bc-ac1f6b6435d0,6,6
e53e2f10-bbc9-11e8-b2bc-ac1f6b6435d0,25 18 0,0 18
e53e3406-bbb5-11e8-b2ba-ac1f6b6435d0,5 0,0 5
e54466be-bbb5-11e8-b2ba-ac1f6b6435d0,25 11 2,2 11 25
e549b1e6-bb9c-11e8-b2b9-ac1f6b6435d0,25 0,0 26
e549f598-bbab-11e8-b2ba-ac1f6b6435d0,21,21
e54f1efa-bbb6-11e8-b2ba-ac1f6b6435d0,4,4
e54f205c-bbad-11e8-b2ba-ac1f6b6435d0,25 0,5 25
e553cc40-bb9b-11e8-b2b9-ac1f6b6435d0,8,8 20
e555d98c-bbc7-11e8-b2bc-ac1f6b6435d0,21,21
e5565538-bb9f-11e8-b2b9-ac1f6b6435d0,23,23
e556e1ee-bbb1-11e8-b2ba-ac1f6b6435d0,21,21
e5573b26-bb9d-11e8-b2b9-ac1f6b6435d0,13,13
e559f246-bbaf-11e8-b2ba-ac1f6b6435d0,14,2 14
e559ff24-bbba-11e8-b2ba-ac1f6b6435d0,25 1 0,0
e55c3422-bb9e-11e8-b2b9-ac1f6b6435d0,3,3
e563a5cc-bbb2-11e8-b2ba-ac1f6b6435d0,0,0
e5643470-bb9d-11e8-b2b9-ac1f6b6435d0,4,4
e5649726-bbb1-11e8-b2ba-ac1f6b6435d0,25 3 0,0 2 21
e565654c-bbb2-11e8-b2ba-ac1f6b6435d0,2,2
e569f838-bba7-11e8-b2ba-ac1f6b6435d0,24 21,11 24
e56b56bc-bbc8-11e8-b2bc-ac1f6b6435d0,13,13
e56d3fbc-bbba-11e8-b2ba-ac1f6b6435d0,1,1
e56d9b22-bbb7-11e8-b2ba-ac1f6b6435d0,5 0,0 5
e56dd682-bbbc-11e8-b2ba-ac1f6b6435d0,26 2 0,0 2
e570b8cc-bbba-11e8-b2ba-ac1f6b6435d0,25 21,0 21 25
e5725cd4-bbbc-11e8-b2ba-ac1f6b6435d0,25 1,1 25
e572fdec-bbc1-11e8-b2bb-ac1f6b6435d0,23 5,5 23
e5732b1e-bb99-11e8-b2b9-ac1f6b6435d0,23 0,0 23
e575dc58-bbba-11e8-b2ba-ac1f6b6435d0,1 0,1
e57e9508-bba3-11e8-b2b9-ac1f6b6435d0,5,5
e57ecd10-bbb3-11e8-b2ba-ac1f6b6435d0,25 0,0
e580a7f8-bbb7-11e8-b2ba-ac1f6b6435d0,25 1 0,1 25
e584d09a-bba2-11e8-b2b9-ac1f6b6435d0,12 5,0 3
e586718e-bba2-11e8-b2b9-ac1f6b6435d0,25 0,0 25
e589c988-bbb1-11e8-b2ba-ac1f6b6435d0,4,4
e58b24a2-bba4-11e8-b2ba-ac1f6b6435d0,25,25
e58f656a-bbba-11e8-b2ba-ac1f6b6435d0,2,2
e58ff162-bbc2-11e8-b2bc-ac1f6b6435d0,7 0 21,0 7 25
e59145ae-bbc1-11e8-b2bb-ac1f6b6435d0,5,5
e593cfea-bb9e-11e8-b2b9-ac1f6b6435d0,25 7 0,0 7 25
e594e240-bb9e-11e8-b2b9-ac1f6b6435d0,23,23
e5950eec-bbbb-11e8-b2ba-ac1f6b6435d0,0,0 21
e598cb46-bbb0-11e8-b2ba-ac1f6b6435d0,7 0,0 7
e59b48bc-bbba-11e8-b2ba-ac1f6b6435d0,25,20 26
e59f4448-bb9d-11e8-b2b9-ac1f6b6435d0,25 3,3 25
e5a0ddf4-bbc9-11e8-b2bc-ac1f6b6435d0,19,19
e5a1ed2c-bbae-11e8-b2ba-ac1f6b6435d0,2 0,0 2
e5a49a0e-bbc7-11e8-b2bc-ac1f6b6435d0,23 2,25
e5a7bcd2-bbab-11e8-b2ba-ac1f6b6435d0,7 0,0
e5a9f69e-bbb7-11e8-b2ba-ac1f6b6435d0,2 0,0 2
e5ac124a-bbac-11e8-b2ba-ac1f6b6435d0,25 2 0,0 3 25
e5ae1076-bbc1-11e8-b2bb-ac1f6b6435d0,25,21
e5af6182-bbbd-11e8-b2ba-ac1f6b6435d0,23,23
e5afb560-bba4-11e8-b2ba-ac1f6b6435d0,25 5,25
e5b0998c-bba7-11e8-b2ba-ac1f6b6435d0,25 0,0 25
e5b18ff8-bbad-11e8-b2ba-ac1f6b6435d0,0 21,0 21
e5b2b236-bbb5-11e8-b2ba-ac1f6b6435d0,3,3
e5b9a9c2-bbbc-11e8-b2ba-ac1f6b6435d0,3,0 3
e5ba8804-bbc3-11e8-b2bc-ac1f6b6435d0,5,5
e5baa0b6-bbb2-11e8-b2ba-ac1f6b6435d0,25 14 17 2,2 25
e5be0144-bba2-11e8-b2b9-ac1f6b6435d0,1 0,0 1 25
e5bfa9a2-bbc7-11e8-b2bc-ac1f6b6435d0,18 0,0
e5c0bf54-bbb8-11e8-b2ba-ac1f6b6435d0,14,14
e5c1d038-bbbd-11e8-b2ba-ac1f6b6435d0,7 0,0 7
e5c2f386-bbb9-11e8-b2ba-ac1f6b6435d0,26 25 0,0
e5c6d514-bba0-11e8-b2b9-ac1f6b6435d0,25 0,5
e5c75cbe-bbbe-11e8-b2ba-ac1f6b6435d0,23,23
e5c9e7f2-bbac-11e8-b2ba-ac1f6b6435d0,25 6 2,2 6 25
e5cc7fb0-bb9a-11e8-b2b9-ac1f6b6435d0,25 0,0 25
e5d3fe0e-bba7-11e8-b2ba-ac1f6b6435d0,23,23
e5d5950a-bbc7-11e8-b2bc-ac1f6b6435d0,5,5
e5d7df92-bba7-11e8-b2ba-ac1f6b6435d0,4,4
e5d8d7ee-bbc0-11e8-b2bb-ac1f6b6435d0,0,0
e5db8f06-bbad-11e8-b2ba-ac1f6b6435d0,16,24
e5db9268-bb9d-11e8-b2b9-ac1f6b6435d0,13 0,0
e5dd31a6-bbbe-11e8-b2ba-ac1f6b6435d0,25 18 0,18
e5df6c50-bbc3-11e8-b2bc-ac1f6b6435d0,16 25 18,19
e5e03b84-bb9c-11e8-b2b9-ac1f6b6435d0,0,0 25
e5e20492-bba0-11e8-b2b9-ac1f6b6435d0,23 1,0 23
e5e8951c-bb9d-11e8-b2b9-ac1f6b6435d0,25 7,7
e5e8deca-bbb4-11e8-b2ba-ac1f6b6435d0,1 2,1 2
e5e959f6-bb99-11e8-b2b9-ac1f6b6435d0,7,7
e5ead0de-bbb1-11e8-b2ba-ac1f6b6435d0,2,0 2
e5eb9faa-bbb1-11e8-b2ba-ac1f6b6435d0,25 2,2 25
e5ee7268-bbc3-11e8-b2bc-ac1f6b6435d0,5 0,0
e5f241f6-bba8-11e8-b2ba-ac1f6b6435d0,4,4
e5f71f2e-bbb6-11e8-b2ba-ac1f6b6435d0,12 19,12 25
e5f88952-bbb8-11e8-b2ba-ac1f6b6435d0,25 3 0,0 3 25
e5f8b952-bbc4-11e8-b2bc-ac1f6b6435d0,4 0,0 5 25
e5fa320c-bbb3-11e8-b2ba-ac1f6b6435d0,23,23
e5fe996a-bba8-11e8-b2ba-ac1f6b6435d0,25,25
e6029586-bbc8-11e8-b2bc-ac1f6b6435d0,3 0,0 3
e603a12e-bba0-11e8-b2b9-ac1f6b6435d0,11 2,2
e603ebb2-bbb3-11e8-b2ba-ac1f6b6435d0,25 5,5 25
e606e0e8-bbc1-11e8-b2bb-ac1f6b6435d0,25 2,2 25
e608ac4a-bbab-11e8-b2ba-ac1f6b6435d0,24 25,25
e609811a-bb9c-11e8-b2b9-ac1f6b6435d0,23,23
e60d2fd8-bbc2-11e8-b2bc-ac1f6b6435d0,25 23,0 22 25
e60db6c8-bba0-11e8-b2b9-ac1f6b6435d0,14,0 14
e61391e0-bbac-11e8-b2ba-ac1f6b6435d0,7 21,7
e6154ad8-bbbd-11e8-b2ba-ac1f6b6435d0,25 0,0 25
e6155c4c-bbb5-11e8-b2ba-ac1f6b6435d0,12,12 21
e61aad66-bbc7-11e8-b2bc-ac1f6b6435d0,22 5,5 22
e61c7a90-bb9c-11e8-b2b9-ac1f6b6435d0,22,22
e61d09de-bbc3-11e8-b2bc-ac1f6b6435d0,11,11
e61d879e-bba8-11e8-b2ba-ac1f6b6435d0,25 7,7
e61e8aac-bba5-11e8-b2ba-ac1f6b6435d0,23,0 23
e61ef6f4-bbbe-11e8-b2ba-ac1f6b6435d0,25 5,5 25
e6205846-bbc3-11e8-b2bc-ac1f6b6435d0,11,11
e620ff7c-bbc2-11e8-b2bc-ac1f6b6435d0,19 25,18 19 25
e6215c6e-bba0-11e8-b2b9-ac1f6b6435d0,18 0,0
e622a13c-bbbe-11e8-b2ba-ac1f6b6435d0,23 3 0,0 23
e625377a-bbb0-11e8-b2ba-ac1f6b6435d0,0,0
e62811e0-bbc7-11e8-b2bc-ac1f6b6435d0,2 0,0
e62c67ec-bbac-11e8-b2ba-ac1f6b6435d0,25 2 0,0 25
e62cec18-bbab-11e8-b2ba-ac1f6b6435d0,0 21,21 23
e62ed468-bba8-11e8-b2ba-ac1f6b6435d0,23 0,0
e631f25a-bb9a-11e8-b2b9-ac1f6b6435d0,4,0
e631f47e-bba6-11e8-b2ba-ac1f6b6435d0,25 11,11 25
e633d580-bbc1-11e8-b2bb-ac1f6b6435d0,25 0,0 21
e635eb86-bba8-11e8-b2ba-ac1f6b6435d0,3,3
e636c3ba-bb9b-11e8-b2b9-ac1f6b6435d0,5,5
e6390be2-bbba-11e8-b2ba-ac1f6b6435d0,25 0,0 25
e63a92c2-bba7-11e8-b2ba-ac1f6b6435d0,6 9 10,9 10
e63af734-bb99-11e8-b2b9-ac1f6b6435d0,23 0,0 23
e63b286a-bbc8-11e8-b2bc-ac1f6b6435d0,25 5,5
e63bd4e8-bbc0-11e8-b2bb-ac1f6b6435d0,3,3
e6405384-bba6-11e8-b2ba-ac1f6b6435d0,23,23
e640aab4-bba1-11e8-b2b9-ac1f6b6435d0,1,1
e6413020-bb9b-11e8-b2b9-ac1f6b6435d0,20,25
e643874e-bba5-11e8-b2ba-ac1f6b6435d0,25 18,18 25
e646a37e-bbbf-11e8-b2bb-ac1f6b6435d0,5 21,5 21
e6482a4c-bbaf-11e8-b2ba-ac1f6b6435d0,7 0,0 25
e64902a4-bba6-11e8-b2ba-ac1f6b6435d0,1 0,0 1
e649883c-bbc4-11e8-b2bc-ac1f6b6435d0,21,21
e64a84ec-bba8-11e8-b2ba-ac1f6b6435d0,23,23
e64be55a-bbb0-11e8-b2ba-ac1f6b6435d0,0 21,0 7
e6517580-bb9f-11e8-b2b9-ac1f6b6435d0,7 3,3 7
e655a402-bbb3-11e8-b2ba-ac1f6b6435d0,26 25,21 25 26
e655b472-bba6-11e8-b2ba-ac1f6b6435d0,4,4
e655dd74-bbc6-11e8-b2bc-ac1f6b6435d0,23 0,0 23
e658f752-bbbc-11e8-b2ba-ac1f6b6435d0,25 2,2 25
e65af9f6-bbaa-11e8-b2ba-ac1f6b6435d0,25,25
e65b5a5a-bbb8-11e8-b2ba-ac1f6b6435d0,4,0 4
e65bad98-bb9a-11e8-b2b9-ac1f6b6435d0,0,0
e65e0048-bb9f-11e8-b2b9-ac1f6b6435d0,23 0,0 23
e65e9fbc-bbb8-11e8-b2ba-ac1f6b6435d0,25 14 21,14
e66ac944-bba5-11e8-b2ba-ac1f6b6435d0,23,23
e66b7a84-bb9a-11e8-b2b9-ac1f6b6435d0,3,3 6
e66b7daa-bba8-11e8-b2ba-ac1f6b6435d0,16 2 0,2 16
e66cac68-bbc9-11e8-b2bc-ac1f6b6435d0,25 0,0 25
e670e746-bbbb-11e8-b2ba-ac1f6b6435d0,23 2,2 21
e671204e-bba2-11e8-b2b9-ac1f6b6435d0,25,25
e672ed7e-bbc6-11e8-b2bc-ac1f6b6435d0,25,23
e674b6da-bbbd-11e8-b2ba-ac1f6b6435d0,18,25
e6750dce-bbb8-11e8-b2ba-ac1f6b6435d0,0 21,0 7 22
e679a030-bbc9-11e8-b2bc-ac1f6b6435d0,2,0 2
e67aa5de-bbb0-11e8-b2ba-ac1f6b6435d0,23 0,0 23
e67b1adc-bbc9-11e8-b2bc-ac1f6b6435d0,5,0 5
e67bae42-bbc0-11e8-b2bb-ac1f6b6435d0,25 2 0,1 25
e682985a-bbb2-11e8-b2ba-ac1f6b6435d0,7,7
e682ed16-bba6-11e8-b2ba-ac1f6b6435d0,11 0,0 11
e68548f4-bbc9-11e8-b2bc-ac1f6b6435d0,7,7
e68995d4-bbbb-11e8-b2ba-ac1f6b6435d0,25 21,6
e6906f22-bbab-11e8-b2ba-ac1f6b6435d0,0,0
e6927048-bbc3-11e8-b2bc-ac1f6b6435d0,26,0 26
e6936488-bbc0-11e8-b2bb-ac1f6b6435d0,25 11,11 25
e693ce30-bba4-11e8-b2ba-ac1f6b6435d0,23,23
e695cc48-bbc8-11e8-b2bc-ac1f6b6435d0,25 1,1
e6968b06-bbaa-11e8-b2ba-ac1f6b6435d0,11,11
e698d45e-bb9d-11e8-b2b9-ac1f6b6435d0,22 0,0 22
e69b5bf0-bbb3-11e8-b2ba-ac1f6b6435d0,0,0
e6a1cb12-bb99-11e8-b2b9-ac1f6b6435d0,4 21,4 21 25
e6a2d614-bbc2-11e8-b2bc-ac1f6b6435d0,5,5
e6a3b906-bbc4-11e8-b2bc-ac1f6b6435d0,0,0
e6a4c812-bbb7-11e8-b2ba-ac1f6b6435d0,7,7
e6a5b086-bba5-11e8-b2ba-ac1f6b6435d0,5,5
e6a67e08-bbc3-11e8-b2bc-ac1f6b6435d0,7 5,7
e6a73386-bbad-11e8-b2ba-ac1f6b6435d0,25 21,21 24
e6a8e20a-bba1-11e8-b2b9-ac1f6b6435d0,23 2 0,0 23
e6a922a6-bbb0-11e8-b2ba-ac1f6b6435d0,25,25
e6a979e4-bbb1-11e8-b2ba-ac1f6b6435d0,22 7 21,7 21 22
e6af524a-bbb3-11e8-b2ba-ac1f6b6435d0,7 0,0
e6afd03e-bb9b-11e8-b2b9-ac1f6b6435d0,0 21,0 21 25
e6b8582a-bbb0-11e8-b2ba-ac1f6b6435d0,11,11 25
e6bb8128-bbb8-11e8-b2ba-ac1f6b6435d0,7 5,3
e6bd77ea-bba8-11e8-b2ba-ac1f6b6435d0,22 21,21 22
e6bf667c-bb99-11e8-b2b9-ac1f6b6435d0,22 2 0,0 2 22
e6bff650-bbc6-11e8-b2bc-ac1f6b6435d0,0 21,0 21
e6c2dc8e-bbae-11e8-b2ba-ac1f6b6435d0,19 25,19 25
e6c36c0c-bbc3-11e8-b2bc-ac1f6b6435d0,0,0
e6c9cf7c-bbbc-11e8-b2ba-ac1f6b6435d0,13 21,21 25
e6cd3962-bbaa-11e8-b2ba-ac1f6b6435d0,12 13 0 21,13
e6cd5330-bbb3-11e8-b2ba-ac1f6b6435d0,23,23
e6ce7dee-bbab-11e8-b2ba-ac1f6b6435d0,25 2,25
e6cfaf0a-bbb2-11e8-b2ba-ac1f6b6435d0,1,0 1
e6cfe474-bba9-11e8-b2ba-ac1f6b6435d0,7,0 7
e6d0b648-bbbc-11e8-b2ba-ac1f6b6435d0,23 3,23
e6d0d03a-bbc4-11e8-b2bc-ac1f6b6435d0,0,0
e6d3a618-bba4-11e8-b2ba-ac1f6b6435d0,18,18
e6d72674-bbb0-11e8-b2ba-ac1f6b6435d0,7 0,0
e6db455e-bbb2-11e8-b2ba-ac1f6b6435d0,7,7
e6dc41d4-bba3-11e8-b2b9-ac1f6b6435d0,23 0,0 23
e6de1db8-bbaa-11e8-b2ba-ac1f6b6435d0,22 0,0 22
e6df98ce-bbae-11e8-b2ba-ac1f6b6435d0,4,4
e6e2b08e-bbc4-11e8-b2bc-ac1f6b6435d0,23 0,0 5 23
e6e2c6c0-bbae-11e8-b2ba-ac1f6b6435d0,3 0,0 3
e6e53ee8-bbc5-11e8-b2bc-ac1f6b6435d0,11 0,0 11
e6e6d26a-bbc7-11e8-b2bc-ac1f6b6435d0,23 2,2
e6ed1dac-bb9d-11e8-b2b9-ac1f6b6435d0,19 0,5
e6f05d8a-bba9-11e8-b2ba-ac1f6b6435d0,25,25
e6f09832-bbc6-11e8-b2bc-ac1f6b6435d0,23 0,0 23
e6f18a64-bbb5-11e8-b2ba-ac1f6b6435d0,19 25 13,19 25
e6f31164-bbb4-11e8-b2ba-ac1f6b6435d0,6,25
e6f369be-bbc0-11e8-b2bb-ac1f6b6435d0,3,3
e6f3c9f4-bb9d-11e8-b2b9-ac1f6b6435d0,25 7,7
e6f8b25c-bbb6-11e8-b2ba-ac1f6b6435d0,3,3
e6f9d020-bba1-11e8-b2b9-ac1f6b6435d0,25 1 0,0 1 21 25
e6fa6680-bbb9-11e8-b2ba-ac1f6b6435d0,21,25 26
e6fb0c42-bbbf-11e8-b2bb-ac1f6b6435d0,1 0,0 1
e6fbd56a-bbc8-11e8-b2bc-ac1f6b6435d0,19 25 3,3 25
e6fcf6c8-bba7-11e8-b2ba-ac1f6b6435d0,2 0,2
e6fe4a2c-bbb2-11e8-b2ba-ac1f6b6435d0,1,1
e6ff5b24-bba3-11e8-b2b9-ac1f6b6435d0,1 0,0 1
e7055236-bbbc-11e8-b2ba-ac1f6b6435d0,25 0,0 25
e7086654-bbb9-11e8-b2ba-ac1f6b6435d0,25 0,0 25
e70eacd8-bba2-11e8-b2b9-ac1f6b6435d0,0,0
e7123d8e-bb99-11e8-b2b9-ac1f6b6435d0,25 2 0,0 25
e7130208-bba5-11e8-b2ba-ac1f6b6435d0,2 0,0 2
e7142ad8-bbb0-11e8-b2ba-ac1f6b6435d0,25 6 7,23
e716068a-bb99-11e8-b2b9-ac1f6b6435d0,2,2
e71fdb9a-bbb9-11e8-b2ba-ac1f6b6435d0,14,14
e7235e06-bba9-11e8-b2ba-ac1f6b6435d0,0,0
e7245438-bbbc-11e8-b2ba-ac1f6b6435d0,6,6
e7259f18-bba4-11e8-b2ba-ac1f6b6435d0,25 2,2 25
e726a290-bbaa-11e8-b2ba-ac1f6b6435d0,25 0,25
e72b5322-bba4-11e8-b2ba-ac1f6b6435d0,3,3
e72c2e3c-bb9a-11e8-b2b9-ac1f6b6435d0,19 0,18
e72c65ec-bbb7-11e8-b2ba-ac1f6b6435d0,7 0,0 7
e72c872e-bbc7-11e8-b2bc-ac1f6b6435d0,0,0
e72e9910-bb9a-11e8-b2b9-ac1f6b6435d0,25 0,0
e731a982-bba6-11e8-b2ba-ac1f6b6435d0,13 5 0,0 13
e7324266-bbc4-11e8-b2bc-ac1f6b6435d0,11,0
e733669c-bbc8-11e8-b2bc-ac1f6b6435d0,25 18,18 25
e7344648-bbc8-11e8-b2bc-ac1f6b6435d0,12 7 21,21
e73812ee-bbb6-11e8-b2ba-ac1f6b6435d0,6,6
e7386430-bbb4-11e8-b2ba-ac1f6b6435d0,5,5
e738dcd8-bbb6-11e8-b2ba-ac1f6b6435d0,25 4,4 5
e739338e-bbb8-11e8-b2ba-ac1f6b6435d0,23 1,1 23
e739fbe8-bba9-11e8-b2ba-ac1f6b6435d0,7 0,0 7
e73ba7a4-bbc7-11e8-b2bc-ac1f6b6435d0,7,21
e740186c-bb9e-11e8-b2b9-ac1f6b6435d0,23 5 0,5
e742a82e-bb9a-11e8-b2b9-ac1f6b6435d0,7,7
e746308e-bbc7-11e8-b2bc-ac1f6b6435d0,19 0,0
e74a23de-bba8-11e8-b2ba-ac1f6b6435d0,5,25
e74c9fcc-bbaa-11e8-b2ba-ac1f6b6435d0,23,23
e74f735c-bbc1-11e8-b2bb-ac1f6b6435d0,6,25
e755b776-bbb2-11e8-b2ba-ac1f6b6435d0,4,2
e755bb9e-bbb8-11e8-b2ba-ac1f6b6435d0,16 11 0,11
e7571164-bbc3-11e8-b2bc-ac1f6b6435d0,25 0,0
e757fc90-bbb5-11e8-b2ba-ac1f6b6435d0,25,25
e75878da-bbc6-11e8-b2bc-ac1f6b6435d0,0,4
e763531c-bbb3-11e8-b2ba-ac1f6b6435d0,7 0,0 7
e76458a6-bbaf-11e8-b2ba-ac1f6b6435d0,25 4,4 25
e769e6e6-bbbd-11e8-b2ba-ac1f6b6435d0,0,0
e76b1314-bbb2-11e8-b2ba-ac1f6b6435d0,25 5 0,3
e76ba16a-bbb4-11e8-b2ba-ac1f6b6435d0,12,12
e76bc2b4-bbad-11e8-b2ba-ac1f6b6435d0,21,22
e76e108a-bbc3-11e8-b2bc-ac1f6b6435d0,5,0 5
e77458e4-bbbb-11e8-b2ba-ac1f6b6435d0,4,4
e774e326-bbbc-11e8-b2ba-ac1f6b6435d0,0,0
e776b93e-bbc7-11e8-b2bc-ac1f6b6435d0,12 0,0 12
e777a2ea-bbb3-11e8-b2ba-ac1f6b6435d0,7,7
e77b0472-bbad-11e8-b2ba-ac1f6b6435d0,2 21,7
e77c8fac-bba0-11e8-b2b9-ac1f6b6435d0,3,3
e77f9540-bb9a-11e8-b2b9-ac1f6b6435d0,23,23 25
e786f1d0-bba6-11e8-b2ba-ac1f6b6435d0,25 2,2 25
e78741ae-bba5-11e8-b2ba-ac1f6b6435d0,5 1 0,0 1
e789c974-bbaf-11e8-b2ba-ac1f6b6435d0,18 0,0 3 25
e78cd6e4-bba7-11e8-b2ba-ac1f6b6435d0,0,0
e78e313e-bbbf-11e8-b2bb-ac1f6b6435d0,5 0,0
e7965730-bbb8-11e8-b2ba-ac1f6b6435d0,21,21
e79ca2ec-bb9b-11e8-b2b9-ac1f6b6435d0,6 0,0
e79eaccc-bbb9-11e8-b2ba-ac1f6b6435d0,23,14 23
e79f9e16-bbc3-11e8-b2bc-ac1f6b6435d0,2,0 2
e7a30942-bbb0-11e8-b2ba-ac1f6b6435d0,23,23
e7a319ba-bbc3-11e8-b2bc-ac1f6b6435d0,25 0,0 24
e7a338d2-bba5-11e8-b2ba-ac1f6b6435d0,0,0
e7a37598-bbc5-11e8-b2bc-ac1f6b6435d0,7 0,0 7
e7a5006a-bbbc-11e8-b2ba-ac1f6b6435d0,5,5
e7a57c42-bbbd-11e8-b2ba-ac1f6b6435d0,16 23,23
e7a75290-bbb0-11e8-b2ba-ac1f6b6435d0,26 0,0 26
e7aad7d2-bbc2-11e8-b2bc-ac1f6b6435d0,12,22
e7ac5d6a-bbc6-11e8-b2bc-ac1f6b6435d0,11,11
e7b2288a-bb99-11e8-b2b9-ac1f6b6435d0,3 0,0 3
e7b335ce-bbc4-11e8-b2bc-ac1f6b6435d0,14,14
e7b3e55c-bbbd-11e8-b2ba-ac1f6b6435d0,14 0,0 14
e7b5a64a-bbc1-11e8-b2bb-ac1f6b6435d0,3,3
e7b5e094-bb9c-11e8-b2b9-ac1f6b6435d0,25 0,0 25
e7b7bc82-bb99-11e8-b2b9-ac1f6b6435d0,2 0,0 2
e7b7f5f2-bba9-11e8-b2ba-ac1f6b6435d0,2 0,0 2
e7b96374-bb9f-11e8-b2b9-ac1f6b6435d0,4,4
e7ba44a2-bbb7-11e8-b2ba-ac1f6b6435d0,1 2,1 2
e7bb9e8e-bbb6-11e8-b2ba-ac1f6b6435d0,0,0
e7bf22a2-bbc0-11e8-b2bb-ac1f6b6435d0,0 21,0 21
e7c0c60c-bba7-11e8-b2ba-ac1f6b6435d0,19 0,0 1 2
e7c14f74-bba1-11e8-b2b9-ac1f6b6435d0,0 21,0 21
e7c486fa-bb9a-11e8-b2b9-ac1f6b6435d0,2,2
e7c833d0-bbb4-11e8-b2ba-ac1f6b6435d0,25 0 21,0 22
e7c88d7a-bbc4-11e8-b2bc-ac1f6b6435d0,23 0,0 23
e7d0b8ac-bbaa-11e8-b2ba-ac1f6b6435d0,8,8
e7d3e738-bbc4-11e8-b2bc-ac1f6b6435d0,18,18
e7d4413c-bba7-11e8-b2ba-ac1f6b6435d0,0,0
e7d5fd4e-bbbe-11e8-b2ba-ac1f6b6435d0,5,5
e7d6a8e0-bba8-11e8-b2ba-ac1f6b6435d0,19 25,25
e7d7eec0-bbb8-11e8-b2ba-ac1f6b6435d0,23 0,0 23
e7dc5fba-bbc6-11e8-b2bc-ac1f6b6435d0,26 25,25
e7e12e44-bbb9-11e8-b2ba-ac1f6b6435d0,25 13 7 0,0 7 21
e7e37522-bbbf-11e8-b2bb-ac1f6b6435d0,3 0,0 3
e7e46244-bba5-11e8-b2ba-ac1f6b6435d0,23 1,1 23
e7e4faf6-bbb9-11e8-b2ba-ac1f6b6435d0,25 0,0 25
e7e68ea0-bbbb-11e8-b2ba-ac1f6b6435d0,25 0,0 14
e7e72f42-bbb9-11e8-b2ba-ac1f6b6435d0,25 3,3 25
e7e9b7c0-bbc9-11e8-b2bc-ac1f6b6435d0,19 25 0,5 25
e7eb3c1c-bbba-11e8-b2ba-ac1f6b6435d0,5 21,5 21
e7ed343a-bbc5-11e8-b2bc-ac1f6b6435d0,24 23,24
e7eddd28-bbc4-11e8-b2bc-ac1f6b6435d0,19 0,0 5 19 25
e7f92dd4-bbc1-11e8-b2bb-ac1f6b6435d0,19,9 10 20
e7fa747a-bbb0-11e8-b2ba-ac1f6b6435d0,25,25
e7fa94c8-bba1-11e8-b2b9-ac1f6b6435d0,25 0,0
e7fc8ce0-bbc1-11e8-b2bb-ac1f6b6435d0,5 0,0 5
e7fd40a4-bb99-11e8-b2b9-ac1f6b6435d0,5 0,0 5
e7fd768a-bbaf-11e8-b2ba-ac1f6b6435d0,25 0,0 25
e7fdae16-bbb9-11e8-b2ba-ac1f6b6435d0,4,4
e7ff859a-bbbb-11e8-b2ba-ac1f6b6435d0,25 18,25
e800e0f6-bba3-11e8-b2b9-ac1f6b6435d0,8,8 20
e801909a-bba9-11e8-b2ba-ac1f6b6435d0,0 21,0 21
e8032a16-bbb5-11e8-b2ba-ac1f6b6435d0,25 21,21 25
e804dbf6-bbae-11e8-b2ba-ac1f6b6435d0,0,0 25
e80672b6-bba1-11e8-b2b9-ac1f6b6435d0,2,2
e8071bd4-bba2-11e8-b2b9-ac1f6b6435d0,25 0,0 25
e80d45ee-bb9e-11e8-b2b9-ac1f6b6435d0,7 4,4 7
e80e6f9a-bb9f-11e8-b2b9-ac1f6b6435d0,16,0
e80ea286-bbc1-11e8-b2bb-ac1f6b6435d0,25 3 0,4
e80f4cb2-bbc2-11e8-b2bc-ac1f6b6435d0,0 21,0 21
e80f9576-bbab-11e8-b2ba-ac1f6b6435d0,7,18
e8134c06-bbc0-11e8-b2bb-ac1f6b6435d0,25,21 25
e81595d0-bbc8-11e8-b2bc-ac1f6b6435d0,7 0,0 7
e81843b8-bba8-11e8-b2ba-ac1f6b6435d0,25,17 25
e81a10e4-bbbc-11e8-b2ba-ac1f6b6435d0,6,6
e81b762c-bbc7-11e8-b2bc-ac1f6b6435d0,0,0
e81ea31c-bbb6-11e8-b2ba-ac1f6b6435d0,0 21,0 21
e820720c-bba5-11e8-b2ba-ac1f6b6435d0,7,0 7
e8227476-bbb4-11e8-b2ba-ac1f6b6435d0,25 2 0,2
e827c3a6-bba3-11e8-b2b9-ac1f6b6435d0,2 0,0 2
e829bd80-bb9b-11e8-b2b9-ac1f6b6435d0,16 25 14,14 16 17
e82c6aca-bbab-11e8-b2ba-ac1f6b6435d0,25,5 25
e830e098-bb9a-11e8-b2b9-ac1f6b6435d0,26 25 21,21 25 26
e8312308-bba1-11e8-b2b9-ac1f6b6435d0,22 0,0 22
e8336cde-bbac-11e8-b2ba-ac1f6b6435d0,16 7,0 25
e835f5f4-bb9c-11e8-b2b9-ac1f6b6435d0,25 14,14 25
e839bac6-bbb1-11e8-b2ba-ac1f6b6435d0,22 25 0,0 22
e83a5c96-bbad-11e8-b2ba-ac1f6b6435d0,23,23
e83b6552-bb9c-11e8-b2b9-ac1f6b6435d0,23,23
e83d148a-bb9a-11e8-b2b9-ac1f6b6435d0,25 2,3 25
e83f4c4a-bbc3-11e8-b2bc-ac1f6b6435d0,25 0,0 25
e840980c-bba0-11e8-b2b9-ac1f6b6435d0,11,11
e847f132-bbbf-11e8-b2bb-ac1f6b6435d0,6 0,6
e84c98c0-bbb2-11e8-b2ba-ac1f6b6435d0,1 0 21,1 21 25
e8503ee0-bba2-11e8-b2b9-ac1f6b6435d0,25 18,25
e8508b04-bba0-11e8-b2b9-ac1f6b6435d0,23,23
e852144e-bbad-11e8-b2ba-ac1f6b6435d0,26 0,0 26
e852290c-bba8-11e8-b2ba-ac1f6b6435d0,0 21,0 21 25
e8529dcc-bbbe-11e8-b2ba-ac1f6b6435d0,11,11
e853eb84-bbc1-11e8-b2bb-ac1f6b6435d0,25 0,0 25
e855c7f8-bba1-11e8-b2b9-ac1f6b6435d0,21,21
e85973d4-bba2-11e8-b2b9-ac1f6b6435d0,22 25,25
e85b1272-bbbe-11e8-b2ba-ac1f6b6435d0,0 21,21
e85b6b46-bbb4-11e8-b2ba-ac1f6b6435d0,6,6 21
e85da71e-bb99-11e8-b2b9-ac1f6b6435d0,25 5,4 5 25
e85de68a-bb9d-11e8-b2b9-ac1f6b6435d0,5 0,0 5
e85e01b4-bb99-11e8-b2b9-ac1f6b6435d0,7 0,0 7
e85f73a8-bb9b-11e8-b2b9-ac1f6b6435d0,23 1 0,0 23
e861a4dc-bbc5-11e8-b2bc-ac1f6b6435d0,25 7,25
e862bcbc-bbc2-11e8-b2bc-ac1f6b6435d0,16 25 0,0 16 17
e8636514-bbad-11e8-b2ba-ac1f6b6435d0,25,26
e863f1fe-bb9a-11e8-b2b9-ac1f6b6435d0,5,5
e866494e-bb9b-11e8-b2b9-ac1f6b6435d0,25 2 0,0 2
e8676060-bb9e-11e8-b2b9-ac1f6b6435d0,7,7
e869207c-bbc5-11e8-b2bc-ac1f6b6435d0,6,6 25
e86adccc-bba3-11e8-b2b9-ac1f6b6435d0,18 0 21,0 21
e86c7b24-bba1-11e8-b2b9-ac1f6b6435d0,2,2
e870293c-bbaf-11e8-b2ba-ac1f6b6435d0,25 0,0
e8715698-bba7-11e8-b2ba-ac1f6b6435d0,4,4
e872d3bc-bbb4-11e8-b2ba-ac1f6b6435d0,7,5 25
e874306e-bbb8-11e8-b2ba-ac1f6b6435d0,25,25
e874e05c-bbb0-11e8-b2ba-ac1f6b6435d0,25 0,0 21 25
e87e3ca8-bbc2-11e8-b2bc-ac1f6b6435d0,1 0,1
e87fcbce-bbac-11e8-b2ba-ac1f6b6435d0,7,7
e87ff268-bbb4-11e8-b2ba-ac1f6b6435d0,20 0,0
e88577a8-bba3-11e8-b2b9-ac1f6b6435d0,25 18 0,0 18 25
e8864928-bbab-11e8-b2ba-ac1f6b6435d0,11 0,0 11 19
e88bc9e4-bbb4-11e8-b2ba-ac1f6b6435d0,0,0
e88e326a-bba5-11e8-b2ba-ac1f6b6435d0,2 21,2 21
e89248a8-bba2-11e8-b2b9-ac1f6b6435d0,19 0,0 19
e893ec5e-bbba-11e8-b2ba-ac1f6b6435d0,18 4 21,18 21 25
e894abe2-bbc6-11e8-b2bc-ac1f6b6435d0,23 2,2 23
e8974e62-bbbf-11e8-b2bb-ac1f6b6435d0,0,0
e899330c-bbac-11e8-b2ba-ac1f6b6435d0,6,6
e89acb58-bbc6-11e8-b2bc-ac1f6b6435d0,25 14 0,0 14 25
e89e4a0c-bbb8-11e8-b2ba-ac1f6b6435d0,25 7,7 25
e89ec43a-bbc9-11e8-b2bc-ac1f6b6435d0,12,12
e8a2c270-bbbe-11e8-b2ba-ac1f6b6435d0,7,7
e8a5295a-bbac-11e8-b2ba-ac1f6b6435d0,25 14,14
e8a92604-bbc5-11e8-b2bc-ac1f6b6435d0,22 0,0 21
e8a984d0-bba4-11e8-b2ba-ac1f6b6435d0,4,4
e8aad074-bb9f-11e8-b2b9-ac1f6b6435d0,21,21
e8ac9d64-bbae-11e8-b2ba-ac1f6b6435d0,16 14 5,0 14
e8aeca98-bba5-11e8-b2ba-ac1f6b6435d0,26,25 26
e8b55774-bbc2-11e8-b2bc-ac1f6b6435d0,16 18 17,25
e8b60578-bbbf-11e8-b2bb-ac1f6b6435d0,18,18
e8b809b0-bbbd-11e8-b2ba-ac1f6b6435d0,25 0,0 25
e8b9e422-bbc4-11e8-b2bc-ac1f6b6435d0,2,2
e8c0ea0a-bbc5-11e8-b2bc-ac1f6b6435d0,25 21,21 25
e8c19d50-bbb2-11e8-b2ba-ac1f6b6435d0,5 0,0 25
e8c2ef38-bba4-11e8-b2ba-ac1f6b6435d0,25 14,14 25
e8c546c6-bb99-11e8-b2b9-ac1f6b6435d0,11,11
e8ca5558-bba3-11e8-b2b9-ac1f6b6435d0,21,25
e8cab60e-bbb9-11e8-b2ba-ac1f6b6435d0,0,0
e8cb99b0-bba6-11e8-b2ba-ac1f6b6435d0,12,12
e8cc5328-bbb5-11e8-b2ba-ac1f6b6435d0,6,25
e8cec698-bbc5-11e8-b2bc-ac1f6b6435d0,0 21,0
e8cf69a6-bbbe-11e8-b2ba-ac1f6b6435d0,6,6
e8d095b4-bbba-11e8-b2ba-ac1f6b6435d0,25 21,21 25
e8d0ae48-bba9-11e8-b2ba-ac1f6b6435d0,23 2 0,2 23
e8d0e536-bbb6-11e8-b2ba-ac1f6b6435d0,19 0,0 18
e8d15d10-bbaa-11e8-b2ba-ac1f6b6435d0,7,7
e8d19c74-bbbb-11e8-b2ba-ac1f6b6435d0,21,21
e8d5b12a-bb9c-11e8-b2b9-ac1f6b6435d0,25 0,0 25
e8d6d7e0-bbb4-11e8-b2ba-ac1f6b6435d0,3 0,3
e8d81e08-bbbd-11e8-b2ba-ac1f6b6435d0,22,23
e8d8414a-bbad-11e8-b2ba-ac1f6b6435d0,11 23,11
e8da2d56-bbb3-11e8-b2ba-ac1f6b6435d0,23 0,0 23
e8dd077e-bbc2-11e8-b2bc-ac1f6b6435d0,25 0,0 25
e8dd3802-bba4-11e8-b2ba-ac1f6b6435d0,7 0,0 7
e8ddd9fe-bbab-11e8-b2ba-ac1f6b6435d0,7,20 26
e8de5930-bbbd-11e8-b2ba-ac1f6b6435d0,23,23
e8e0192a-bbb1-11e8-b2ba-ac1f6b6435d0,24 0,0 24
e8e07f22-bbb2-11e8-b2ba-ac1f6b6435d0,25 1 4,3 25
e8e0f922-bbab-11e8-b2ba-ac1f6b6435d0,0,0
e8e83fec-bba7-11e8-b2ba-ac1f6b6435d0,2,2 25
e8e974a0-bbb3-11e8-b2ba-ac1f6b6435d0,2 0,0 2
e8e9995e-bbb2-11e8-b2ba-ac1f6b6435d0,23 0,0 23
e8ea338c-bba3-11e8-b2b9-ac1f6b6435d0,25,25
e8eaf3a2-bba9-11e8-b2ba-ac1f6b6435d0,22,21
e8eb3b6c-bbbf-11e8-b2bb-ac1f6b6435d0,0,0
e8f2fc16-bba2-11e8-b2b9-ac1f6b6435d0,0,0
e8fab6b4-bb9c-11e8-b2b9-ac1f6b6435d0,12 25 7,7 25
e8fc6d26-bbbd-11e8-b2ba-ac1f6b6435d0,7 2 0,0 2 7
e8fdfccc-bbc7-11e8-b2bc-ac1f6b6435d0,19 25 0,0 25
e902ebfa-bbb4-11e8-b2ba-ac1f6b6435d0,25,25
e90347a4-bba4-11e8-b2ba-ac1f6b6435d0,0,0
e9044896-bbc4-11e8-b2bc-ac1f6b6435d0,20 23 0,0 20 23
e904c2f8-bbab-11e8-b2ba-ac1f6b6435d0,25 1 0 21,0 1 25
e907ae48-bbbd-11e8-b2ba-ac1f6b6435d0,25 18 21,21 25
e907b2d8-bb9c-11e8-b2b9-ac1f6b6435d0,0,0
e907c16e-bbc5-11e8-b2bc-ac1f6b6435d0,2 0,0 2
e90b4834-bbc5-11e8-b2bc-ac1f6b6435d0,5 0,5
e90d2814-bbae-11e8-b2ba-ac1f6b6435d0,25 0,0
e912a90a-bba0-11e8-b2b9-ac1f6b6435d0,21,21
e91410fc-bbb8-11e8-b2ba-ac1f6b6435d0,19 0,0 19
e916dd9c-bbb7-11e8-b2ba-ac1f6b6435d0,5,0 5 25
e91a4120-bbae-11e8-b2ba-ac1f6b6435d0,5,4
e91beca4-bbc3-11e8-b2bc-ac1f6b6435d0,25,25
e91c34f6-bbc9-11e8-b2bc-ac1f6b6435d0,23 3 0,0 23
e924bfa0-bbc8-11e8-b2bc-ac1f6b6435d0,16 25 21,21 25
e925b584-bbc0-11e8-b2bb-ac1f6b6435d0,25,25
e92745ca-bbac-11e8-b2ba-ac1f6b6435d0,21,21
e9296ed0-bbbc-11e8-b2ba-ac1f6b6435d0,0,0 5
e92d9aa0-bbb7-11e8-b2ba-ac1f6b6435d0,26,26
e92ee03e-bbaf-11e8-b2ba-ac1f6b6435d0,14 17 21,14 17 21
e933a988-bbb5-11e8-b2ba-ac1f6b6435d0,3 0,0 3
e9372f1a-bba4-11e8-b2ba-ac1f6b6435d0,25 23 0,0 23 25
e939e35c-bb9c-11e8-b2b9-ac1f6b6435d0,0,0
e93a48f6-bbab-11e8-b2ba-ac1f6b6435d0,3,3 25
e93b4574-bb9e-11e8-b2b9-ac1f6b6435d0,19 25 0,0 19 25
e93b5192-bbba-11e8-b2ba-ac1f6b6435d0,23,23
e93e66e4-bbb4-11e8-b2ba-ac1f6b6435d0,23 0,0 21 23
e93f322a-bbc0-11e8-b2bb-ac1f6b6435d0,23,23
e9402c44-bbb0-11e8-b2ba-ac1f6b6435d0,23,23
e9480ec6-bb99-11e8-b2b9-ac1f6b6435d0,23,23 25
e9483db2-bbc4-11e8-b2bc-ac1f6b6435d0,23 2,2 23
e94845d2-bbb5-11e8-b2ba-ac1f6b6435d0,7,7
e94861ee-bbb9-11e8-b2ba-ac1f6b6435d0,14,11 14
e949d348-bb9c-11e8-b2b9-ac1f6b6435d0,23,23
e94aebba-bbac-11e8-b2ba-ac1f6b6435d0,19 25 0,25
e94b6bfc-bbc6-11e8-b2bc-ac1f6b6435d0,21,21
e94d524e-bbb4-11e8-b2ba-ac1f6b6435d0,21,21
e95144a4-bbb3-11e8-b2ba-ac1f6b6435d0,12,12
e955f0a8-bbc7-11e8-b2bc-ac1f6b6435d0,7 18,7
e95822ca-bba8-11e8-b2ba-ac1f6b6435d0,4,4
e9593990-bbc5-11e8-b2bc-ac1f6b6435d0,0,4
e95deeb0-bbaf-11e8-b2ba-ac1f6b6435d0,2 0,0 2
e967ffd8-bbc6-11e8-b2bc-ac1f6b6435d0,11,11
e968998e-bbbc-11e8-b2ba-ac1f6b6435d0,12 23 0,0 12 23
e96a4c0e-bbb0-11e8-b2ba-ac1f6b6435d0,1 0,0 1
e96a86a2-bbbe-11e8-b2ba-ac1f6b6435d0,5 0,0 5
e96c24f0-bbc6-11e8-b2bc-ac1f6b6435d0,22,25
e96d250a-bbb0-11e8-b2ba-ac1f6b6435d0,22,13 22
e96e353a-bbb0-11e8-b2ba-ac1f6b6435d0,23 0,0 23
e96ecfe8-bb9e-11e8-b2b9-ac1f6b6435d0,7 0,0 25
e975d67e-bbbe-11e8-b2ba-ac1f6b6435d0,1,1
e9764bb8-bbc3-11e8-b2bc-ac1f6b6435d0,7 16 0,5 7
e977c170-bb99-11e8-b2b9-ac1f6b6435d0,19 5,5
e97a154e-bba1-11e8-b2b9-ac1f6b6435d0,12,12
e97ac8b0-bb9a-11e8-b2b9-ac1f6b6435d0,23 1,6
e97e6d7e-bbb5-11e8-b2ba-ac1f6b6435d0,2 0,0 2
e97f9dd8-bbb6-11e8-b2ba-ac1f6b6435d0,24 25,24
e98079dc-bbc6-11e8-b2bc-ac1f6b6435d0,25 5,0 5 25
e9846f3a-bbba-11e8-b2ba-ac1f6b6435d0,25 0,0
e98503a2-bb9a-11e8-b2b9-ac1f6b6435d0,0,0
e9871200-bb9a-11e8-b2b9-ac1f6b6435d0,23,23
e9892536-bb9f-11e8-b2b9-ac1f6b6435d0,4,2 4
e98f4c6a-bba2-11e8-b2b9-ac1f6b6435d0,2 0,0 2
e98fc512-bbb8-11e8-b2ba-ac1f6b6435d0,6 2,6
e9961956-bb9c-11e8-b2b9-ac1f6b6435d0,23,23
e99750b4-bbb5-11e8-b2ba-ac1f6b6435d0,19,19
e99ae0d6-bba0-11e8-b2b9-ac1f6b6435d0,25,25
e99edff8-bbc6-11e8-b2bc-ac1f6b6435d0,18 0,0 18
e9a05cae-bba6-11e8-b2ba-ac1f6b6435d0,25 0,0 7
e9a0d3f4-bbc5-11e8-b2bc-ac1f6b6435d0,23,23
e9a1ebf6-bbaa-11e8-b2ba-ac1f6b6435d0,7 0,0 7 25
e9a2e7ce-bbc1-11e8-b2bb-ac1f6b6435d0,11,25
e9a3783a-bbb5-11e8-b2ba-ac1f6b6435d0,6 21,6
e9a39090-bba1-11e8-b2b9-ac1f6b6435d0,7 2 0,0 2
e9a7ba54-bba5-11e8-b2ba-ac1f6b6435d0,11,11
e9a80374-bbc8-11e8-b2bc-ac1f6b6435d0,14,14
e9b18b1e-bba6-11e8-b2ba-ac1f6b6435d0,26 0,0 25 26
e9b207a0-bbbb-11e8-b2ba-ac1f6b6435d0,25 2,0 2
e9b21c7e-bb9b-11e8-b2b9-ac1f6b6435d0,25 21,13
e9b4b3a2-bbc4-11e8-b2bc-ac1f6b6435d0,19 0,0 19
e9b78580-bbc1-11e8-b2bb-ac1f6b6435d0,22 0,0 22
e9b86932-bb9e-11e8-b2b9-ac1f6b6435d0,4,4
e9ba3326-bba2-11e8-b2b9-ac1f6b6435d0,19,19
e9c0edf0-bbbc-11e8-b2ba-ac1f6b6435d0,7 2 0,0 2
e9c1b3d6-bbc4-11e8-b2bc-ac1f6b6435d0,7 0,7
e9c3b6b8-bbba-11e8-b2ba-ac1f6b6435d0,21,21
e9c46aae-bb9c-11e8-b2b9-ac1f6b6435d0,0 21,0 25
e9c71002-bbaf-11e8-b2ba-ac1f6b6435d0,3,3
e9c72b70-bba8-11e8-b2ba-ac1f6b6435d0,2 0,0 2
e9c8ea06-bba7-11e8-b2ba-ac1f6b6435d0,19,19
e9c8fbf0-bbbf-11e8-b2bb-ac1f6b6435d0,7,20 26
e9cc9ad8-bbbc-11e8-b2ba-ac1f6b6435d0,5 0,0
e9cf0a88-bba9-11e8-b2ba-ac1f6b6435d0,0,0
e9d553e4-bba3-11e8-b2b9-ac1f6b6435d0,14,14
e9d6492e-bbae-11e8-b2ba-ac1f6b6435d0,25 13,13 25
e9dbc3a8-bb9b-11e8-b2b9-ac1f6b6435d0,25 21,25
e9dc671c-bbc9-11e8-b2bc-ac1f6b6435d0,2 0,0 2
e9dc859a-bbb4-11e8-b2ba-ac1f6b6435d0,7 0,0 7
e9dccccc-bbbd-11e8-b2ba-ac1f6b6435d0,23,23
e9e1123e-bbbb-11e8-b2ba-ac1f6b6435d0,5,5
e9e11a2e-bbc3-11e8-b2bc-ac1f6b6435d0,5 0 21,0 5
e9e1bc8a-bb9c-11e8-b2b9-ac1f6b6435d0,5 0,0
e9e28180-bbc2-11e8-b2bc-ac1f6b6435d0,21,21
e9e5948a-bbac-11e8-b2ba-ac1f6b6435d0,11,11
e9e6a648-bb9a-11e8-b2b9-ac1f6b6435d0,2 21,3 21 25
e9e97516-bbaf-11e8-b2ba-ac1f6b6435d0,4,4
e9e9fef4-bbc9-11e8-b2bc-ac1f6b6435d0,25 7 21,7 25
e9ebc5bc-bbbb-11e8-b2ba-ac1f6b6435d0,0,0
e9ecc4ce-bbbd-11e8-b2ba-ac1f6b6435d0,19 0,0 19
e9eec7b4-bbc8-11e8-b2bc-ac1f6b6435d0,6,6 23
e9ef7110-bbbd-11e8-b2ba-ac1f6b6435d0,19 0,4 19
e9ef9cb6-bbc3-11e8-b2bc-ac1f6b6435d0,19 0,0
e9f19d76-bbb0-11e8-b2ba-ac1f6b6435d0,25,25
e9f32c44-bbc0-11e8-b2bb-ac1f6b6435d0,11,11
e9fa9786-bbb6-11e8-b2ba-ac1f6b6435d0,23,7
e9fc7c9c-bbaa-11e8-b2ba-ac1f6b6435d0,25 0,0 25
e9fd6a4a-bb9a-11e8-b2b9-ac1f6b6435d0,23,23
ea014968-bbb7-11e8-b2ba-ac1f6b6435d0,25 2 0,0 2 25
ea02c2ec-bbae-11e8-b2ba-ac1f6b6435d0,19 25 0,0 25
ea0351c2-bbc1-11e8-b2bb-ac1f6b6435d0,21,6
ea064192-bbb8-11e8-b2ba-ac1f6b6435d0,25 2,2 25
ea0708b2-bba8-11e8-b2ba-ac1f6b6435d0,25 0,0 5 25
ea078534-bbae-11e8-b2ba-ac1f6b6435d0,5,5
ea0b876c-bba7-11e8-b2ba-ac1f6b6435d0,0,0
ea0ded0e-bb9d-11e8-b2b9-ac1f6b6435d0,25,25
ea0e3a3c-bbae-11e8-b2ba-ac1f6b6435d0,2,2
ea0f98a0-bb9f-11e8-b2b9-ac1f6b6435d0,0,0
ea157368-bbba-11e8-b2ba-ac1f6b6435d0,13 4 21,4
ea166576-bbc3-11e8-b2bc-ac1f6b6435d0,0,0
ea16adca-bba9-11e8-b2ba-ac1f6b6435d0,23,23
ea1f2822-bbb0-11e8-b2ba-ac1f6b6435d0,2,2
ea208da8-bba0-11e8-b2b9-ac1f6b6435d0,2,2
ea22891a-bbb3-11e8-b2ba-ac1f6b6435d0,5 0,5
ea244a00-bbb0-11e8-b2ba-ac1f6b6435d0,4,4
ea2486be-bbb5-11e8-b2ba-ac1f6b6435d0,4,4
ea2a7e18-bb9a-11e8-b2b9-ac1f6b6435d0,21,6
ea2d2528-bbc7-11e8-b2bc-ac1f6b6435d0,23,23
ea2d8832-bbb4-11e8-b2ba-ac1f6b6435d0,25 0,0
ea3170f8-bbbb-11e8-b2ba-ac1f6b6435d0,22 0,0 22
ea342da0-bbbd-11e8-b2ba-ac1f6b6435d0,3 0,0
ea34fb60-bbc0-11e8-b2bb-ac1f6b6435d0,7,7
ea36248e-bbb3-11e8-b2ba-ac1f6b6435d0,19 25,25
ea366958-bbc2-11e8-b2bc-ac1f6b6435d0,25 7,0 7 25
ea38b57c-bbc3-11e8-b2bc-ac1f6b6435d0,23,23
ea3bcaf6-bba9-11e8-b2ba-ac1f6b6435d0,7,7
ea3dd35a-bb9a-11e8-b2b9-ac1f6b6435d0,23 1,23
ea3df5c0-bba8-11e8-b2ba-ac1f6b6435d0,19,19
ea43dde0-bbae-11e8-b2ba-ac1f6b6435d0,11,11
ea44a938-bbad-11e8-b2ba-ac1f6b6435d0,25 4,25
ea46a3e2-bbc0-11e8-b2bb-ac1f6b6435d0,18 21,0 17 18 25
ea478676-bbb2-11e8-b2ba-ac1f6b6435d0,16 25 0,0 16 25
ea49d0f2-bba8-11e8-b2ba-ac1f6b6435d0,1 0,0 1
ea5380e6-bb9b-11e8-b2b9-ac1f6b6435d0,25 1,1 25
ea551216-bbab-11e8-b2ba-ac1f6b6435d0,23,25
ea5532de-bbc2-11e8-b2bc-ac1f6b6435d0,2 0,0 2
ea5974c2-bbc0-11e8-b2bb-ac1f6b6435d0,25 0,0 21 25
ea5a4680-bbb7-11e8-b2ba-ac1f6b6435d0,14,14 25
ea5a808e-bbb5-11e8-b2ba-ac1f6b6435d0,11,7
ea5bf6ae-bbb4-11e8-b2ba-ac1f6b6435d0,21,21
ea5e1d46-bba3-11e8-b2b9-ac1f6b6435d0,13,13
ea61f0f0-bbc7-11e8-b2bc-ac1f6b6435d0,0,0
ea669a14-bbaa-11e8-b2ba-ac1f6b6435d0,25,25
ea681032-bba6-11e8-b2ba-ac1f6b6435d0,21,0 21
ea6856d0-bbc6-11e8-b2bc-ac1f6b6435d0,5,0
ea69f656-bb9a-11e8-b2b9-ac1f6b6435d0,1 0,1 5
ea6a6d2c-bbbb-11e8-b2ba-ac1f6b6435d0,2 21,2
ea6b5e68-bbc9-11e8-b2bc-ac1f6b6435d0,19 25,19 25
ea6d21fe-bbaf-11e8-b2ba-ac1f6b6435d0,5 0,3 4
ea71de70-bba9-11e8-b2ba-ac1f6b6435d0,19,19
ea72a440-bba4-11e8-b2ba-ac1f6b6435d0,7 21,7
ea75fd16-bbc2-11e8-b2bc-ac1f6b6435d0,4,4
ea7a4806-bbc9-11e8-b2bc-ac1f6b6435d0,25 5,5 25
ea7c0cbc-bbbb-11e8-b2ba-ac1f6b6435d0,7,7
ea7d06fa-bbaf-11e8-b2ba-ac1f6b6435d0,14 0,0 25
ea7e97d0-bbc9-11e8-b2bc-ac1f6b6435d0,2,2
ea80e012-bbba-11e8-b2ba-ac1f6b6435d0,23,23
ea846e3e-bbbb-11e8-b2ba-ac1f6b6435d0,7 0,0 7
ea84e578-bbb9-11e8-b2ba-ac1f6b6435d0,0 21,0 21
ea85246c-bba4-11e8-b2ba-ac1f6b6435d0,0,0
ea8cbd4c-bbbf-11e8-b2bb-ac1f6b6435d0,25 5,5 25
ea8cfbdc-bbc8-11e8-b2bc-ac1f6b6435d0,5 0,0 19
ea8fd252-bba6-11e8-b2ba-ac1f6b6435d0,19 25,19 25
ea9128e0-bbbb-11e8-b2ba-ac1f6b6435d0,24 21,11 12
ea958780-bbae-11e8-b2ba-ac1f6b6435d0,11,12
ea973356-bb99-11e8-b2b9-ac1f6b6435d0,6,14
ea97c134-bbaa-11e8-b2ba-ac1f6b6435d0,25 21,21 23
ea9ce456-bbb0-11e8-b2ba-ac1f6b6435d0,23,23
ea9e603c-bbac-11e8-b2ba-ac1f6b6435d0,25 7 0,0 7 25
ea9fca34-bbb2-11e8-b2ba-ac1f6b6435d0,12 0 21,4 21 22
eaa08e70-bbb6-11e8-b2ba-ac1f6b6435d0,25 11 2 0,25
eaa29c70-bbab-11e8-b2ba-ac1f6b6435d0,0,0 25
eaa80446-bb9f-11e8-b2b9-ac1f6b6435d0,3,3 25
eaa9bca4-bba5-11e8-b2ba-ac1f6b6435d0,6 21,6
eaab6108-bbc3-11e8-b2bc-ac1f6b6435d0,18 23 0,0 23
eaae3342-bbb4-11e8-b2ba-ac1f6b6435d0,0,0
eab17c44-bbb6-11e8-b2ba-ac1f6b6435d0,2,2
eab4e8c0-bbac-11e8-b2ba-ac1f6b6435d0,11 0,0 11
eaba4ccc-bbb4-11e8-b2ba-ac1f6b6435d0,25,25
eabc76f6-bbb3-11e8-b2ba-ac1f6b6435d0,26 23 0,0 23
eabc96a4-bbbd-11e8-b2ba-ac1f6b6435d0,23,23
eabfa950-bbab-11e8-b2ba-ac1f6b6435d0,18 4,0 7 21
eac05db4-bb9c-11e8-b2b9-ac1f6b6435d0,25 13,22
eac08df6-bbbb-11e8-b2ba-ac1f6b6435d0,25,25
eac42458-bbba-11e8-b2ba-ac1f6b6435d0,22 25 13 21,13 21 25
eac46376-bb9e-11e8-b2b9-ac1f6b6435d0,24 25 21,24 25
eac5af6a-bba3-11e8-b2b9-ac1f6b6435d0,25 5,0 25
eac7a5fe-bba3-11e8-b2b9-ac1f6b6435d0,19 0,23
eacbdd34-bbc8-11e8-b2bc-ac1f6b6435d0,25 7 0 21,0
eacc38ee-bbc6-11e8-b2bc-ac1f6b6435d0,4,4
eacc7c38-bba2-11e8-b2b9-ac1f6b6435d0,25 0,0
eacd6dae-bba8-11e8-b2ba-ac1f6b6435d0,1 2 0,0 1 2
eace48be-bbbc-11e8-b2ba-ac1f6b6435d0,22 19 25,22
ead3720e-bbc0-11e8-b2bb-ac1f6b6435d0,13,13
ead3c6ca-bbb9-11e8-b2ba-ac1f6b6435d0,2,2
ead42abc-bba4-11e8-b2ba-ac1f6b6435d0,5 0,0 5
ead4f324-bbc8-11e8-b2bc-ac1f6b6435d0,2 0,2
ead5c0dc-bbc4-11e8-b2bc-ac1f6b6435d0,11 0,0 11
eadbcb70-bbb6-11e8-b2ba-ac1f6b6435d0,23,6 23
eade8174-bba4-11e8-b2ba-ac1f6b6435d0,14,14
eadfd840-bbc6-11e8-b2bc-ac1f6b6435d0,19,6
eae0210a-bbc2-11e8-b2bc-ac1f6b6435d0,19 0,0 19
eae13a0e-bba9-11e8-b2ba-ac1f6b6435d0,19 5,25
eae31fe4-bbb4-11e8-b2ba-ac1f6b6435d0,12,12
eae3f4cc-bbab-11e8-b2ba-ac1f6b6435d0,23,23
eae6c554-bbb9-11e8-b2ba-ac1f6b6435d0,0,0 25
eae71968-bba1-11e8-b2b9-ac1f6b6435d0,5,5
eaeab77a-bbb1-11e8-b2ba-ac1f6b6435d0,19 11,11
eaef16d0-bb9d-11e8-b2b9-ac1f6b6435d0,7 0,0
eaf04c7c-bbb5-11e8-b2ba-ac1f6b6435d0,19,11
eafc778e-bbb7-11e8-b2ba-ac1f6b6435d0,0,0
eafe28ba-bbab-11e8-b2ba-ac1f6b6435d0,7 0,0 7
eb000a04-bbc9-11e8-b2bc-ac1f6b6435d0,2,2
eb0064be-bba5-11e8-b2ba-ac1f6b6435d0,22,22
eb013526-bb99-11e8-b2b9-ac1f6b6435d0,24 11,11
eb0143d0-bba4-11e8-b2ba-ac1f6b6435d0,25 23,4 21
eb0225b0-bbb4-11e8-b2ba-ac1f6b6435d0,4,4
eb032ec4-bbc8-11e8-b2bc-ac1f6b6435d0,4,4
eb086aea-bbac-11e8-b2ba-ac1f6b6435d0,25 1,0 1 25
eb09866e-bba7-11e8-b2ba-ac1f6b6435d0,0,0
eb09c900-bbaa-11e8-b2ba-ac1f6b6435d0,25 0,0 25
eb0c7b1e-bba5-11e8-b2ba-ac1f6b6435d0,25 0,0 25
eb1140de-bbbb-11e8-b2ba-ac1f6b6435d0,7,7 9
eb1174b8-bbb2-11e8-b2ba-ac1f6b6435d0,7,6 7
eb13f68a-bb9d-11e8-b2b9-ac1f6b6435d0,23,23
eb1460a0-bbbd-11e8-b2ba-ac1f6b6435d0,14,14
eb14aef4-bbb1-11e8-b2ba-ac1f6b6435d0,12,12
eb150e4c-bbbd-11e8-b2ba-ac1f6b6435d0,13 0,0 13
eb15b88c-bba0-11e8-b2b9-ac1f6b6435d0,23 2,2 23
eb1618be-bbae-11e8-b2ba-ac1f6b6435d0,14,14
eb16f080-bbc8-11e8-b2bc-ac1f6b6435d0,0,0
eb17459c-bb9d-11e8-b2b9-ac1f6b6435d0,13 1 0,0 5
eb175e12-bbaf-11e8-b2ba-ac1f6b6435d0,23 0,0 23
eb1b2c8c-bbc2-11e8-b2bc-ac1f6b6435d0,23 0,0 23
eb1caa3a-bbc7-11e8-b2bc-ac1f6b6435d0,1 2,1
eb1e2456-bbc1-11e8-b2bb-ac1f6b6435d0,19,19
eb24a22c-bbb7-11e8-b2ba-ac1f6b6435d0,23 2,2 23
eb25182c-bbbe-11e8-b2ba-ac1f6b6435d0,21,2 11
eb28d6a4-bbc5-11e8-b2bc-ac1f6b6435d0,0,0 21 25
eb29b782-bbb5-11e8-b2ba-ac1f6b6435d0,18 1 0,0 1
eb2c4a64-bbb6-11e8-b2ba-ac1f6b6435d0,6,6
eb2dcc6a-bbaa-11e8-b2ba-ac1f6b6435d0,12,0
eb36cb34-bbb5-11e8-b2ba-ac1f6b6435d0,21,21
eb38df3c-bbc9-11e8-b2bc-ac1f6b6435d0,12,21
eb409dd0-bbc4-11e8-b2bc-ac1f6b6435d0,25 1,1 25
eb4256f8-bba5-11e8-b2ba-ac1f6b6435d0,7,0 23
eb430e90-bbc3-11e8-b2bc-ac1f6b6435d0,0,5
eb449dea-bbab-11e8-b2ba-ac1f6b6435d0,7,7
eb458188-bbba-11e8-b2ba-ac1f6b6435d0,19 0,18
eb46cebc-bba1-11e8-b2b9-ac1f6b6435d0,0 21,0 18 21
eb46e990-bb99-11e8-b2b9-ac1f6b6435d0,23,23
eb48a876-bbc5-11e8-b2bc-ac1f6b6435d0,5,5
eb4c10d4-bbba-11e8-b2ba-ac1f6b6435d0,4,4
eb4d6a16-bb9b-11e8-b2b9-ac1f6b6435d0,2 0,2
eb4dad0c-bba3-11e8-b2b9-ac1f6b6435d0,25 11 0,0 11 25
eb52baf6-bbab-11e8-b2ba-ac1f6b6435d0,25,25
eb52ec28-bb9d-11e8-b2b9-ac1f6b6435d0,5,0
eb53e2d2-bbbf-11e8-b2bb-ac1f6b6435d0,23,0 23
eb57de3a-bb9e-11e8-b2b9-ac1f6b6435d0,18,19 24
eb5f5f5e-bbbf-11e8-b2bb-ac1f6b6435d0,1 0,0 1
eb5fe9e6-bbc0-11e8-b2bb-ac1f6b6435d0,2 0,0 2
eb6060fe-bbc2-11e8-b2bc-ac1f6b6435d0,7,7
eb622776-bba5-11e8-b2ba-ac1f6b6435d0,11 2 0,2 11
eb63853a-bba5-11e8-b2ba-ac1f6b6435d0,25,7
eb64b440-bbc4-11e8-b2bc-ac1f6b6435d0,25 17 0,16 17 25
eb671858-bb9b-11e8-b2b9-ac1f6b6435d0,19 1,1 19
eb6776c6-bbbf-11e8-b2bb-ac1f6b6435d0,4,0
eb679172-bbad-11e8-b2ba-ac1f6b6435d0,2,2
eb6a5910-bb9a-11e8-b2b9-ac1f6b6435d0,0,0 1
eb735c4c-bbc5-11e8-b2bc-ac1f6b6435d0,0 21,0 21
eb75202a-bba9-11e8-b2ba-ac1f6b6435d0,22,22
eb7684a6-bba9-11e8-b2ba-ac1f6b6435d0,21,21
eb777cb0-bbb0-11e8-b2ba-ac1f6b6435d0,4 21,4 21
eb7852b6-bba1-11e8-b2b9-ac1f6b6435d0,0 21,21 25
eb7caa62-bb99-11e8-b2b9-ac1f6b6435d0,1,0 1
eb7f4be8-bbab-11e8-b2ba-ac1f6b6435d0,5,4 5
eb828f2c-bbad-11e8-b2ba-ac1f6b6435d0,7 0,0
eb870694-bbbf-11e8-b2bb-ac1f6b6435d0,25 0,0 25
eb873b4e-bba8-11e8-b2ba-ac1f6b6435d0,25 21,21 25
eb8b495c-bbb5-11e8-b2ba-ac1f6b6435d0,12 21,12
eb8d61ea-bbc1-11e8-b2bb-ac1f6b6435d0,0,0
eb8ec700-bbc2-11e8-b2bc-ac1f6b6435d0,2 0,0 2
eb91a6fc-bba7-11e8-b2ba-ac1f6b6435d0,25,2
eb91d542-bba6-11e8-b2ba-ac1f6b6435d0,0,0
eb92dd3c-bb99-11e8-b2b9-ac1f6b6435d0,18,18
eb944280-bbad-11e8-b2ba-ac1f6b6435d0,23,23
eb9559bc-bba4-11e8-b2ba-ac1f6b6435d0,22 0,0 22
eb95f280-bbc4-11e8-b2bc-ac1f6b6435d0,3,3
eb9632f2-bba3-11e8-b2b9-ac1f6b6435d0,5,5
eb98622c-bbc4-11e8-b2bc-ac1f6b6435d0,14 2,2 14
eb9afab0-bbaf-11e8-b2ba-ac1f6b6435d0,25,21 25
eb9e3f9e-bbc9-11e8-b2bc-ac1f6b6435d0,5,5
eba035a8-bbc7-11e8-b2bc-ac1f6b6435d0,16,0 16
eba52d0a-bbbe-11e8-b2ba-ac1f6b6435d0,26,24
eba7191e-bba8-11e8-b2ba-ac1f6b6435d0,21,25
eba8587e-bbb2-11e8-b2ba-ac1f6b6435d0,19,19
ebaf541e-bbc9-11e8-b2bc-ac1f6b6435d0,1,1
ebb10f80-bbaa-11e8-b2ba-ac1f6b6435d0,25 0,25
ebb1d19a-bbb4-11e8-b2ba-ac1f6b6435d0,25 2,4 25
ebb468de-bbb8-11e8-b2ba-ac1f6b6435d0,2 0,2
ebb538a8-bbb4-11e8-b2ba-ac1f6b6435d0,5 21,0 5 21
ebb88e48-bbc5-11e8-b2bc-ac1f6b6435d0,7,7
ebbb1f3c-bba7-11e8-b2ba-ac1f6b6435d0,22 7 21,21 22
ebbc3538-bbb7-11e8-b2ba-ac1f6b6435d0,0,0
ebc0468c-bbc1-11e8-b2bb-ac1f6b6435d0,25 0,0 23
ebc0dd4e-bbbd-11e8-b2ba-ac1f6b6435d0,7,7
ebc4c4be-bbbc-11e8-b2ba-ac1f6b6435d0,25 0,0 25
ebc51978-bb99-11e8-b2b9-ac1f6b6435d0,23 3,3
ebc64226-bb9e-11e8-b2b9-ac1f6b6435d0,6,6
ebc6a762-bbac-11e8-b2ba-ac1f6b6435d0,21,21
ebc7743e-bb9e-11e8-b2b9-ac1f6b6435d0,21,0
ebca90ca-bbb1-11e8-b2ba-ac1f6b6435d0,25 11,0 11 25
ebcab1ce-bbb9-11e8-b2ba-ac1f6b6435d0,25 21,21 25
ebcbceec-bbb9-11e8-b2ba-ac1f6b6435d0,5 0,5
ebcc26cc-bba4-11e8-b2ba-ac1f6b6435d0,0,0
ebcec3fe-bbb9-11e8-b2ba-ac1f6b6435d0,4,4 25
ebcf144e-bbb9-11e8-b2ba-ac1f6b6435d0,23 0,23
ebd0d50e-bbc3-11e8-b2bc-ac1f6b6435d0,1 0,0 1
ebd13868-bba6-11e8-b2ba-ac1f6b6435d0,4,4
ebd1e256-bb9f-11e8-b2b9-ac1f6b6435d0,5 0,0 5
ebd25f72-bbbf-11e8-b2bb-ac1f6b6435d0,0,0
ebd665e0-bbb5-11e8-b2ba-ac1f6b6435d0,11,11
ebd91408-bbc8-11e8-b2bc-ac1f6b6435d0,14,14
ebdb5102-bbad-11e8-b2ba-ac1f6b6435d0,23 0,0 23
ebe27cf4-bbbf-11e8-b2bb-ac1f6b6435d0,4,0
ebe43834-bbb3-11e8-b2ba-ac1f6b6435d0,14 21,14 21
ebe5e766-bba3-11e8-b2b9-ac1f6b6435d0,21,21 25
ebe80304-bbb0-11e8-b2ba-ac1f6b6435d0,25,21 25
ebe8f384-bbb2-11e8-b2ba-ac1f6b6435d0,19 25,2 7 25
ebebc58e-bbbf-11e8-b2bb-ac1f6b6435d0,25 0 21,0 21 25
ebed1284-bbb2-11e8-b2ba-ac1f6b6435d0,22,22
ebee13e4-bbaa-11e8-b2ba-ac1f6b6435d0,25 0,0 25
ebf1c9ee-bb9b-11e8-b2b9-ac1f6b6435d0,19 0 21,0 21
ebf20d56-bbae-11e8-b2ba-ac1f6b6435d0,25 4,0
ebf2d3ee-bbae-11e8-b2ba-ac1f6b6435d0,6,6 25
ebf960d8-bba4-11e8-b2ba-ac1f6b6435d0,20 0,0
ebfcde90-bbac-11e8-b2ba-ac1f6b6435d0,5,0 5
ec000d18-bbb6-11e8-b2ba-ac1f6b6435d0,25 4,4 25
ec04f44c-bba5-11e8-b2ba-ac1f6b6435d0,0 21,0
ec053a76-bbbc-11e8-b2ba-ac1f6b6435d0,0,0
ec05b3ca-bbc1-11e8-b2bb-ac1f6b6435d0,11,11
ec0786a4-bba9-11e8-b2ba-ac1f6b6435d0,25 0,25
ec095502-bbad-11e8-b2ba-ac1f6b6435d0,2,2
ec09605e-bbaf-11e8-b2ba-ac1f6b6435d0,21,6
ec0badb6-bbb7-11e8-b2ba-ac1f6b6435d0,1,1 25
ec10b992-bb9d-11e8-b2b9-ac1f6b6435d0,4,25
ec13d4d0-bbbe-11e8-b2ba-ac1f6b6435d0,19 0,0 19
ec142e2a-bbc4-11e8-b2bc-ac1f6b6435d0,0,21
ec195e00-bba5-11e8-b2ba-ac1f6b6435d0,25 5,5 25
ec1b6e52-bbc3-11e8-b2bc-ac1f6b6435d0,25 0,0 22 25
ec1e9604-bbb4-11e8-b2ba-ac1f6b6435d0,4,0
ec20aec4-bba7-11e8-b2ba-ac1f6b6435d0,19 0,0 19
ec210862-bbaf-11e8-b2ba-ac1f6b6435d0,4,4
ec216b38-bbc6-11e8-b2bc-ac1f6b6435d0,0,0
ec23cf44-bb9f-11e8-b2b9-ac1f6b6435d0,7 0,7
ec26046c-bbbd-11e8-b2ba-ac1f6b6435d0,25 0,0 11
ec27ce60-bbbc-11e8-b2ba-ac1f6b6435d0,1,1
ec2b24b0-bba9-11e8-b2ba-ac1f6b6435d0,0,0 2
ec2c5e9a-bbac-11e8-b2ba-ac1f6b6435d0,25 3 21,0 21
ec2e9a14-bb9a-11e8-b2b9-ac1f6b6435d0,5,4 5
ec2fbfde-bbc2-11e8-b2bc-ac1f6b6435d0,25 5,0 25
ec313b42-bba5-11e8-b2ba-ac1f6b6435d0,25 0,0 25
ec313eb6-bbbf-11e8-b2bb-ac1f6b6435d0,5,5
ec31b3be-bba1-11e8-b2b9-ac1f6b6435d0,12 14,11 12
ec40fe04-bbac-11e8-b2ba-ac1f6b6435d0,19 25,19 25
ec428104-bba0-11e8-b2b9-ac1f6b6435d0,19 0,0 19
ec43291e-bbbf-11e8-b2bb-ac1f6b6435d0,5 21,5
ec44723a-bba9-11e8-b2ba-ac1f6b6435d0,5,5
ec45ceea-bbbe-11e8-b2ba-ac1f6b6435d0,23,23
ec473fb6-bbc6-11e8-b2bc-ac1f6b6435d0,5,2
ec4d48d8-bbb3-11e8-b2ba-ac1f6b6435d0,1 4,1 4
ec4d986a-bb9f-11e8-b2b9-ac1f6b6435d0,25,25
ec503d06-bba7-11e8-b2ba-ac1f6b6435d0,11,11
ec55f70a-bba7-11e8-b2ba-ac1f6b6435d0,25 0,0
ec584308-bbab-11e8-b2ba-ac1f6b6435d0,1,1
ec5a4a82-bbc8-11e8-b2bc-ac1f6b6435d0,14,14
ec5c7e10-bbaa-11e8-b2ba-ac1f6b6435d0,25,25
ec5df1c8-bbbe-11e8-b2ba-ac1f6b6435d0,7,7
ec5ea784-bba1-11e8-b2b9-ac1f6b6435d0,25 2 0,0 2 25
ec620990-bbb7-11e8-b2ba-ac1f6b6435d0,25 0,0 25
ec6230cc-bbae-11e8-b2ba-ac1f6b6435d0,25 0,0 25
ec647f04-bbc6-11e8-b2bc-ac1f6b6435d0,25 0 21,21
ec64db50-bbaa-11e8-b2ba-ac1f6b6435d0,0,0
ec688d54-bbaa-11e8-b2ba-ac1f6b6435d0,7 0,0 7
ec6a5b3a-bbb8-11e8-b2ba-ac1f6b6435d0,7,7
ec6f916a-bbac-11e8-b2ba-ac1f6b6435d0,0,0
ec72c8da-bbc5-11e8-b2bc-ac1f6b6435d0,25,21 25
ec7354e0-bbba-11e8-b2ba-ac1f6b6435d0,23,0 23
ec77cdfc-bbad-11e8-b2ba-ac1f6b6435d0,7,7
ec7a8296-bbb1-11e8-b2ba-ac1f6b6435d0,23 0,0 23
ec7dca56-bbc4-11e8-b2bc-ac1f6b6435d0,2 0,0 3
ec7e7d3e-bb9c-11e8-b2b9-ac1f6b6435d0,0,0 5
ec822258-bbac-11e8-b2ba-ac1f6b6435d0,23,23
ec829d9e-bbc7-11e8-b2bc-ac1f6b6435d0,25 16 0,0 16 25
ec830eee-bbc9-11e8-b2bc-ac1f6b6435d0,21,21
ec884bb0-bbbb-11e8-b2ba-ac1f6b6435d0,6,5 6
ec888ddc-bbac-11e8-b2ba-ac1f6b6435d0,19 25 0,25
ec8e79ba-bbb9-11e8-b2ba-ac1f6b6435d0,16,16
ec8f366e-bbc0-11e8-b2bb-ac1f6b6435d0,4,4 11
ec8fd85a-bbbe-11e8-b2ba-ac1f6b6435d0,13 7 0,0 7 25
ec94c96c-bbc5-11e8-b2bc-ac1f6b6435d0,22 0,0 22
ec94ce30-bba2-11e8-b2b9-ac1f6b6435d0,23 0,0 23
ec9a3b22-bbb6-11e8-b2ba-ac1f6b6435d0,25 0,0 25
ec9e0d72-bbb3-11e8-b2ba-ac1f6b6435d0,5 0,0
ec9ea5e2-bbb9-11e8-b2ba-ac1f6b6435d0,0,0
ec9fef8c-bba6-11e8-b2ba-ac1f6b6435d0,11,11
eca02a3c-bbb1-11e8-b2ba-ac1f6b6435d0,23 21,6
eca5ae80-bbb1-11e8-b2ba-ac1f6b6435d0,25 0,0
eca720c2-bbc4-11e8-b2bc-ac1f6b6435d0,3 0,0 3
eca8a0a0-bbab-11e8-b2ba-ac1f6b6435d0,7,7
eca91fd6-bbb9-11e8-b2ba-ac1f6b6435d0,25,6 25
eca9fdfa-bbbb-11e8-b2ba-ac1f6b6435d0,25,21 25
ecaaa4d4-bbb7-11e8-b2ba-ac1f6b6435d0,2 0 21,2 21
ecafa0ce-bbbc-11e8-b2ba-ac1f6b6435d0,7,25
ecb1f97c-bbae-11e8-b2ba-ac1f6b6435d0,0,0
ecb2e4ba-bb9d-11e8-b2b9-ac1f6b6435d0,25 0,4 25
ecb8aa68-bbab-11e8-b2ba-ac1f6b6435d0,25 3 0,0 3 25
ecbad634-bbc0-11e8-b2bb-ac1f6b6435d0,12 25 21,0 25
ecbae3a2-bbc7-11e8-b2bc-ac1f6b6435d0,7,7
ecc32682-bbc4-11e8-b2bc-ac1f6b6435d0,12 21,12 21
ecc3399c-bba6-11e8-b2ba-ac1f6b6435d0,16 14 4,4 14
ecc36aee-bb9b-11e8-b2b9-ac1f6b6435d0,7,7
ecc57f20-bbc6-11e8-b2bc-ac1f6b6435d0,25,21 25
ecc6a4a4-bbbc-11e8-b2ba-ac1f6b6435d0,22,22
ecc962a6-bba9-11e8-b2ba-ac1f6b6435d0,3 0,0 3
eccc21a6-bbc9-11e8-b2bc-ac1f6b6435d0,21,21
ecce355c-bba3-11e8-b2b9-ac1f6b6435d0,2,3
ecce6a48-bbbe-11e8-b2ba-ac1f6b6435d0,19,25
eccf62b8-bbc3-11e8-b2bc-ac1f6b6435d0,0 21,0 21
ecd1b1b6-bbb5-11e8-b2ba-ac1f6b6435d0,2,2
ecd1bec0-bbb2-11e8-b2ba-ac1f6b6435d0,3,3 25
ecd1cd6a-bbae-11e8-b2ba-ac1f6b6435d0,25,0 25
ecd4797e-bb9b-11e8-b2b9-ac1f6b6435d0,25 2,2 25
ecd520ea-bbaa-11e8-b2ba-ac1f6b6435d0,12 25,12 25
ecd5b650-bbb8-11e8-b2ba-ac1f6b6435d0,25 18,18 25
ecd71c32-bbab-11e8-b2ba-ac1f6b6435d0,5,5
ecda1274-bbb6-11e8-b2ba-ac1f6b6435d0,7 0,0 7
ecdbf52a-bbad-11e8-b2ba-ac1f6b6435d0,23,23
ecdc20ea-bbc1-11e8-b2bb-ac1f6b6435d0,2 0,0 2
ece021ee-bbc7-11e8-b2bc-ac1f6b6435d0,3,3 25
ece2a9e2-bb9e-11e8-b2b9-ac1f6b6435d0,23 0,0 23
ece3eb24-bbba-11e8-b2ba-ac1f6b6435d0,7 0,0 7 25
ece6396c-bbbd-11e8-b2ba-ac1f6b6435d0,25,25
ece6743a-bbbe-11e8-b2ba-ac1f6b6435d0,3 0,0
ece88a26-bbba-11e8-b2ba-ac1f6b6435d0,25 5,0 25
ece8ce68-bba2-11e8-b2b9-ac1f6b6435d0,7,2 7
ecea7b54-bba3-11e8-b2b9-ac1f6b6435d0,1 0,0 1
eceb08aa-bbba-11e8-b2ba-ac1f6b6435d0,5,5
eced804c-bbc1-11e8-b2bb-ac1f6b6435d0,14 2 0,2 14
ecee9192-bbc3-11e8-b2bc-ac1f6b6435d0,7 0,0 7 16
eceecfd6-bb9b-11e8-b2b9-ac1f6b6435d0,22,22
ecf03028-bbc4-11e8-b2bc-ac1f6b6435d0,0,0
ecf2a7ba-bba9-11e8-b2ba-ac1f6b6435d0,0 21,0 21
ecf4d63a-bb99-11e8-b2b9-ac1f6b6435d0,25 14,14 25
ecf7e9b4-bbc2-11e8-b2bc-ac1f6b6435d0,23,23
ecfcc580-bb9d-11e8-b2b9-ac1f6b6435d0,23,23
ecfed10e-bbb1-11e8-b2ba-ac1f6b6435d0,2,2
ecff4866-bbaf-11e8-b2ba-ac1f6b6435d0,12 21,12 25
ecffb5b4-bba8-11e8-b2ba-ac1f6b6435d0,2 0,0 2
ed01a4b2-bbb9-11e8-b2ba-ac1f6b6435d0,0,0
ed094e1c-bba3-11e8-b2b9-ac1f6b6435d0,25 4,3 4 25
ed0b241a-bbb4-11e8-b2ba-ac1f6b6435d0,0 21,0 2 21
ed0f419c-bbac-11e8-b2ba-ac1f6b6435d0,25,25
ed116c58-bb9b-11e8-b2b9-ac1f6b6435d0,19,18
ed11d932-bba4-11e8-b2ba-ac1f6b6435d0,23 2 21,2 21 23
ed12d66a-bb9b-11e8-b2b9-ac1f6b6435d0,2 0,0 2 25
ed159398-bbad-11e8-b2ba-ac1f6b6435d0,0,0 19 25
ed165198-bbb2-11e8-b2ba-ac1f6b6435d0,5,5
ed1814e8-bbb6-11e8-b2ba-ac1f6b6435d0,11,11
ed1865c2-bb9a-11e8-b2b9-ac1f6b6435d0,23 0,0
ed18b7c6-bb9e-11e8-b2b9-ac1f6b6435d0,11,11
ed198cb8-bb9f-11e8-b2b9-ac1f6b6435d0,26 25 21,0 25 26
ed1acec6-bbad-11e8-b2ba-ac1f6b6435d0,7 0,0 7
ed1c0566-bbc1-11e8-b2bb-ac1f6b6435d0,2 0,0 2
ed1c17a6-bbb5-11e8-b2ba-ac1f6b6435d0,25,7
ed1c9ba8-bbac-11e8-b2ba-ac1f6b6435d0,16 7,7 16 17
ed1d7c6a-bba4-11e8-b2ba-ac1f6b6435d0,2,2
ed2007a0-bbb8-11e8-b2ba-ac1f6b6435d0,25 21,21 25
ed29a29a-bba6-11e8-b2ba-ac1f6b6435d0,23,23
ed29a2a2-bbbc-11e8-b2ba-ac1f6b6435d0,23 0,0 23
ed29a708-bbc0-11e8-b2bb-ac1f6b6435d0,0,0
ed2e59f2-bbba-11e8-b2ba-ac1f6b6435d0,3 0,0 3
ed31e6fe-bbc8-11e8-b2bc-ac1f6b6435d0,11,11
ed3214b2-bba0-11e8-b2b9-ac1f6b6435d0,21,21
ed32eab6-bbb6-11e8-b2ba-ac1f6b6435d0,2 0,0 2
ed33d8ba-bbaf-11e8-b2ba-ac1f6b6435d0,23,23
ed36e45a-bbc9-11e8-b2bc-ac1f6b6435d0,25 23,23
ed370eb6-bbbb-11e8-b2ba-ac1f6b6435d0,7 2,2 7
ed37581c-bba2-11e8-b2b9-ac1f6b6435d0,0,0
ed38f488-bba7-11e8-b2ba-ac1f6b6435d0,23,21 25
ed3cb4c4-bbbb-11e8-b2ba-ac1f6b6435d0,14,14
ed3d73f8-bbc7-11e8-b2bc-ac1f6b6435d0,0,5
ed45d350-bba3-11e8-b2b9-ac1f6b6435d0,4,4
ed45e724-bba7-11e8-b2ba-ac1f6b6435d0,2,2
ed478b3a-bbaa-11e8-b2ba-ac1f6b6435d0,2,0
ed48c3e0-bbb1-11e8-b2ba-ac1f6b6435d0,14 2,2 14
ed4c711a-bbad-11e8-b2ba-ac1f6b6435d0,25 0,0 2 25
ed4d5506-bb9b-11e8-b2b9-ac1f6b6435d0,4,4 25
ed4d7482-bbb4-11e8-b2ba-ac1f6b6435d0,4,4 25
ed4ddaba-bba7-11e8-b2ba-ac1f6b6435d0,2,2
ed4ef1f0-bba9-11e8-b2ba-ac1f6b6435d0,25 2 0,0 2 16
ed501ed0-bbb4-11e8-b2ba-ac1f6b6435d0,19 25 0,5 18 25
ed546854-bbb5-11e8-b2ba-ac1f6b6435d0,25 0,0 25
ed5815bc-bbba-11e8-b2ba-ac1f6b6435d0,12 0,12
ed5b4a70-bbc9-11e8-b2bc-ac1f6b6435d0,25 18 0,18
ed5bf716-bbb7-11e8-b2ba-ac1f6b6435d0,12 25,12 25
ed5d87c6-bbac-11e8-b2ba-ac1f6b6435d0,25,25
ed5dfd12-bbc7-11e8-b2bc-ac1f6b6435d0,19 16 0 21,0 12 19 21
ed5e30de-bb9a-11e8-b2b9-ac1f6b6435d0,21,21
ed61ca92-bbc6-11e8-b2bc-ac1f6b6435d0,7,23
ed6405da-bbaa-11e8-b2ba-ac1f6b6435d0,25 0,0 25
ed664bde-bbc2-11e8-b2bc-ac1f6b6435d0,7 2 0,0 2 7
ed69b94e-bba0-11e8-b2b9-ac1f6b6435d0,25 0,25
ed6d6362-bbc0-11e8-b2bb-ac1f6b6435d0,18,3
ed703708-bbc6-11e8-b2bc-ac1f6b6435d0,0,0
ed71a524-bbb8-11e8-b2ba-ac1f6b6435d0,25 4,25
ed7327f6-bba3-11e8-b2b9-ac1f6b6435d0,5,18
ed747a68-bbab-11e8-b2ba-ac1f6b6435d0,25 5,5 25
ed758468-bba5-11e8-b2ba-ac1f6b6435d0,0,0
ed7bdc64-bba0-11e8-b2b9-ac1f6b6435d0,2 0,0
ed7c3a5c-bb9f-11e8-b2b9-ac1f6b6435d0,0,0 5
ed7cb916-bbbb-11e8-b2ba-ac1f6b6435d0,19 0 21,0 19 21
ed7fdbc0-bb9b-11e8-b2b9-ac1f6b6435d0,22 23 2,2 22 23
ed826294-bbc0-11e8-b2bb-ac1f6b6435d0,23,23
ed82d3c4-bbc4-11e8-b2bc-ac1f6b6435d0,23,7
ed865da2-bbb3-11e8-b2ba-ac1f6b6435d0,25 3,2 3 25
ed86ca64-bbbb-11e8-b2ba-ac1f6b6435d0,21,21
ed873a8a-bbb6-11e8-b2ba-ac1f6b6435d0,23,23
ed88ff46-bbbb-11e8-b2ba-ac1f6b6435d0,5 0,5
ed91985c-bbb3-11e8-b2ba-ac1f6b6435d0,25 4,4 21 25
ed919bba-bb9d-11e8-b2b9-ac1f6b6435d0,7 5,5 7
ed9256b4-bba1-11e8-b2b9-ac1f6b6435d0,11 2,2 11
ed95c816-bbbb-11e8-b2ba-ac1f6b6435d0,4,4
ed9d9154-bbac-11e8-b2ba-ac1f6b6435d0,6,6
eda2d936-bbb9-11e8-b2ba-ac1f6b6435d0,25 21,21
eda3e000-bba6-11e8-b2ba-ac1f6b6435d0,4,0
eda6c514-bbbe-11e8-b2ba-ac1f6b6435d0,25,6
eda75dfa-bb9e-11e8-b2b9-ac1f6b6435d0,0,0
eda9c4bc-bbaf-11e8-b2ba-ac1f6b6435d0,12,12
edabde56-bbc7-11e8-b2bc-ac1f6b6435d0,5,5
edae98aa-bbb6-11e8-b2ba-ac1f6b6435d0,4,0
edaed214-bb9a-11e8-b2b9-ac1f6b6435d0,21,21
edaf5b90-bbbc-11e8-b2ba-ac1f6b6435d0,5 0,0 5
edb2c11c-bba4-11e8-b2ba-ac1f6b6435d0,25 3 0,3 25
edb5cbd0-bb9c-11e8-b2b9-ac1f6b6435d0,18 23 2,2 23
edb6acca-bbb1-11e8-b2ba-ac1f6b6435d0,25 5,5 6 25
edb86b48-bbbe-11e8-b2ba-ac1f6b6435d0,1 0,0 1
edba1e20-bbc8-11e8-b2bc-ac1f6b6435d0,25 4,4 25
edbae37c-bbc9-11e8-b2bc-ac1f6b6435d0,25 0,0 25
edbf25b4-bbc8-11e8-b2bc-ac1f6b6435d0,0 21,0 23
edc0edcc-bbbe-11e8-b2ba-ac1f6b6435d0,23 0,0 23
edc15e80-bba8-11e8-b2ba-ac1f6b6435d0,19 0,18
edcb5684-bbb6-11e8-b2ba-ac1f6b6435d0,23 0,23
edce39b4-bba5-11e8-b2ba-ac1f6b6435d0,12,12
edd13476-bbc2-11e8-b2bc-ac1f6b6435d0,21,21 25
edd24130-bbc8-11e8-b2bc-ac1f6b6435d0,23 0,0 23 25
edd2ae78-bbae-11e8-b2ba-ac1f6b6435d0,23,23
edd3f070-bbc8-11e8-b2bc-ac1f6b6435d0,16 25 17 0,16 17 25
edd4201c-bbba-11e8-b2ba-ac1f6b6435d0,7 0,0 7
edd59d5e-bb9f-11e8-b2b9-ac1f6b6435d0,25 5 0,0 25
edd82ad4-bbad-11e8-b2ba-ac1f6b6435d0,25 21,21 25
edd8ab3a-bbad-11e8-b2ba-ac1f6b6435d0,14 2,2 14
edda7850-bbbe-11e8-b2ba-ac1f6b6435d0,11 0,6
eddbfc7c-bbb2-11e8-b2ba-ac1f6b6435d0,19 25 1 21,1 19 25
eddcaee8-bbb6-11e8-b2ba-ac1f6b6435d0,25 23,23 25
ede169ae-bbb8-11e8-b2ba-ac1f6b6435d0,23 4,4
ede32182-bbad-11e8-b2ba-ac1f6b6435d0,2 0,0 2
ede36632-bbbd-11e8-b2ba-ac1f6b6435d0,0,0 21
ede8ad18-bb9a-11e8-b2b9-ac1f6b6435d0,4,4
edec23e8-bbc3-11e8-b2bc-ac1f6b6435d0,14,0 14
eded7130-bbbe-11e8-b2ba-ac1f6b6435d0,3 21,3 21
edee8e46-bbb2-11e8-b2ba-ac1f6b6435d0,25 21,21 25
edefae18-bbb0-11e8-b2ba-ac1f6b6435d0,2 0,0 2
edf1a4ce-bbbb-11e8-b2ba-ac1f6b6435d0,11,11 24
edf568ca-bb9d-11e8-b2b9-ac1f6b6435d0,25 21,21
edf9c256-bbae-11e8-b2ba-ac1f6b6435d0,6,23
edf9d874-bb9d-11e8-b2b9-ac1f6b6435d0,22 25,22
edf9faa6-bbb7-11e8-b2ba-ac1f6b6435d0,4,4
edfc9f52-bbaa-11e8-b2ba-ac1f6b6435d0,3,3
edfcc91a-bb9f-11e8-b2b9-ac1f6b6435d0,19 25 0,0 19
edfd4168-bbb5-11e8-b2ba-ac1f6b6435d0,3,3
edfe575e-bbc1-11e8-b2bb-ac1f6b6435d0,23 2 0,0 23
edff2678-bba5-11e8-b2ba-ac1f6b6435d0,16 25 0,0 16
edfff228-bba6-11e8-b2ba-ac1f6b6435d0,25 0,25
ee075bf6-bbb2-11e8-b2ba-ac1f6b6435d0,11,11
ee07b566-bbc5-11e8-b2bc-ac1f6b6435d0,21,6 23
ee0a06de-bb9f-11e8-b2b9-ac1f6b6435d0,25,0 19
ee0a4628-bba7-11e8-b2ba-ac1f6b6435d0,4 0,4
ee0d8780-bbba-11e8-b2ba-ac1f6b6435d0,25 4,4 25
ee0d8884-bbab-11e8-b2ba-ac1f6b6435d0,19 2,2
ee0d9f5a-bbc3-11e8-b2bc-ac1f6b6435d0,23,23
ee0f6f76-bbbc-11e8-b2ba-ac1f6b6435d0,2 0,0 2
ee139e56-bbb3-11e8-b2ba-ac1f6b6435d0,4,4
ee13e542-bbc6-11e8-b2bc-ac1f6b6435d0,21,25
ee156d7e-bbbf-11e8-b2bb-ac1f6b6435d0,25 0,0
ee163078-bb9d-11e8-b2b9-ac1f6b6435d0,2 0,0 2 21
ee18f3b8-bbb0-11e8-b2ba-ac1f6b6435d0,25 7,25
ee1f8f68-bb9a-11e8-b2b9-ac1f6b6435d0,23,23
ee2240e2-bba3-11e8-b2b9-ac1f6b6435d0,7,14
ee2793bc-bb9e-11e8-b2b9-ac1f6b6435d0,19,19
ee31e8e4-bba3-11e8-b2b9-ac1f6b6435d0,22 21,0 11
ee3251f6-bbc3-11e8-b2bc-ac1f6b6435d0,19,19
ee3297a8-bb99-11e8-b2b9-ac1f6b6435d0,12 0 21,4 25
ee329fe6-bb99-11e8-b2b9-ac1f6b6435d0,23 0,0 23
ee366628-bba1-11e8-b2b9-ac1f6b6435d0,19,25
ee397cc8-bbc9-11e8-b2bc-ac1f6b6435d0,23 0,0 23
ee3cfa34-bbaa-11e8-b2ba-ac1f6b6435d0,4,4
ee3e72fe-bbc0-11e8-b2bb-ac1f6b6435d0,25 3 21,0 3 21
ee3ee170-bb99-11e8-b2b9-ac1f6b6435d0,3 0,0 3
ee435ff4-bb9c-11e8-b2b9-ac1f6b6435d0,25 6,6 25
ee439aea-bbc5-11e8-b2bc-ac1f6b6435d0,2,5
ee444776-bbbe-11e8-b2ba-ac1f6b6435d0,4 2,0 2
ee45e688-bbac-11e8-b2ba-ac1f6b6435d0,7 0,0 7
ee47ff2e-bba0-11e8-b2b9-ac1f6b6435d0,25 0,0 21
ee4b4794-bbc6-11e8-b2bc-ac1f6b6435d0,25 2,2 25
ee4d12c4-bba6-11e8-b2ba-ac1f6b6435d0,0 21,0
ee4e1122-bbbc-11e8-b2ba-ac1f6b6435d0,21,21 25
ee4f6548-bbc8-11e8-b2bc-ac1f6b6435d0,18,21
ee52032e-bbb0-11e8-b2ba-ac1f6b6435d0,23 1,0 23
ee58419a-bbbe-11e8-b2ba-ac1f6b6435d0,3,3
ee5a373a-bb9f-11e8-b2b9-ac1f6b6435d0,25 2 0,0 2 25
ee5c5178-bb9f-11e8-b2b9-ac1f6b6435d0,22 25,21
ee61194a-bba6-11e8-b2ba-ac1f6b6435d0,19,19
ee664078-bbab-11e8-b2ba-ac1f6b6435d0,6 5,5 25
ee68bebe-bbbc-11e8-b2ba-ac1f6b6435d0,25 16,21 25
ee6d609c-bba1-11e8-b2b9-ac1f6b6435d0,23 0,0 23
ee6e8be8-bb9c-11e8-b2b9-ac1f6b6435d0,25,21 25
ee6fa7dc-bb9f-11e8-b2b9-ac1f6b6435d0,7,7
ee75c2ac-bba9-11e8-b2ba-ac1f6b6435d0,23,23
ee766fb6-bba6-11e8-b2ba-ac1f6b6435d0,11 0,0 11
ee7befac-bbbc-11e8-b2ba-ac1f6b6435d0,0,0
ee7bf3a8-bbbc-11e8-b2ba-ac1f6b6435d0,4 0,0
ee80d1f6-bbae-11e8-b2ba-ac1f6b6435d0,25 0,0 25
ee826898-bba6-11e8-b2ba-ac1f6b6435d0,21,21 25
ee8573e4-bbbf-11e8-b2bb-ac1f6b6435d0,1 0,0 1
ee85c9c6-bbbe-11e8-b2ba-ac1f6b6435d0,19,7
ee871cba-bbb7-11e8-b2ba-ac1f6b6435d0,1,1
ee8bcfee-bbb7-11e8-b2ba-ac1f6b6435d0,3 0,26
ee8c2b3c-bbb8-11e8-b2ba-ac1f6b6435d0,26 0,0
ee9408bc-bbb2-11e8-b2ba-ac1f6b6435d0,25 18 0,0 18 25
ee94c60a-bba6-11e8-b2ba-ac1f6b6435d0,5 1,1 25
ee95f5bc-bbc8-11e8-b2bc-ac1f6b6435d0,25 0,0 2
ee9635ca-bbc0-11e8-b2bb-ac1f6b6435d0,3 0,3
ee97e56a-bbba-11e8-b2ba-ac1f6b6435d0,7 0,7
ee97e79e-bba7-11e8-b2ba-ac1f6b6435d0,23 0,23
ee98d1da-bbad-11e8-b2ba-ac1f6b6435d0,25 4,0
ee9b96bc-bbbd-11e8-b2ba-ac1f6b6435d0,1 0,0 1
ee9b9c02-bbb8-11e8-b2ba-ac1f6b6435d0,0,0 25
ee9d9012-bb99-11e8-b2b9-ac1f6b6435d0,23,23
eea33aa4-bbbb-11e8-b2ba-ac1f6b6435d0,20 0,0
eea450cc-bb9f-11e8-b2b9-ac1f6b6435d0,25 1 0,0 1 25
eea51de2-bba7-11e8-b2ba-ac1f6b6435d0,12,25
eea6717c-bbbd-11e8-b2ba-ac1f6b6435d0,21,21 25
eea962fc-bbbc-11e8-b2ba-ac1f6b6435d0,25,25
eeaadb70-bbb5-11e8-b2ba-ac1f6b6435d0,0,0
eeacd3e6-bbae-11e8-b2ba-ac1f6b6435d0,0 21,21 25
eeae80c2-bbba-11e8-b2ba-ac1f6b6435d0,7 2,22
eeb1e506-bbaa-11e8-b2ba-ac1f6b6435d0,20,8 20
eeb3aa4a-bbb8-11e8-b2ba-ac1f6b6435d0,2,2
eeb4a8b0-bba3-11e8-b2b9-ac1f6b6435d0,0 21,0 21
eeb544f2-bbc9-11e8-b2bc-ac1f6b6435d0,14 2 0,25
eeb8a4be-bba4-11e8-b2ba-ac1f6b6435d0,2 0,0 2
eebc158e-bbb0-11e8-b2ba-ac1f6b6435d0,21,21 22
eebd98bc-bbb7-11e8-b2ba-ac1f6b6435d0,7,7
eec101e6-bbc6-11e8-b2bc-ac1f6b6435d0,6,6 21
eec24ef4-bbc9-11e8-b2bc-ac1f6b6435d0,0,0
eec5d29e-bbac-11e8-b2ba-ac1f6b6435d0,25 5,5 25
eeca1d86-bbc5-11e8-b2bc-ac1f6b6435d0,12 25,12 25
eecc6a94-bb9a-11e8-b2b9-ac1f6b6435d0,21,21 25
eecec724-bbc4-11e8-b2bc-ac1f6b6435d0,0,0 25
eecedfb4-bbb2-11e8-b2ba-ac1f6b6435d0,5,5
eed03e36-bba8-11e8-b2ba-ac1f6b6435d0,25 4,4 25
eed04a8c-bbbe-11e8-b2ba-ac1f6b6435d0,24,24
eed16652-bbc7-11e8-b2bc-ac1f6b6435d0,0,0 22
eed2054e-bbb8-11e8-b2ba-ac1f6b6435d0,25 3,0 3 25
eed91f70-bbac-11e8-b2ba-ac1f6b6435d0,2 0,0 2
eeda00e6-bb9f-11e8-b2b9-ac1f6b6435d0,25 0,0 25
eedbcaf4-bbc5-11e8-b2bc-ac1f6b6435d0,26 0,0 20 26
eedf7936-bbb8-11e8-b2ba-ac1f6b6435d0,23 0,0 23 25
eee0313e-bbc5-11e8-b2bc-ac1f6b6435d0,18 0,0 18
eee54326-bbad-11e8-b2ba-ac1f6b6435d0,5,5
eee8b1ee-bbb4-11e8-b2ba-ac1f6b6435d0,25 2 0,2 25
eeebf6fc-bb9f-11e8-b2b9-ac1f6b6435d0,25 18 0,19
eeec824a-bbb6-11e8-b2ba-ac1f6b6435d0,18,7
eeecda56-bbc0-11e8-b2bb-ac1f6b6435d0,3 0,0 3
eeede1a6-bbc2-11e8-b2bc-ac1f6b6435d0,25 23,6 25
eeef5a7e-bb9d-11e8-b2b9-ac1f6b6435d0,25 2,2 6 25
eef031f8-bba5-11e8-b2ba-ac1f6b6435d0,22 0,22
eef64888-bbb7-11e8-b2ba-ac1f6b6435d0,4,4
eef705fa-bbc8-11e8-b2bc-ac1f6b6435d0,2,3
eef76f56-bb99-11e8-b2b9-ac1f6b6435d0,5 0,0
eef7933e-bbc9-11e8-b2bc-ac1f6b6435d0,7,7 25
eef96bb0-bbc8-11e8-b2bc-ac1f6b6435d0,0,0
eefadc22-bba3-11e8-b2b9-ac1f6b6435d0,21,21
eefaf0f4-bbbc-11e8-b2ba-ac1f6b6435d0,25 7 0,0 7
eefb1760-bbc5-11e8-b2bc-ac1f6b6435d0,12,12
eefb58de-bba1-11e8-b2b9-ac1f6b6435d0,0,0
eefb7ab8-bba5-11e8-b2ba-ac1f6b6435d0,11 21,0 11
eefc3ed6-bb9f-11e8-b2b9-ac1f6b6435d0,22 21,5 21 22
eefd9a7c-bbbf-11e8-b2bb-ac1f6b6435d0,7 4,0 4
eefdd902-bbaa-11e8-b2ba-ac1f6b6435d0,11,11
eefe9f58-bba6-11e8-b2ba-ac1f6b6435d0,7,7
ef009458-bbbe-11e8-b2ba-ac1f6b6435d0,2,2
ef00ff86-bbac-11e8-b2ba-ac1f6b6435d0,21,21
ef014300-bbb2-11e8-b2ba-ac1f6b6435d0,23 0,23
ef04204c-bba9-11e8-b2ba-ac1f6b6435d0,14 0,14 25
ef048f9a-bba0-11e8-b2b9-ac1f6b6435d0,25,25
ef05c22a-bbaf-11e8-b2ba-ac1f6b6435d0,0,0
ef0735a2-bbc7-11e8-b2bc-ac1f6b6435d0,5,5
ef087a92-bbaf-11e8-b2ba-ac1f6b6435d0,25 0,0 2 25
ef0a474a-bbbf-11e8-b2bb-ac1f6b6435d0,1,0 1
ef0b2774-bb9b-11e8-b2b9-ac1f6b6435d0,11,0 11
ef0b5fb8-bbc4-11e8-b2bc-ac1f6b6435d0,26,26
ef1055a6-bbb8-11e8-b2ba-ac1f6b6435d0,19 0,0 19
ef10aa64-bbaf-11e8-b2ba-ac1f6b6435d0,25 4,25
ef1429ac-bb9e-11e8-b2b9-ac1f6b6435d0,18 0,0 18
ef14d2ae-bb9d-11e8-b2b9-ac1f6b6435d0,12 0,0 12
ef15206e-bba8-11e8-b2ba-ac1f6b6435d0,23 2,2 23
ef183296-bbb1-11e8-b2ba-ac1f6b6435d0,23,21
ef188724-bbba-11e8-b2ba-ac1f6b6435d0,5 0,0 25
ef1f7eda-bba6-11e8-b2ba-ac1f6b6435d0,21,21
ef209e92-bba5-11e8-b2ba-ac1f6b6435d0,4,4 25
ef20f1ce-bb9d-11e8-b2b9-ac1f6b6435d0,13 21,13
ef296762-bbb3-11e8-b2ba-ac1f6b6435d0,3,25
ef2a14d4-bbc0-11e8-b2bb-ac1f6b6435d0,2,19
ef2c245c-bbbd-11e8-b2ba-ac1f6b6435d0,25 5 0,5 25
ef2cd614-bba8-11e8-b2ba-ac1f6b6435d0,4 2,4 26
ef2e2a88-bbac-11e8-b2ba-ac1f6b6435d0,25 0,0 19 25
ef2ee7fe-bbc8-11e8-b2bc-ac1f6b6435d0,4,4
ef2f357c-bb9d-11e8-b2b9-ac1f6b6435d0,19 25,25
ef302192-bbbd-11e8-b2ba-ac1f6b6435d0,5,3
ef303c24-bbb1-11e8-b2ba-ac1f6b6435d0,5 0,0 5
ef31f9f2-bba6-11e8-b2ba-ac1f6b6435d0,13,13 21
ef32392e-bbc1-11e8-b2bb-ac1f6b6435d0,19,19
ef327d5e-bbbb-11e8-b2ba-ac1f6b6435d0,6,6
ef32d322-bb9c-11e8-b2b9-ac1f6b6435d0,25 0,0 23 25
ef34646c-bbb5-11e8-b2ba-ac1f6b6435d0,14 5,5 14
ef346818-bba6-11e8-b2ba-ac1f6b6435d0,25 14,0 14
ef378da6-bbbd-11e8-b2ba-ac1f6b6435d0,25 0,0 19 25
ef39bb30-bbae-11e8-b2ba-ac1f6b6435d0,25 2,2 25
ef39f7cc-bba8-11e8-b2ba-ac1f6b6435d0,25 0,0 25
ef3a6a8c-bba2-11e8-b2b9-ac1f6b6435d0,7,7
ef3d12ea-bb9e-11e8-b2b9-ac1f6b6435d0,5 0 21,0 5 21
ef4237a2-bbbc-11e8-b2ba-ac1f6b6435d0,18,0 11
ef440b6e-bb9d-11e8-b2b9-ac1f6b6435d0,7,7
ef463618-bb9e-11e8-b2b9-ac1f6b6435d0,19 3 0,0 3 19
ef47fe94-bb9e-11e8-b2b9-ac1f6b6435d0,25 3 0,0 3
ef4ef90a-bbc2-11e8-b2bc-ac1f6b6435d0,12 0,0 12
ef5839e4-bbc6-11e8-b2bc-ac1f6b6435d0,25 5,0
ef5926be-bba9-11e8-b2ba-ac1f6b6435d0,13,0 13
ef5deb52-bbb5-11e8-b2ba-ac1f6b6435d0,7,7
ef600db6-bbaf-11e8-b2ba-ac1f6b6435d0,23,23
ef608852-bbc5-11e8-b2bc-ac1f6b6435d0,25 4,2 4 25
ef60c944-bbba-11e8-b2ba-ac1f6b6435d0,7 0,0 7
ef6115a8-bb9b-11e8-b2b9-ac1f6b6435d0,5,5
ef63bd78-bbb7-11e8-b2ba-ac1f6b6435d0,7,7
ef6bf20a-bbbb-11e8-b2ba-ac1f6b6435d0,25,0 25
ef712094-bba8-11e8-b2ba-ac1f6b6435d0,25 0,0 25
ef71e666-bba1-11e8-b2b9-ac1f6b6435d0,5,0 5
ef720330-bba1-11e8-b2b9-ac1f6b6435d0,7 0,0 7
ef72bcb2-bba1-11e8-b2b9-ac1f6b6435d0,23 0,0 23
ef76278e-bba7-11e8-b2ba-ac1f6b6435d0,12 0,12
ef774cb2-bbb7-11e8-b2ba-ac1f6b6435d0,23,23
ef78a094-bba8-11e8-b2ba-ac1f6b6435d0,11,11
ef78ad98-bbbf-11e8-b2bb-ac1f6b6435d0,0,0 25
ef812554-bbb5-11e8-b2ba-ac1f6b6435d0,14,11 21
ef8175b0-bb9f-11e8-b2b9-ac1f6b6435d0,25 0,0 19
ef84a420-bbc1-11e8-b2bb-ac1f6b6435d0,23 0,23
ef852f74-bbc8-11e8-b2bc-ac1f6b6435d0,14,14
ef87bf86-bbb5-11e8-b2ba-ac1f6b6435d0,25,21 25
ef89f786-bbc1-11e8-b2bb-ac1f6b6435d0,21,21
ef8a0210-bbb9-11e8-b2ba-ac1f6b6435d0,4,4
ef8a7238-bbb2-11e8-b2ba-ac1f6b6435d0,23,6 23
ef8d265c-bbb4-11e8-b2ba-ac1f6b6435d0,7 2 0,0 2
ef8eeb24-bbad-11e8-b2ba-ac1f6b6435d0,25,23
ef93eda0-bba2-11e8-b2b9-ac1f6b6435d0,23 2,2 23
ef96bbb6-bbc5-11e8-b2bc-ac1f6b6435d0,7 0,0 7
ef97ae50-bbbf-11e8-b2bb-ac1f6b6435d0,18,7
ef985806-bb9b-11e8-b2b9-ac1f6b6435d0,19 25,18 19
ef9a8a30-bbc9-11e8-b2bc-ac1f6b6435d0,21,21
ef9f2af2-bb9e-11e8-b2b9-ac1f6b6435d0,5,3 5
efa04df2-bbc5-11e8-b2bc-ac1f6b6435d0,2 0,0 2 21
efa1c13a-bbb8-11e8-b2ba-ac1f6b6435d0,4,0
efa26f6a-bbb1-11e8-b2ba-ac1f6b6435d0,25,6
efa33ac2-bba1-11e8-b2b9-ac1f6b6435d0,1 4,25
efa50dd2-bb9e-11e8-b2b9-ac1f6b6435d0,11,11
efa597f6-bba9-11e8-b2ba-ac1f6b6435d0,25 0,6 25
efa890a8-bbb0-11e8-b2ba-ac1f6b6435d0,0 21,0 21
efa9eef6-bbc6-11e8-b2bc-ac1f6b6435d0,21,21
efae94c4-bbad-11e8-b2ba-ac1f6b6435d0,25 4 21,4 21 25
efb46ee2-bbb9-11e8-b2ba-ac1f6b6435d0,23 0,0 23
efb73942-bbc3-11e8-b2bc-ac1f6b6435d0,23,23
efb83b2a-bbb5-11e8-b2ba-ac1f6b6435d0,11,11 22
efb97a5a-bbc2-11e8-b2bc-ac1f6b6435d0,25 7 0,0 25
efb9fff8-bbbc-11e8-b2ba-ac1f6b6435d0,14,14
efbb2ef6-bba2-11e8-b2b9-ac1f6b6435d0,25 21,0 21
efbbd882-bb99-11e8-b2b9-ac1f6b6435d0,25 7 1 0,1 25
efc2b008-bb99-11e8-b2b9-ac1f6b6435d0,19,19 25
efc6678e-bba3-11e8-b2b9-ac1f6b6435d0,0,0
efc79386-bb9c-11e8-b2b9-ac1f6b6435d0,25 0,0 25
efcc19dc-bba2-11e8-b2b9-ac1f6b6435d0,7,0 7 25
efceb180-bbc3-11e8-b2bc-ac1f6b6435d0,0,0
efd285a8-bb9b-11e8-b2b9-ac1f6b6435d0,19 14 0,0 25
efd3a640-bbbe-11e8-b2ba-ac1f6b6435d0,4,4
efd420d6-bbad-11e8-b2ba-ac1f6b6435d0,21,21
efd85688-bbc1-11e8-b2bb-ac1f6b6435d0,25 16,21 25
efd96bd0-bbb3-11e8-b2ba-ac1f6b6435d0,0,0 5
efd978cc-bba0-11e8-b2b9-ac1f6b6435d0,25,25
efda5614-bbb1-11e8-b2ba-ac1f6b6435d0,21,21
efdaa1ac-bbbe-11e8-b2ba-ac1f6b6435d0,25 0 21,0 25
efdf1788-bbc7-11e8-b2bc-ac1f6b6435d0,4 2,4
efe11218-bbc7-11e8-b2bc-ac1f6b6435d0,19 0,0 18 19
efe20480-bb99-11e8-b2b9-ac1f6b6435d0,26,25
efe294f8-bbb8-11e8-b2ba-ac1f6b6435d0,25 23 2,23
efe4b928-bbbc-11e8-b2ba-ac1f6b6435d0,25 0,0 25
efe5d554-bba0-11e8-b2b9-ac1f6b6435d0,14,14 25
efe7e5b0-bba5-11e8-b2ba-ac1f6b6435d0,19 25 0,0 19
efe8d0ec-bba5-11e8-b2ba-ac1f6b6435d0,26,26
efec5b3a-bbc4-11e8-b2bc-ac1f6b6435d0,19 14,14 18
efee1da4-bbbe-11e8-b2ba-ac1f6b6435d0,18 0,0 19
efee70e8-bbc7-11e8-b2bc-ac1f6b6435d0,24 0,0 24
efeeb0ae-bba3-11e8-b2b9-ac1f6b6435d0,18 21,18
efefd41c-bbb6-11e8-b2ba-ac1f6b6435d0,7,7 25
efefda68-bbc3-11e8-b2bc-ac1f6b6435d0,25 0,0 25
eff376fc-bbc1-11e8-b2bb-ac1f6b6435d0,19 11,11 25
eff50cd6-bbc3-11e8-b2bc-ac1f6b6435d0,7 4 2,2 7
eff56890-bbb7-11e8-b2ba-ac1f6b6435d0,14 2,4 14
eff66cf4-bb9e-11e8-b2b9-ac1f6b6435d0,1 2,1 2
eff734bc-bbb3-11e8-b2ba-ac1f6b6435d0,19,19
eff83e48-bbae-11e8-b2ba-ac1f6b6435d0,23 2,2 23
effbaaf0-bbaf-11e8-b2ba-ac1f6b6435d0,6,25
effcbd22-bbb0-11e8-b2ba-ac1f6b6435d0,0,0 25
effd5836-bbab-11e8-b2ba-ac1f6b6435d0,14,14
effda8fc-bbad-11e8-b2ba-ac1f6b6435d0,23,23
f00032ca-bbb2-11e8-b2ba-ac1f6b6435d0,23,23
f002d4ce-bbaf-11e8-b2ba-ac1f6b6435d0,2,0 2
f0030de0-bb9b-11e8-b2b9-ac1f6b6435d0,2 0,0 2
f0034882-bbc3-11e8-b2bc-ac1f6b6435d0,23,23
f003dfc6-bbab-11e8-b2ba-ac1f6b6435d0,23 0,0
f004469c-bbc8-11e8-b2bc-ac1f6b6435d0,5,5
f004549e-bb9a-11e8-b2b9-ac1f6b6435d0,25 2 0,0 2 25
f00b921a-bba7-11e8-b2ba-ac1f6b6435d0,25 2,2 6 25
f00c498c-bbc3-11e8-b2bc-ac1f6b6435d0,25,25
f0119e26-bbac-11e8-b2ba-ac1f6b6435d0,5 0 21,21 22
f01389d4-bbb1-11e8-b2ba-ac1f6b6435d0,2,2
f016d52c-bbc4-11e8-b2bc-ac1f6b6435d0,18 0 21,0 21
f01999b2-bbc7-11e8-b2bc-ac1f6b6435d0,25 14,21 25
f01aa0dc-bbc2-11e8-b2bc-ac1f6b6435d0,0 21,0
f01d9c0c-bbb2-11e8-b2ba-ac1f6b6435d0,25 0,0 25
f01defda-bbb8-11e8-b2ba-ac1f6b6435d0,25 5,0 25
f01f3bb0-bb9a-11e8-b2b9-ac1f6b6435d0,12 25 21,19 21
f02012e6-bbb4-11e8-b2ba-ac1f6b6435d0,7 0,0 7
f026cf08-bb9d-11e8-b2b9-ac1f6b6435d0,14 4,4 14
f029388e-bb9c-11e8-b2b9-ac1f6b6435d0,0,0 19 21
f02b20cc-bb9c-11e8-b2b9-ac1f6b6435d0,5,5 25
f02c6eca-bbb3-11e8-b2ba-ac1f6b6435d0,7,7
f02ceacc-bbb7-11e8-b2ba-ac1f6b6435d0,16 0,0 16
f02d11e4-bbb4-11e8-b2ba-ac1f6b6435d0,0,0
f02dbe42-bba4-11e8-b2ba-ac1f6b6435d0,2,2
f03024a0-bbb0-11e8-b2ba-ac1f6b6435d0,21,21
f030c696-bb9a-11e8-b2b9-ac1f6b6435d0,6,6
f0342950-bbc0-11e8-b2bb-ac1f6b6435d0,7,7
f034433a-bba8-11e8-b2ba-ac1f6b6435d0,25 18,19 25
f0383d10-bba2-11e8-b2b9-ac1f6b6435d0,5 0,0 5
f039a694-bbc7-11e8-b2bc-ac1f6b6435d0,23,23
f039efa8-bbba-11e8-b2ba-ac1f6b6435d0,2 21,21 25
f03dd1fc-bbbc-11e8-b2ba-ac1f6b6435d0,23,23
f040ea1e-bbac-11e8-b2ba-ac1f6b6435d0,7,7
f041df7c-bbb2-11e8-b2ba-ac1f6b6435d0,4 0,0
f0432adc-bbb0-11e8-b2ba-ac1f6b6435d0,5 0 21,5
f044752e-bbc7-11e8-b2bc-ac1f6b6435d0,4 2,2
f047ffb4-bb9f-11e8-b2b9-ac1f6b6435d0,23 2,0 2 23
f04d51ca-bba5-11e8-b2ba-ac1f6b6435d0,7 2,2 7
f04d7404-bba8-11e8-b2ba-ac1f6b6435d0,7 2 0,0 2 25
f04f30a4-bb9f-11e8-b2b9-ac1f6b6435d0,1 0,0 1
f0531600-bbc8-11e8-b2bc-ac1f6b6435d0,21,0 21 25
f055e774-bbad-11e8-b2ba-ac1f6b6435d0,7,7
f057c264-bb9f-11e8-b2b9-ac1f6b6435d0,22 0,0 22
f060355c-bbb3-11e8-b2ba-ac1f6b6435d0,19 3,3 19
f06548b0-bba6-11e8-b2ba-ac1f6b6435d0,6 5 0,0 25
f065bad2-bbbc-11e8-b2ba-ac1f6b6435d0,21,21 25
f06a72ce-bbbd-11e8-b2ba-ac1f6b6435d0,16 0,0 16
f06ab7da-bba8-11e8-b2ba-ac1f6b6435d0,25 0,0 25
f06d16da-bb9c-11e8-b2b9-ac1f6b6435d0,23,23
f07247f8-bbc0-11e8-b2bb-ac1f6b6435d0,23 0,0 23
f073d508-bbc7-11e8-b2bc-ac1f6b6435d0,16 14 0,0 14
f074aba6-bbc5-11e8-b2bc-ac1f6b6435d0,25 5 0,0 5 25
f075caf4-bbac-11e8-b2ba-ac1f6b6435d0,25 0,0 25
f0764db4-bbc3-11e8-b2bc-ac1f6b6435d0,4,4
f0776802-bbaa-11e8-b2ba-ac1f6b6435d0,21,21
f0783a20-bbc8-11e8-b2bc-ac1f6b6435d0,0,0
f079a2f2-bbaa-11e8-b2ba-ac1f6b6435d0,25 11,11
f07a364a-bbc3-11e8-b2bc-ac1f6b6435d0,7 0,4
f07b56be-bbbf-11e8-b2bb-ac1f6b6435d0,16 14 5,0 5 14
f07cb2a6-bbbb-11e8-b2ba-ac1f6b6435d0,0 21,4 21
f07cb536-bb9c-11e8-b2b9-ac1f6b6435d0,18 21,19
f08232ea-bba6-11e8-b2ba-ac1f6b6435d0,25,25
f083a430-bba2-11e8-b2b9-ac1f6b6435d0,2 8,2 8 20
f086150c-bb99-11e8-b2b9-ac1f6b6435d0,25,7
f08643b8-bbaa-11e8-b2ba-ac1f6b6435d0,14,14
f0885dca-bb9f-11e8-b2b9-ac1f6b6435d0,25 0 21,0 6 21 25
f089726a-bba3-11e8-b2b9-ac1f6b6435d0,14,14 21
f089fd5a-bbc3-11e8-b2bc-ac1f6b6435d0,0 21,0 21
f08b1426-bb9e-11e8-b2b9-ac1f6b6435d0,23,23
f08cb3e2-bbb9-11e8-b2ba-ac1f6b6435d0,2,0 2
f08d4924-bbbe-11e8-b2ba-ac1f6b6435d0,25 2,2 26
f0928690-bb9c-11e8-b2b9-ac1f6b6435d0,0 21,0 25
f092b648-bba5-11e8-b2ba-ac1f6b6435d0,18 0,0 19
f09a444a-bbb8-11e8-b2ba-ac1f6b6435d0,23 1 0,1 23
f0a34b96-bbc5-11e8-b2bc-ac1f6b6435d0,7 0,0 23
f0a4c888-bbaa-11e8-b2ba-ac1f6b6435d0,23,23
f0a81e1e-bbb6-11e8-b2ba-ac1f6b6435d0,25 0,0 25
f0a8cd4a-bbb2-11e8-b2ba-ac1f6b6435d0,3,3
f0aabc12-bbb3-11e8-b2ba-ac1f6b6435d0,12 23,23
f0ac7116-bb99-11e8-b2b9-ac1f6b6435d0,24,24
f0acdb08-bb9c-11e8-b2b9-ac1f6b6435d0,19 0,0 19
f0ad94b8-bb9b-11e8-b2b9-ac1f6b6435d0,14,14
f0adaf48-bbb9-11e8-b2ba-ac1f6b6435d0,5,0 5
f0ae2c52-bb9b-11e8-b2b9-ac1f6b6435d0,0,0 1
f0af0976-bbc1-11e8-b2bb-ac1f6b6435d0,6,6 25
f0b0cac2-bbc1-11e8-b2bb-ac1f6b6435d0,11,11
f0b45bc6-bbc9-11e8-b2bc-ac1f6b6435d0,7,25
f0b5fb0a-bba3-11e8-b2b9-ac1f6b6435d0,22 25 0,0 25
f0bb8b8a-bb9c-11e8-b2b9-ac1f6b6435d0,11 2 0,5 21 25
f0c2371c-bbb7-11e8-b2ba-ac1f6b6435d0,14,14
f0c238b4-bbbe-11e8-b2ba-ac1f6b6435d0,7,7
f0c31b22-bba4-11e8-b2ba-ac1f6b6435d0,21,5 21
f0c5d094-bbb6-11e8-b2ba-ac1f6b6435d0,23 0,23
f0c9ffda-bba1-11e8-b2b9-ac1f6b6435d0,25 0,0 25
f0ce8304-bbc2-11e8-b2bc-ac1f6b6435d0,21,21
f0cf4334-bb9a-11e8-b2b9-ac1f6b6435d0,5 1,1 5
f0d13124-bbb5-11e8-b2ba-ac1f6b6435d0,25,21
f0d194e6-bbc6-11e8-b2bc-ac1f6b6435d0,13 21,21 25
f0d2708e-bbba-11e8-b2ba-ac1f6b6435d0,19,0 23
f0d7bbfa-bba8-11e8-b2ba-ac1f6b6435d0,4,4
f0d7e58e-bbbd-11e8-b2ba-ac1f6b6435d0,2 0,0 2
f0d89bc4-bb99-11e8-b2b9-ac1f6b6435d0,25 0,0
f0d902c6-bbad-11e8-b2ba-ac1f6b6435d0,4,2 4
f0d923ec-bba2-11e8-b2b9-ac1f6b6435d0,12 13,12 13
f0d92e68-bbad-11e8-b2ba-ac1f6b6435d0,2 0,0 5
f0daad2c-bbaa-11e8-b2ba-ac1f6b6435d0,7 1 0 21,21
f0df19c4-bbb0-11e8-b2ba-ac1f6b6435d0,22 2 0,0
f0e14c32-bbb3-11e8-b2ba-ac1f6b6435d0,7 3 0,0 3 7
f0e1d94e-bba5-11e8-b2ba-ac1f6b6435d0,25 21,5 21
f0e29e2c-bbb1-11e8-b2ba-ac1f6b6435d0,23,0 23
f0e35860-bba4-11e8-b2ba-ac1f6b6435d0,18,18 25
f0eec9d4-bbb3-11e8-b2ba-ac1f6b6435d0,4,4
f0f13aec-bbbe-11e8-b2ba-ac1f6b6435d0,7,2
f0f3b55a-bba1-11e8-b2b9-ac1f6b6435d0,13 0 21,0 13
f0f4caca-bbb6-11e8-b2ba-ac1f6b6435d0,2,2
f0f61278-bbc9-11e8-b2bc-ac1f6b6435d0,2,2
f0f71d68-bbb9-11e8-b2ba-ac1f6b6435d0,11,0 11
f0f8a48a-bba5-11e8-b2ba-ac1f6b6435d0,23 2 0,0 2 23
f0f9a766-bba2-11e8-b2b9-ac1f6b6435d0,2,2 25
f0fa9bb4-bba0-11e8-b2b9-ac1f6b6435d0,25 0 21,0 12 21 25
f0fb2324-bbbc-11e8-b2ba-ac1f6b6435d0,25 0,0 23
f0fcc2fa-bbb3-11e8-b2ba-ac1f6b6435d0,1,1 25
f0fd699e-bba9-11e8-b2ba-ac1f6b6435d0,19,19
f0ffc812-bb9d-11e8-b2b9-ac1f6b6435d0,4,4 25
f10040c4-bbc7-11e8-b2bc-ac1f6b6435d0,23,23
f1011188-bba5-11e8-b2ba-ac1f6b6435d0,1 0,0 1 25
f1026420-bbaf-11e8-b2ba-ac1f6b6435d0,11,23
f102e466-bbb6-11e8-b2ba-ac1f6b6435d0,4,3 4
f103eeb2-bbaf-11e8-b2ba-ac1f6b6435d0,23,23
f1051fd4-bbb0-11e8-b2ba-ac1f6b6435d0,7,7
f106361c-bbb5-11e8-b2ba-ac1f6b6435d0,25,0 25
f10bcb02-bbbc-11e8-b2ba-ac1f6b6435d0,25 0,0 25
f10be136-bba9-11e8-b2ba-ac1f6b6435d0,4,4
f1115948-bbba-11e8-b2ba-ac1f6b6435d0,4,4
f1117f32-bbbe-11e8-b2ba-ac1f6b6435d0,5 0,0 5
f111adc0-bba7-11e8-b2ba-ac1f6b6435d0,7 0,0 7
f116c1b4-bbb3-11e8-b2ba-ac1f6b6435d0,24 0,0 24
f119d0fe-bbac-11e8-b2ba-ac1f6b6435d0,2,2
f11b1360-bbc0-11e8-b2bb-ac1f6b6435d0,21,17 25
f11d3660-bbb9-11e8-b2ba-ac1f6b6435d0,2 0,0 2
f11f0046-bbbc-11e8-b2ba-ac1f6b6435d0,25 0,0 21
f127f2d6-bbb3-11e8-b2ba-ac1f6b6435d0,0,0 23
f128eea8-bba3-11e8-b2b9-ac1f6b6435d0,16 0,0 16
f12a5e90-bb9a-11e8-b2b9-ac1f6b6435d0,19 21,21 25
f12bb290-bbb8-11e8-b2ba-ac1f6b6435d0,3,0 3
f12c1c5c-bbc8-11e8-b2bc-ac1f6b6435d0,14,14
f12d6286-bbb1-11e8-b2ba-ac1f6b6435d0,13 0,0
f131d406-bbb1-11e8-b2ba-ac1f6b6435d0,25 7,7 25
f134134e-bbaf-11e8-b2ba-ac1f6b6435d0,25,25
f137c772-bba6-11e8-b2ba-ac1f6b6435d0,1,1
f138de42-bba5-11e8-b2ba-ac1f6b6435d0,6,6 25
f1394318-bbb0-11e8-b2ba-ac1f6b6435d0,23 0,0 23
f13e8008-bbb0-11e8-b2ba-ac1f6b6435d0,0,0
f13eb602-bbb7-11e8-b2ba-ac1f6b6435d0,21,21
f1455a1a-bbc2-11e8-b2bc-ac1f6b6435d0,14,14
f148d46a-bba9-11e8-b2ba-ac1f6b6435d0,2 0,0 2
f14b74a6-bba2-11e8-b2b9-ac1f6b6435d0,7 2,2
f15129b0-bba1-11e8-b2b9-ac1f6b6435d0,11,11
f15788a4-bbc0-11e8-b2bb-ac1f6b6435d0,12 0,12
f15b9432-bbb9-11e8-b2ba-ac1f6b6435d0,22 25 21,21 25
f15fb068-bba9-11e8-b2ba-ac1f6b6435d0,1,0 1
f163c76a-bba0-11e8-b2b9-ac1f6b6435d0,1 0,0 1
f1709e36-bb9b-11e8-b2b9-ac1f6b6435d0,11 4,2 11
f17503a2-bbb6-11e8-b2ba-ac1f6b6435d0,6 0,6
f17a5daa-bbb3-11e8-b2ba-ac1f6b6435d0,25 4,4 25
f17c2e46-bbc7-11e8-b2bc-ac1f6b6435d0,25 0,0 21
f17db79a-bbbb-11e8-b2ba-ac1f6b6435d0,12 25,12 21 25
f1807574-bb99-11e8-b2b9-ac1f6b6435d0,19 5,5
f1819100-bbaa-11e8-b2ba-ac1f6b6435d0,23,23
f1832de6-bba3-11e8-b2b9-ac1f6b6435d0,3 21,3 25
f1851ca0-bbb2-11e8-b2ba-ac1f6b6435d0,5,5
f186246e-bbb8-11e8-b2ba-ac1f6b6435d0,23 2 0,0 23
f187104c-bbac-11e8-b2ba-ac1f6b6435d0,4,4
f18822e4-bbc4-11e8-b2bc-ac1f6b6435d0,4,4
f18ddcb6-bbab-11e8-b2ba-ac1f6b6435d0,4,4
f190a38a-bbbd-11e8-b2ba-ac1f6b6435d0,14 0,0 14
f190da7a-bbc3-11e8-b2bc-ac1f6b6435d0,5 21,5 21
f19228c4-bbac-11e8-b2ba-ac1f6b6435d0,23 0,0 23
f1933992-bbc7-11e8-b2bc-ac1f6b6435d0,7 0 21,7
f1951b18-bbbd-11e8-b2ba-ac1f6b6435d0,21,12 13
f1954524-bbc8-11e8-b2bc-ac1f6b6435d0,18 0,0 19
f1956dee-bbc6-11e8-b2bc-ac1f6b6435d0,25 3,3
f19833f4-bbbb-11e8-b2ba-ac1f6b6435d0,25 5,5 23
f19c2d5e-bbc7-11e8-b2bc-ac1f6b6435d0,25 0,25
f19d4db0-bbb8-11e8-b2ba-ac1f6b6435d0,3 0,0 3
f19d52ae-bbc9-11e8-b2bc-ac1f6b6435d0,5,5
f19fc5e0-bba4-11e8-b2ba-ac1f6b6435d0,25 4,4 25
f1a0fcc6-bb9a-11e8-b2b9-ac1f6b6435d0,0,0
f1a1b856-bbb2-11e8-b2ba-ac1f6b6435d0,7,23
f1a4f2d8-bb9d-11e8-b2b9-ac1f6b6435d0,22,21 22
f1a519b6-bbac-11e8-b2ba-ac1f6b6435d0,0 21,7
f1ab6c00-bbaa-11e8-b2ba-ac1f6b6435d0,11 0,0 14
f1b0272a-bba7-11e8-b2ba-ac1f6b6435d0,25 11 0,0 11 25
f1b04ab4-bbb8-11e8-b2ba-ac1f6b6435d0,4,5
f1b2ffca-bbc2-11e8-b2bc-ac1f6b6435d0,23,23
f1b72dc0-bbc7-11e8-b2bc-ac1f6b6435d0,23,4
f1b7f07c-bbb1-11e8-b2ba-ac1f6b6435d0,25 0,11 25
f1b7fd32-bbb7-11e8-b2ba-ac1f6b6435d0,25 0,0
f1bbbaa0-bbc4-11e8-b2bc-ac1f6b6435d0,7,7
f1bcabf8-bbc0-11e8-b2bb-ac1f6b6435d0,14,14
f1c182a4-bbc5-11e8-b2bc-ac1f6b6435d0,19 21,19 21
f1c2848e-bbb0-11e8-b2ba-ac1f6b6435d0,25,25
f1c7702c-bbc7-11e8-b2bc-ac1f6b6435d0,25 21,21 25
f1c9362a-bba7-11e8-b2ba-ac1f6b6435d0,7 0,0 7
f1cb2f5a-bbc2-11e8-b2bc-ac1f6b6435d0,22 25 2 0,0 22
f1cb5af2-bbc7-11e8-b2bc-ac1f6b6435d0,25 21,12 21 25
f1cb85d4-bb9c-11e8-b2b9-ac1f6b6435d0,25 0,0 25
f1cca420-bbbd-11e8-b2ba-ac1f6b6435d0,23,23
f1ce6b1c-bba8-11e8-b2ba-ac1f6b6435d0,25 0 21,0 21 22
f1cf157a-bbbd-11e8-b2ba-ac1f6b6435d0,5 0,5 25
f1d0e944-bbbe-11e8-b2ba-ac1f6b6435d0,25 0,0 25
f1d150d6-bbc9-11e8-b2bc-ac1f6b6435d0,2 0,0 2
f1d629fa-bbae-11e8-b2ba-ac1f6b6435d0,25 0,0
f1d95462-bbb4-11e8-b2ba-ac1f6b6435d0,23,23
f1dc176e-bbb5-11e8-b2ba-ac1f6b6435d0,25 0,0 25
f1df06b8-bba6-11e8-b2ba-ac1f6b6435d0,25 0,0 25
f1df314c-bbc9-11e8-b2bc-ac1f6b6435d0,0 21,25
f1e0fa40-bbbf-11e8-b2bb-ac1f6b6435d0,18,18
f1e1b8d2-bbb9-11e8-b2ba-ac1f6b6435d0,2 0,0 2
f1e3e16a-bbbf-11e8-b2bb-ac1f6b6435d0,23,23
f1e532e8-bb99-11e8-b2b9-ac1f6b6435d0,4,4
f1e757a2-bb9a-11e8-b2b9-ac1f6b6435d0,5 0,0 5
f1ede6e4-bb9a-11e8-b2b9-ac1f6b6435d0,25,23
f1ee8b44-bbc2-11e8-b2bc-ac1f6b6435d0,4,4
f1f033ec-bbc5-11e8-b2bc-ac1f6b6435d0,19,19
f1f07c6a-bbae-11e8-b2ba-ac1f6b6435d0,25 6,25
f1f1f7f8-bbc6-11e8-b2bc-ac1f6b6435d0,25 2,2 25
f1f9015a-bb9a-11e8-b2b9-ac1f6b6435d0,3 0,0 2
f1fb357c-bba1-11e8-b2b9-ac1f6b6435d0,0,0 26
f1fbef74-bbb7-11e8-b2ba-ac1f6b6435d0,4,4
f200f97e-bba8-11e8-b2ba-ac1f6b6435d0,0 21,21 22
f205c4d6-bb99-11e8-b2b9-ac1f6b6435d0,5 0,0 5
f20c96e8-bbc2-11e8-b2bc-ac1f6b6435d0,19 0,0
f20f1770-bbc6-11e8-b2bc-ac1f6b6435d0,3,3
f215a0fc-bbaa-11e8-b2ba-ac1f6b6435d0,14,14
f21645a6-bbc9-11e8-b2bc-ac1f6b6435d0,2,2
f21ab7c8-bbb8-11e8-b2ba-ac1f6b6435d0,23,4 26
f21b2d8e-bbbd-11e8-b2ba-ac1f6b6435d0,8,8
f2244356-bba9-11e8-b2ba-ac1f6b6435d0,19 0,0 19
f22491ee-bbb8-11e8-b2ba-ac1f6b6435d0,0 21,0 1 21
f224a792-bb9a-11e8-b2b9-ac1f6b6435d0,5,0 5
f225767e-bba7-11e8-b2ba-ac1f6b6435d0,25 11,11
f228238a-bbb4-11e8-b2ba-ac1f6b6435d0,18 1 0,0 1
f2288b96-bbb8-11e8-b2ba-ac1f6b6435d0,25 0,5 25
f22d82a8-bbaf-11e8-b2ba-ac1f6b6435d0,25 21,21 25 26
f22dae1a-bbbc-11e8-b2ba-ac1f6b6435d0,22 25 21,0 21
f22e009e-bbc2-11e8-b2bc-ac1f6b6435d0,6,25
f22e5c2e-bba9-11e8-b2ba-ac1f6b6435d0,6,6
f22eb078-bbab-11e8-b2ba-ac1f6b6435d0,12,12 25
f230a840-bbb2-11e8-b2ba-ac1f6b6435d0,2,2
f235bedc-bba5-11e8-b2ba-ac1f6b6435d0,25 7 0,5 25
f23961ba-bb99-11e8-b2b9-ac1f6b6435d0,13 0,0 13
f2397f00-bbb3-11e8-b2ba-ac1f6b6435d0,22 21,13 21 22 25
f23a5ab0-bb9a-11e8-b2b9-ac1f6b6435d0,23,2 23
f23b1e20-bba2-11e8-b2b9-ac1f6b6435d0,25 18 17,17 18 21
f23c38b0-bbab-11e8-b2ba-ac1f6b6435d0,0 8,0 25
f23e4a92-bbb0-11e8-b2ba-ac1f6b6435d0,19 25 0,0 7 25
f2403164-bb9b-11e8-b2b9-ac1f6b6435d0,5 0,0
f241ecc0-bb9b-11e8-b2b9-ac1f6b6435d0,4 3,4
f2421812-bbb4-11e8-b2ba-ac1f6b6435d0,23,23
f2430da2-bbc4-11e8-b2bc-ac1f6b6435d0,0,0
f244bcb8-bba8-11e8-b2ba-ac1f6b6435d0,19,19
f2474eb4-bbae-11e8-b2ba-ac1f6b6435d0,25 2 21,2 21 25
f24ae2d0-bbaf-11e8-b2ba-ac1f6b6435d0,25 23,0 1 4
f24e8b28-bba6-11e8-b2ba-ac1f6b6435d0,23 2,0 2 23
f253d272-bbc9-11e8-b2bc-ac1f6b6435d0,0 21,12 21
f255ffb2-bbc3-11e8-b2bc-ac1f6b6435d0,4,4
f25905c8-bbb8-11e8-b2ba-ac1f6b6435d0,23,6
f26144dc-bb9e-11e8-b2b9-ac1f6b6435d0,25 2,25
f26346a6-bbc6-11e8-b2bc-ac1f6b6435d0,11 2,2 11
f264eda8-bb9e-11e8-b2b9-ac1f6b6435d0,11,11
f26515de-bbbd-11e8-b2ba-ac1f6b6435d0,7 5 0,2
f267d9fc-bb9c-11e8-b2b9-ac1f6b6435d0,23 0,0 3 23
f26942ae-bb99-11e8-b2b9-ac1f6b6435d0,13 21,13
f2699fba-bbb2-11e8-b2ba-ac1f6b6435d0,25,25
f26a09e6-bbad-11e8-b2ba-ac1f6b6435d0,11,11
f26e11a0-bbb0-11e8-b2ba-ac1f6b6435d0,19,18
f26ecaaa-bba6-11e8-b2ba-ac1f6b6435d0,19,18
f27083c8-bbaf-11e8-b2ba-ac1f6b6435d0,2 0,0 2 21
f271302c-bbc6-11e8-b2bc-ac1f6b6435d0,2 0 21,2 21
f2726e12-bba6-11e8-b2ba-ac1f6b6435d0,25 3,3 25
f273c3d4-bba6-11e8-b2ba-ac1f6b6435d0,25 4,4 25
f2747e0e-bba2-11e8-b2b9-ac1f6b6435d0,25 23,6 25
f2759418-bb9f-11e8-b2b9-ac1f6b6435d0,11,11
f276bec8-bbbe-11e8-b2ba-ac1f6b6435d0,22 11 2,11
f27ac64e-bbb9-11e8-b2ba-ac1f6b6435d0,25 0,0 25
f2806e7a-bbbc-11e8-b2ba-ac1f6b6435d0,23,23
f28313d2-bbad-11e8-b2ba-ac1f6b6435d0,13,13
f284811e-bb9d-11e8-b2b9-ac1f6b6435d0,11,11
f2866400-bba4-11e8-b2ba-ac1f6b6435d0,16 14,14
f287bfa6-bbba-11e8-b2ba-ac1f6b6435d0,7,7
f289f18e-bbad-11e8-b2ba-ac1f6b6435d0,5,5
f28b5fc6-bbb0-11e8-b2ba-ac1f6b6435d0,18 0 21,21
f28c5e88-bbb7-11e8-b2ba-ac1f6b6435d0,23,21
f290a34c-bbb4-11e8-b2ba-ac1f6b6435d0,25 5 0,0 5 25
f2963a16-bbad-11e8-b2ba-ac1f6b6435d0,0,0 25
f29692c6-bb9f-11e8-b2b9-ac1f6b6435d0,25 0,0 25
f2998bbe-bbab-11e8-b2ba-ac1f6b6435d0,25,25
f29a9c56-bba7-11e8-b2ba-ac1f6b6435d0,25,19 25
f29e5b98-bbc0-11e8-b2bb-ac1f6b6435d0,5 0,0 5
f29e684e-bbc6-11e8-b2bc-ac1f6b6435d0,19 25 0,0 25
f29e710e-bbb7-11e8-b2ba-ac1f6b6435d0,25,0
f29f9320-bba0-11e8-b2b9-ac1f6b6435d0,7,7
f2a0f718-bbb6-11e8-b2ba-ac1f6b6435d0,3,3
f2a2c47e-bbbd-11e8-b2ba-ac1f6b6435d0,5,5
f2a31466-bb9e-11e8-b2b9-ac1f6b6435d0,0,0
f2a3c166-bbb9-11e8-b2ba-ac1f6b6435d0,23,23
f2a45608-bba0-11e8-b2b9-ac1f6b6435d0,5,5
f2aac41e-bbbb-11e8-b2ba-ac1f6b6435d0,25 7 1 0,1 25
f2abe33c-bbc3-11e8-b2bc-ac1f6b6435d0,1 0,0 1
f2aca774-bb99-11e8-b2b9-ac1f6b6435d0,0,0 21
f2adbdaa-bb9c-11e8-b2b9-ac1f6b6435d0,18,19
f2ae558a-bba1-11e8-b2b9-ac1f6b6435d0,23,0 7
f2aebfb4-bb9e-11e8-b2b9-ac1f6b6435d0,3 0,0 3
f2aec494-bbc8-11e8-b2bc-ac1f6b6435d0,3,0 25
f2b11656-bb99-11e8-b2b9-ac1f6b6435d0,26,20 26
f2b85bfa-bbb2-11e8-b2ba-ac1f6b6435d0,7 0,7
f2b8ba3c-bba8-11e8-b2ba-ac1f6b6435d0,5 2 0,0 5
f2b90914-bbc2-11e8-b2bc-ac1f6b6435d0,3 0,0 2 3
f2ba4dac-bbc1-11e8-b2bb-ac1f6b6435d0,5,5
f2bae328-bba0-11e8-b2b9-ac1f6b6435d0,3 0,3 4
f2bdfd46-bbc9-11e8-b2bc-ac1f6b6435d0,2,2
f2bf6db2-bbbe-11e8-b2ba-ac1f6b6435d0,2 0,0 2
f2c08ad0-bbaf-11e8-b2ba-ac1f6b6435d0,0,0
f2c2ac12-bbb8-11e8-b2ba-ac1f6b6435d0,25 5 0,5 25
f2c50bd0-bba2-11e8-b2b9-ac1f6b6435d0,23 0,0 23
f2c7b4a2-bbb6-11e8-b2ba-ac1f6b6435d0,25 2,2 21
f2c99084-bbb5-11e8-b2ba-ac1f6b6435d0,7,7
f2cb372e-bba9-11e8-b2ba-ac1f6b6435d0,25 2 0,0 21 25
f2ccab64-bbb2-11e8-b2ba-ac1f6b6435d0,25 0 21,0 21
f2cd8a1a-bbb3-11e8-b2ba-ac1f6b6435d0,25 7 0,0 25
f2cfcd24-bba0-11e8-b2b9-ac1f6b6435d0,6,6
f2d1bbee-bba4-11e8-b2ba-ac1f6b6435d0,25 0,0 25
f2d2625a-bbaa-11e8-b2ba-ac1f6b6435d0,7,0
f2d91e66-bb9a-11e8-b2b9-ac1f6b6435d0,2 0,0 2
f2da5892-bbc4-11e8-b2bc-ac1f6b6435d0,25 0,0
f2df3a80-bba9-11e8-b2ba-ac1f6b6435d0,13,13
f2dfac8a-bbaa-11e8-b2ba-ac1f6b6435d0,25 5,5 25
f2dfc4d6-bbc3-11e8-b2bc-ac1f6b6435d0,25 2 0,2
f2e151ec-bbba-11e8-b2ba-ac1f6b6435d0,4,4
f2e403ec-bbb0-11e8-b2ba-ac1f6b6435d0,22 0,0 22
f2e4ae88-bbb4-11e8-b2ba-ac1f6b6435d0,3,3
f2e66cc2-bbb5-11e8-b2ba-ac1f6b6435d0,2,2
f2e8f264-bb9a-11e8-b2b9-ac1f6b6435d0,25,25
f2ed351a-bba7-11e8-b2ba-ac1f6b6435d0,7 0,7
f2efaf5a-bbc2-11e8-b2bc-ac1f6b6435d0,26 0,0
f2f5a0e6-bbb2-11e8-b2ba-ac1f6b6435d0,25 2 0,0
f2fa8ad0-bbbb-11e8-b2ba-ac1f6b6435d0,25,21 25
f2fae65e-bbae-11e8-b2ba-ac1f6b6435d0,0,0
f2fb2356-bba6-11e8-b2ba-ac1f6b6435d0,2 0,0 2
f303b432-bba9-11e8-b2ba-ac1f6b6435d0,25 3 0,0
f303ee4c-bbb4-11e8-b2ba-ac1f6b6435d0,11,11
f3070fa6-bbb8-11e8-b2ba-ac1f6b6435d0,7 0,0 7
f3083fee-bba8-11e8-b2ba-ac1f6b6435d0,25 0,0 25
f309aa9e-bbb4-11e8-b2ba-ac1f6b6435d0,5 0,2
f309afc8-bbbc-11e8-b2ba-ac1f6b6435d0,19 25 0,0 18 25
f30aa9b6-bbbf-11e8-b2bb-ac1f6b6435d0,25 2,2 25
f30ad9bc-bb9d-11e8-b2b9-ac1f6b6435d0,5,5
f30c5558-bba7-11e8-b2ba-ac1f6b6435d0,11,11
f30d60c8-bb99-11e8-b2b9-ac1f6b6435d0,25 5,25
f30dcb04-bbc5-11e8-b2bc-ac1f6b6435d0,23 0,23
f30e22c6-bbc9-11e8-b2bc-ac1f6b6435d0,11,0
f310e258-bbb1-11e8-b2ba-ac1f6b6435d0,11,11
f3118772-bbbf-11e8-b2bb-ac1f6b6435d0,11 2 0,11 25
f31221e8-bba9-11e8-b2ba-ac1f6b6435d0,25 14,14 25
f3142d84-bbaa-11e8-b2ba-ac1f6b6435d0,12 0,0 22
f31785e0-bb9d-11e8-b2b9-ac1f6b6435d0,4,4
f31837a6-bba2-11e8-b2b9-ac1f6b6435d0,14,14
f3183f2c-bbab-11e8-b2ba-ac1f6b6435d0,21,21 25
f318f230-bba8-11e8-b2ba-ac1f6b6435d0,25,21 25
f319de76-bbac-11e8-b2ba-ac1f6b6435d0,25 14 0,0 14
f31c2f62-bbc2-11e8-b2bc-ac1f6b6435d0,25 3 0,0 3
f31ca386-bbc5-11e8-b2bc-ac1f6b6435d0,5 1 2 21,1 2 21
f31d8058-bbac-11e8-b2ba-ac1f6b6435d0,21,21 22
f31d8852-bbb4-11e8-b2ba-ac1f6b6435d0,5,5
f32323b4-bbc5-11e8-b2bc-ac1f6b6435d0,7 2,2 7
f32d152c-bbbb-11e8-b2ba-ac1f6b6435d0,21,21
f33194ae-bbc9-11e8-b2bc-ac1f6b6435d0,25 21,21 25
f333ab42-bbc2-11e8-b2bc-ac1f6b6435d0,2 0,0 2 7
f339a1e8-bbc5-11e8-b2bc-ac1f6b6435d0,3,3
f33c0980-bb9b-11e8-b2b9-ac1f6b6435d0,5,0
f33eff60-bbbd-11e8-b2ba-ac1f6b6435d0,6,25
f34074ec-bbab-11e8-b2ba-ac1f6b6435d0,25 4 21,4 21
f343c860-bb9a-11e8-b2b9-ac1f6b6435d0,25,25
f3440b1c-bba5-11e8-b2ba-ac1f6b6435d0,6 21,21 25 26
f34b5776-bbc0-11e8-b2bb-ac1f6b6435d0,0,0
f34c5120-bbc1-11e8-b2bb-ac1f6b6435d0,6 0,0 26
f34cbeb0-bbb9-11e8-b2ba-ac1f6b6435d0,0 21,0 21 25
f34ce572-bbc6-11e8-b2bc-ac1f6b6435d0,19 25,19 25
f34ed7de-bbbb-11e8-b2ba-ac1f6b6435d0,5,0 5
f35075c6-bbc5-11e8-b2bc-ac1f6b6435d0,25 5,0 1 25
f350b8cc-bbae-11e8-b2ba-ac1f6b6435d0,6,23
f351e9ca-bbc4-11e8-b2bc-ac1f6b6435d0,22,22
f35277ac-bbb3-11e8-b2ba-ac1f6b6435d0,19 2 0,2 18
f353f38c-bbc4-11e8-b2bc-ac1f6b6435d0,1,0
f3570c88-bbc0-11e8-b2bb-ac1f6b6435d0,4,4
f35fc870-bba5-11e8-b2ba-ac1f6b6435d0,25 0,0 25
f362508a-bbb0-11e8-b2ba-ac1f6b6435d0,25 0,0 25
f367cba2-bbbd-11e8-b2ba-ac1f6b6435d0,19 23,19 23
f367cd10-bbb7-11e8-b2ba-ac1f6b6435d0,1 0,0 1
f36a23bc-bba8-11e8-b2ba-ac1f6b6435d0,1 4,1 4
f3713fea-bbbb-11e8-b2ba-ac1f6b6435d0,22 23,22
f3773d04-bbb2-11e8-b2ba-ac1f6b6435d0,1 4 3,0
f377e4c8-bbc8-11e8-b2bc-ac1f6b6435d0,25 7,7 25
f379fa14-bbc4-11e8-b2bc-ac1f6b6435d0,7 0 21,0 22
f37e641a-bbb4-11e8-b2ba-ac1f6b6435d0,18 21,25
f37e9faa-bba2-11e8-b2b9-ac1f6b6435d0,25 5,4
f3835150-bbc3-11e8-b2bc-ac1f6b6435d0,14,14
f3839d12-bbb5-11e8-b2ba-ac1f6b6435d0,5,5
f384e830-bbaa-11e8-b2ba-ac1f6b6435d0,7,2 7
f3868dce-bbba-11e8-b2ba-ac1f6b6435d0,2 0,0 2
f3869a76-bbab-11e8-b2ba-ac1f6b6435d0,25 7 0,0 2 7 25
f388692c-bbbb-11e8-b2ba-ac1f6b6435d0,25,23
f38ad554-bba7-11e8-b2ba-ac1f6b6435d0,15 5 0,5
f38dce96-bbb9-11e8-b2ba-ac1f6b6435d0,0,0 25
f38e8666-bbb3-11e8-b2ba-ac1f6b6435d0,14 2,14
f38e8c7a-bbb2-11e8-b2ba-ac1f6b6435d0,5,5
f391be4e-bbb3-11e8-b2ba-ac1f6b6435d0,23,23 25
f392c9d6-bbbf-11e8-b2bb-ac1f6b6435d0,11 0,0 11
f395e860-bb9b-11e8-b2b9-ac1f6b6435d0,21,21
f39d1646-bbc1-11e8-b2bb-ac1f6b6435d0,0 21,0
f39e2226-bbc5-11e8-b2bc-ac1f6b6435d0,0 21,0
f39ea380-bbc6-11e8-b2bc-ac1f6b6435d0,12,12
f39f2814-bb9e-11e8-b2b9-ac1f6b6435d0,25,25
f3a02ba6-bba3-11e8-b2b9-ac1f6b6435d0,25,23
f3a05748-bbc6-11e8-b2bc-ac1f6b6435d0,11,0 25
f3a44b08-bba5-11e8-b2ba-ac1f6b6435d0,0 21,0 25
f3a55128-bbc9-11e8-b2bc-ac1f6b6435d0,25,0 26
f3a6049e-bbbd-11e8-b2ba-ac1f6b6435d0,1,0 1
f3a8d750-bbb3-11e8-b2ba-ac1f6b6435d0,25,6
f3ab1db0-bbab-11e8-b2ba-ac1f6b6435d0,14 0,25
f3ab763c-bba3-11e8-b2b9-ac1f6b6435d0,6,23
f3ac1598-bbc5-11e8-b2bc-ac1f6b6435d0,25 0,0 25
f3ac9332-bb9e-11e8-b2b9-ac1f6b6435d0,25,2 25
f3afb4ea-bbb7-11e8-b2ba-ac1f6b6435d0,0,0 26
f3b4eefc-bbb1-11e8-b2ba-ac1f6b6435d0,1,1
f3b80420-bb9d-11e8-b2b9-ac1f6b6435d0,7 3,3 25
f3b9aa86-bb9e-11e8-b2b9-ac1f6b6435d0,0,0
f3baf832-bbb7-11e8-b2ba-ac1f6b6435d0,1,1
f3bd5dde-bbad-11e8-b2ba-ac1f6b6435d0,23,23
f3bdcfd0-bba3-11e8-b2b9-ac1f6b6435d0,7,7
f3c62328-bbb8-11e8-b2ba-ac1f6b6435d0,0,0 25
f3c7ffd4-bbba-11e8-b2ba-ac1f6b6435d0,25 0 21,21 25
f3ce6516-bbb2-11e8-b2ba-ac1f6b6435d0,25 0,0 25
f3cfa0c4-bba4-11e8-b2ba-ac1f6b6435d0,19,19
f3d2b450-bbc0-11e8-b2bb-ac1f6b6435d0,25 4,5 25
f3d3685c-bba0-11e8-b2b9-ac1f6b6435d0,4,4
f3d43f24-bb9c-11e8-b2b9-ac1f6b6435d0,0,26
f3d54dee-bba4-11e8-b2ba-ac1f6b6435d0,16 25 17 0,16 17 25
f3d6f846-bbc8-11e8-b2bc-ac1f6b6435d0,19 1 0,0
f3db54f0-bbae-11e8-b2ba-ac1f6b6435d0,0,0
f3dd8830-bbc5-11e8-b2bc-ac1f6b6435d0,25 14 2,2 25
f3df5dd2-bbbf-11e8-b2bb-ac1f6b6435d0,4,4 25
f3df8c3e-bbb1-11e8-b2ba-ac1f6b6435d0,19 0,0 18
f3e5fe76-bba6-11e8-b2ba-ac1f6b6435d0,0,0 25
f3e65ee6-bbbc-11e8-b2ba-ac1f6b6435d0,3 0,3
f3e7b1d2-bba4-11e8-b2ba-ac1f6b6435d0,0 21,0 25
f3e8df5e-bbc6-11e8-b2bc-ac1f6b6435d0,7 0,0 7 23
f3ec487a-bbc0-11e8-b2bb-ac1f6b6435d0,25 23 3,7 21 25
f3f2d7ac-bbc1-11e8-b2bb-ac1f6b6435d0,2 0,0 2
f3f39a90-bbab-11e8-b2ba-ac1f6b6435d0,4,4
f3f40778-bbbf-11e8-b2bb-ac1f6b6435d0,23 2,2 23
f3f4eade-bbc0-11e8-b2bb-ac1f6b6435d0,25 7,7
f3fbfc8a-bba1-11e8-b2b9-ac1f6b6435d0,25 16 0,0 25
f3fc22c4-bbbe-11e8-b2ba-ac1f6b6435d0,25 11,12 25
f3ff0b32-bbb5-11e8-b2ba-ac1f6b6435d0,0,0
f403aef4-bba5-11e8-b2ba-ac1f6b6435d0,25 2,0 2 25
f403cc62-bbb0-11e8-b2ba-ac1f6b6435d0,21,0 21
f40467aa-bbc7-11e8-b2bc-ac1f6b6435d0,19,19
f405fbe2-bbc7-11e8-b2bc-ac1f6b6435d0,21,21
f4095bf4-bbb1-11e8-b2ba-ac1f6b6435d0,19,0 7 25
f40b8660-bbaf-11e8-b2ba-ac1f6b6435d0,11,11
f40ba13e-bbbb-11e8-b2ba-ac1f6b6435d0,5,5
f40e13e6-bbb2-11e8-b2ba-ac1f6b6435d0,0,0
f40f2982-bbaf-11e8-b2ba-ac1f6b6435d0,23,23
f4111ca0-bbbf-11e8-b2bb-ac1f6b6435d0,23,17 23
f4140324-bbb6-11e8-b2ba-ac1f6b6435d0,23,23
f4169db8-bbbc-11e8-b2ba-ac1f6b6435d0,5 0,5
f41c3858-bb9a-11e8-b2b9-ac1f6b6435d0,0,0
f41c602e-bbc4-11e8-b2bc-ac1f6b6435d0,7,23
f41c62a2-bba8-11e8-b2ba-ac1f6b6435d0,19 0,0 19
f41d6fb2-bbbc-11e8-b2ba-ac1f6b6435d0,2 0,0 2
f4204e14-bbc4-11e8-b2bc-ac1f6b6435d0,25 7,7 25
f421e3cc-bbbb-11e8-b2ba-ac1f6b6435d0,25 14,14 25
f4274468-bbaa-11e8-b2ba-ac1f6b6435d0,5 0,5
f427f2a6-bb9a-11e8-b2b9-ac1f6b6435d0,11,11
f429a344-bb9f-11e8-b2b9-ac1f6b6435d0,5 2,3
f429aeea-bbac-11e8-b2ba-ac1f6b6435d0,0,0 2
f429cae2-bbc0-11e8-b2bb-ac1f6b6435d0,25 0 21,0 25
f42abc60-bbc3-11e8-b2bc-ac1f6b6435d0,4,4
f42c56dc-bba1-11e8-b2b9-ac1f6b6435d0,25,25
f430c3d4-bbba-11e8-b2ba-ac1f6b6435d0,5 0,0 7
f4361382-bbb7-11e8-b2ba-ac1f6b6435d0,25 0,0
f43e322e-bbc6-11e8-b2bc-ac1f6b6435d0,5,5
f4414266-bba3-11e8-b2b9-ac1f6b6435d0,18,18
f44318f2-bbad-11e8-b2ba-ac1f6b6435d0,5,5
f4438b1a-bbb3-11e8-b2ba-ac1f6b6435d0,13,13
f443ac84-bbc8-11e8-b2bc-ac1f6b6435d0,26 0,0 5
f445cdba-bba6-11e8-b2ba-ac1f6b6435d0,25 6 2,2 6 25
f4460b8a-bba2-11e8-b2b9-ac1f6b6435d0,23,23
f4465088-bbb4-11e8-b2ba-ac1f6b6435d0,23,23
f446bfa6-bbc7-11e8-b2bc-ac1f6b6435d0,4,0
f447bd84-bbc7-11e8-b2bc-ac1f6b6435d0,0,0
f4497194-bbb1-11e8-b2ba-ac1f6b6435d0,12 25 0 21,25
f44d0d86-bbc5-11e8-b2bc-ac1f6b6435d0,23 2 0,3
f4532766-bbb6-11e8-b2ba-ac1f6b6435d0,2,2
f45779d4-bbc9-11e8-b2bc-ac1f6b6435d0,1,1 7
f457af9a-bbaf-11e8-b2ba-ac1f6b6435d0,2 0,0 2
f45b2fe4-bbb9-11e8-b2ba-ac1f6b6435d0,0 21,0 25
f45dd240-bbbd-11e8-b2ba-ac1f6b6435d0,0,0
f4603458-bbaf-11e8-b2ba-ac1f6b6435d0,9,20
f46545fa-bb9c-11e8-b2b9-ac1f6b6435d0,11,4 11
f465b256-bbb5-11e8-b2ba-ac1f6b6435d0,12 0 21,0 12
f46ad924-bbc0-11e8-b2bb-ac1f6b6435d0,0,0 26
f46ba956-bbae-11e8-b2ba-ac1f6b6435d0,25 3,3 25
f46bceb2-bbb4-11e8-b2ba-ac1f6b6435d0,14 5,5 14
f46eb142-bbad-11e8-b2ba-ac1f6b6435d0,5,5
f46f03a4-bb99-11e8-b2b9-ac1f6b6435d0,17 0,0
f4752cf4-bbbf-11e8-b2bb-ac1f6b6435d0,2 0,2
f47686fc-bbb1-11e8-b2ba-ac1f6b6435d0,11,11
f47aa584-bba7-11e8-b2ba-ac1f6b6435d0,7 1,1 7
f47ac0fa-bbbb-11e8-b2ba-ac1f6b6435d0,23 0,23
f47fc010-bbb0-11e8-b2ba-ac1f6b6435d0,11,11
f482d29c-bbb4-11e8-b2ba-ac1f6b6435d0,25 0,0 21 25
f4891ec2-bb9b-11e8-b2b9-ac1f6b6435d0,2,0 2
f4893414-bbb6-11e8-b2ba-ac1f6b6435d0,22 25 0,0 21 22 25
f4897742-bbbd-11e8-b2ba-ac1f6b6435d0,0,0 25
f48a4b40-bbb3-11e8-b2ba-ac1f6b6435d0,14,14
f48bd180-bbb9-11e8-b2ba-ac1f6b6435d0,0,0 2
f48dc26c-bba3-11e8-b2b9-ac1f6b6435d0,7,7
f48f65cc-bba3-11e8-b2b9-ac1f6b6435d0,2,2
f492ff1a-bbc7-11e8-b2bc-ac1f6b6435d0,25 14,14 25
f493ad0e-bbc0-11e8-b2bb-ac1f6b6435d0,16 7 2,2 7 16
f493ebd6-bbc3-11e8-b2bc-ac1f6b6435d0,25 5,5 25
f494e564-bbc7-11e8-b2bc-ac1f6b6435d0,3,3
f496bc1e-bb9e-11e8-b2b9-ac1f6b6435d0,22,13
f497363e-bb9f-11e8-b2b9-ac1f6b6435d0,2,2
f498084a-bbac-11e8-b2ba-ac1f6b6435d0,25,14 17
f49c228e-bbae-11e8-b2ba-ac1f6b6435d0,2,2 3
f49e56b4-bbb1-11e8-b2ba-ac1f6b6435d0,25,25
f49e6106-bb9b-11e8-b2b9-ac1f6b6435d0,0,23
f49ed798-bbc9-11e8-b2bc-ac1f6b6435d0,25 2 0,0 25
f4a132ec-bbc7-11e8-b2bc-ac1f6b6435d0,0 21,0 21
f4a1d7d8-bbae-11e8-b2ba-ac1f6b6435d0,4,4
f4a2160c-bbb4-11e8-b2ba-ac1f6b6435d0,5,5 23
f4a4e668-bba8-11e8-b2ba-ac1f6b6435d0,25 23 0,0 25
f4a79a74-bbb8-11e8-b2ba-ac1f6b6435d0,3,3
f4a9a13c-bbb0-11e8-b2ba-ac1f6b6435d0,4,4
f4acb864-bba0-11e8-b2b9-ac1f6b6435d0,25 0,0 25
f4acbf26-bbb9-11e8-b2ba-ac1f6b6435d0,22 25 21,21 22 25
f4af891e-bbae-11e8-b2ba-ac1f6b6435d0,5,5
f4b09378-bb9e-11e8-b2b9-ac1f6b6435d0,25 0,0 25
f4b13826-bbbe-11e8-b2ba-ac1f6b6435d0,25 6,25
f4b836ec-bbac-11e8-b2ba-ac1f6b6435d0,5 0,5
f4ba697e-bb9a-11e8-b2b9-ac1f6b6435d0,25 0,0 5 25
f4ba76ba-bbab-11e8-b2ba-ac1f6b6435d0,26 0,0
f4ba98d6-bba9-11e8-b2ba-ac1f6b6435d0,2 21,2 21
f4bc5886-bba1-11e8-b2b9-ac1f6b6435d0,25 0,0 25
f4bd9f98-bb9c-11e8-b2b9-ac1f6b6435d0,25 2 0,25
f4c16ba6-bbc3-11e8-b2bc-ac1f6b6435d0,9 10,9 10 20
f4c46c0a-bbb6-11e8-b2ba-ac1f6b6435d0,21,12 21
f4c4bd80-bba8-11e8-b2ba-ac1f6b6435d0,13,18
f4c6c550-bbb5-11e8-b2ba-ac1f6b6435d0,25 7 0,0 7 25
f4ca8244-bb9c-11e8-b2b9-ac1f6b6435d0,22 23 1,0 1 22 23
f4cb37d6-bbbd-11e8-b2ba-ac1f6b6435d0,2,2
f4cbc842-bb9d-11e8-b2b9-ac1f6b6435d0,25 1 0,0
f4ce9dfc-bbc9-11e8-b2bc-ac1f6b6435d0,11 2 0,0 2
f4ceb9e6-bb9b-11e8-b2b9-ac1f6b6435d0,19 0,0 2
f4d037f4-bbc2-11e8-b2bc-ac1f6b6435d0,2,2
f4d347d4-bb9d-11e8-b2b9-ac1f6b6435d0,25 5,0 25
f4d396f4-bbba-11e8-b2ba-ac1f6b6435d0,1 4 3,1 3 4
f4d416bc-bb9a-11e8-b2b9-ac1f6b6435d0,21,25
f4d54dc6-bbc1-11e8-b2bb-ac1f6b6435d0,3 0,2 5
f4d7181a-bbba-11e8-b2ba-ac1f6b6435d0,7 5 0,0 7
f4dad456-bbc3-11e8-b2bc-ac1f6b6435d0,3 0,0 2
f4df0476-bbba-11e8-b2ba-ac1f6b6435d0,25,21
f4e07abe-bbc8-11e8-b2bc-ac1f6b6435d0,23,23
f4e12c8a-bbb3-11e8-b2ba-ac1f6b6435d0,18,18
f4e27244-bbc1-11e8-b2bb-ac1f6b6435d0,21,21
f4e2cd7a-bb99-11e8-b2b9-ac1f6b6435d0,25 0,0 25
f4e49032-bba9-11e8-b2ba-ac1f6b6435d0,25 7 0,0 7 25
f4e74dc6-bbaa-11e8-b2ba-ac1f6b6435d0,25 0,0 14
f4e8de50-bbc5-11e8-b2bc-ac1f6b6435d0,25 0,0 25
f4e97da6-bba2-11e8-b2b9-ac1f6b6435d0,25,6 25
f4ea3b86-bbb8-11e8-b2ba-ac1f6b6435d0,5 0,5
f4ee58d4-bbad-11e8-b2ba-ac1f6b6435d0,0,0
f4eee4ca-bbbc-11e8-b2ba-ac1f6b6435d0,16 14 0,0 14
f4f0e742-bbae-11e8-b2ba-ac1f6b6435d0,25 2 0,2 25
f4f2d990-bbc6-11e8-b2bc-ac1f6b6435d0,14,14
f4f4cf50-bba5-11e8-b2ba-ac1f6b6435d0,6,0
f4f5d568-bba4-11e8-b2ba-ac1f6b6435d0,7,7
f4f67182-bbb1-11e8-b2ba-ac1f6b6435d0,2,2
f4f79da4-bbc6-11e8-b2bc-ac1f6b6435d0,25 7 0,0 25
f4f838f2-bba0-11e8-b2b9-ac1f6b6435d0,2,2
f4fa76b4-bba3-11e8-b2b9-ac1f6b6435d0,13 5,0 13
f4fb5892-bbb0-11e8-b2ba-ac1f6b6435d0,12,12
f4fde05a-bbbd-11e8-b2ba-ac1f6b6435d0,12,22
f500aa1e-bbaf-11e8-b2ba-ac1f6b6435d0,21,21
f502fa98-bbba-11e8-b2ba-ac1f6b6435d0,21,21 25
f50459c2-bb99-11e8-b2b9-ac1f6b6435d0,2 0,0 2
f508fe1e-bb99-11e8-b2b9-ac1f6b6435d0,23 0,0
f50c9290-bbad-11e8-b2ba-ac1f6b6435d0,1 0,0 1
f50e465c-bbc2-11e8-b2bc-ac1f6b6435d0,5,5
f510ca4c-bbab-11e8-b2ba-ac1f6b6435d0,0,0
f51126c8-bbbe-11e8-b2ba-ac1f6b6435d0,7,7
f5115744-bbad-11e8-b2ba-ac1f6b6435d0,25,6
f51682a8-bba5-11e8-b2ba-ac1f6b6435d0,7,7
f51a2552-bba5-11e8-b2ba-ac1f6b6435d0,5,5
f51acc08-bbb1-11e8-b2ba-ac1f6b6435d0,14,7
f51bc9a8-bbc2-11e8-b2bc-ac1f6b6435d0,25,7 25
f51cbf76-bbc1-11e8-b2bb-ac1f6b6435d0,23,23
f51d6fce-bbae-11e8-b2ba-ac1f6b6435d0,7 0,0 7 25
f520df2c-bbb5-11e8-b2ba-ac1f6b6435d0,18 0,0 18
f523f1a2-bba2-11e8-b2b9-ac1f6b6435d0,7,7
f527a614-bbaa-11e8-b2ba-ac1f6b6435d0,23,23
f52829de-bbb1-11e8-b2ba-ac1f6b6435d0,0,0 3
f5288b50-bbab-11e8-b2ba-ac1f6b6435d0,24 2 0,0 24
f52a61ce-bbaf-11e8-b2ba-ac1f6b6435d0,25 23 2,2 6 23
f52abf4e-bbae-11e8-b2ba-ac1f6b6435d0,0,0
f52bfa16-bba5-11e8-b2ba-ac1f6b6435d0,25,25
f5326b6e-bbbc-11e8-b2ba-ac1f6b6435d0,7,0 7
f532bf92-bbc1-11e8-b2bb-ac1f6b6435d0,25 3 0,0 25
f534a88a-bba2-11e8-b2b9-ac1f6b6435d0,0,0 1
f5383e30-bba4-11e8-b2ba-ac1f6b6435d0,7 0,0 7
f53cf8be-bbb1-11e8-b2ba-ac1f6b6435d0,7,7
f53d5ae6-bbc2-11e8-b2bc-ac1f6b6435d0,23,2 23
f53e2b26-bb9d-11e8-b2b9-ac1f6b6435d0,25 0,0 16 21
f543e75a-bba7-11e8-b2ba-ac1f6b6435d0,2 0,0 2
f5453baa-bba2-11e8-b2b9-ac1f6b6435d0,12 25 0,0 12
f547a8de-bba4-11e8-b2ba-ac1f6b6435d0,25 7,25
f54a39bc-bba6-11e8-b2ba-ac1f6b6435d0,25 0,0 25
f54fc238-bbba-11e8-b2ba-ac1f6b6435d0,25 0,0 25
f55133c8-bba8-11e8-b2ba-ac1f6b6435d0,12 14,14
f556434a-bbb7-11e8-b2ba-ac1f6b6435d0,12,12
f55c9b6e-bb99-11e8-b2b9-ac1f6b6435d0,23,23
f55e17de-bba6-11e8-b2ba-ac1f6b6435d0,25 2,2 25
f560dd88-bba7-11e8-b2ba-ac1f6b6435d0,3,0 3 5 25
f5638a7a-bbc4-11e8-b2bc-ac1f6b6435d0,16 14 17,14 16 17
f565b3ae-bbc4-11e8-b2bc-ac1f6b6435d0,1 0,0 1
f565f02c-bbc8-11e8-b2bc-ac1f6b6435d0,3 0,0 3
f5664b5e-bbbd-11e8-b2ba-ac1f6b6435d0,7 0,0 7
f567076c-bba2-11e8-b2b9-ac1f6b6435d0,23,23
f5682cd8-bbc9-11e8-b2bc-ac1f6b6435d0,23,23
f56b7a78-bbb0-11e8-b2ba-ac1f6b6435d0,0,0
f56b7aac-bba4-11e8-b2ba-ac1f6b6435d0,19 0,0 19
f56bd9a4-bba2-11e8-b2b9-ac1f6b6435d0,25 0,0 17 25
f56ead8e-bba0-11e8-b2b9-ac1f6b6435d0,0 21,0 25
f572bc4e-bbc8-11e8-b2bc-ac1f6b6435d0,16 25 17 0,0 16 17 25
f5732684-bbc3-11e8-b2bc-ac1f6b6435d0,13,13
f577614e-bbb5-11e8-b2ba-ac1f6b6435d0,0,0
f578ffc0-bbb7-11e8-b2ba-ac1f6b6435d0,14,14
f57ac56a-bb9b-11e8-b2b9-ac1f6b6435d0,5,5
f57b12a8-bb9c-11e8-b2b9-ac1f6b6435d0,18 0,0 18
f57b6d70-bba6-11e8-b2ba-ac1f6b6435d0,25 5 0,0
f57bf29a-bbab-11e8-b2ba-ac1f6b6435d0,1,1
f57c1f90-bbbf-11e8-b2bb-ac1f6b6435d0,6,21 25
f581f360-bb9d-11e8-b2b9-ac1f6b6435d0,0,0 25
f58336a2-bba8-11e8-b2ba-ac1f6b6435d0,23,23
f5839872-bb99-11e8-b2b9-ac1f6b6435d0,25 4,14
f584aeaa-bbae-11e8-b2ba-ac1f6b6435d0,4,4
f58638e4-bbc5-11e8-b2bc-ac1f6b6435d0,25 21,21
f58cbdfa-bbb5-11e8-b2ba-ac1f6b6435d0,0 21,0
f58f1414-bbb6-11e8-b2ba-ac1f6b6435d0,23,23
f5901756-bba7-11e8-b2ba-ac1f6b6435d0,22 0,0
f5913b78-bb9c-11e8-b2b9-ac1f6b6435d0,25 23,25
f59201e4-bbb4-11e8-b2ba-ac1f6b6435d0,2,2
f594a180-bbb2-11e8-b2ba-ac1f6b6435d0,0 21,4
f59515c6-bb9d-11e8-b2b9-ac1f6b6435d0,1 0,0 1
f5985624-bba1-11e8-b2b9-ac1f6b6435d0,3 0,0 3
f5995090-bbad-11e8-b2ba-ac1f6b6435d0,25,25
f59bc24c-bbbe-11e8-b2ba-ac1f6b6435d0,23 0,0 23
f59d1656-bbaa-11e8-b2ba-ac1f6b6435d0,2 0,0 2
f5a72606-bbc2-11e8-b2bc-ac1f6b6435d0,25 5,5 25
f5a88622-bbc2-11e8-b2bc-ac1f6b6435d0,23,23
f5a8a99a-bba9-11e8-b2ba-ac1f6b6435d0,21,25
f5abbaa0-bba3-11e8-b2b9-ac1f6b6435d0,25 0,0 21
f5ad7aea-bbab-11e8-b2ba-ac1f6b6435d0,16 25 4,4 25
f5b629aa-bbbb-11e8-b2ba-ac1f6b6435d0,8,8 20
f5b6f5c0-bbc4-11e8-b2bc-ac1f6b6435d0,0 21,0 21
f5baae8e-bbc1-11e8-b2bb-ac1f6b6435d0,0 21,0 21
f5c09c38-bbc4-11e8-b2bc-ac1f6b6435d0,7 0,0 2 7
f5c160fe-bbb1-11e8-b2ba-ac1f6b6435d0,0,0
f5c2885e-bb9c-11e8-b2b9-ac1f6b6435d0,19,19
f5c6397a-bb99-11e8-b2b9-ac1f6b6435d0,0,0
f5c6720c-bbba-11e8-b2ba-ac1f6b6435d0,0,0
f5cabd4a-bba0-11e8-b2b9-ac1f6b6435d0,23,23
f5cb5896-bba9-11e8-b2ba-ac1f6b6435d0,7,7 21
f5cba356-bba8-11e8-b2ba-ac1f6b6435d0,11,11
f5cbc37e-bb9c-11e8-b2b9-ac1f6b6435d0,3,2
f5cca6e0-bbc4-11e8-b2bc-ac1f6b6435d0,6,25
f5ccb30e-bbc6-11e8-b2bc-ac1f6b6435d0,18 21,0 25
f5ccb3b2-bba4-11e8-b2ba-ac1f6b6435d0,0,0
f5cf3564-bbc8-11e8-b2bc-ac1f6b6435d0,7,7
f5cf8f90-bbc9-11e8-b2bc-ac1f6b6435d0,5 0,5
f5d5eb58-bba4-11e8-b2ba-ac1f6b6435d0,25 4,4 25
f5dad562-bbc4-11e8-b2bc-ac1f6b6435d0,25 5,4
f5dcef62-bbb2-11e8-b2ba-ac1f6b6435d0,25 5,0 25
f5dd5158-bbbe-11e8-b2ba-ac1f6b6435d0,0 21,0 21
f5de51fa-bbac-11e8-b2ba-ac1f6b6435d0,0,0
f5df678a-bbc9-11e8-b2bc-ac1f6b6435d0,0,0
f5e0bf70-bbad-11e8-b2ba-ac1f6b6435d0,7 0,0 2
f5e495ea-bbbd-11e8-b2ba-ac1f6b6435d0,0,0
f5e62b60-bbbf-11e8-b2bb-ac1f6b6435d0,14 17,14 16 17
f5e82cde-bbb6-11e8-b2ba-ac1f6b6435d0,1 0,0 1
f5e87f28-bbc9-11e8-b2bc-ac1f6b6435d0,4,21
f5e998f2-bba3-11e8-b2b9-ac1f6b6435d0,25,25
f5edd364-bbc0-11e8-b2bb-ac1f6b6435d0,7 0 21,0 7 25
f5efe4fc-bbc4-11e8-b2bc-ac1f6b6435d0,23 0,0 20 23
f5f0768e-bbb9-11e8-b2ba-ac1f6b6435d0,21,0 21
f5f09afa-bbb5-11e8-b2ba-ac1f6b6435d0,6,23
f5f169ae-bbaa-11e8-b2ba-ac1f6b6435d0,7 17,0 7 16
f5fbd262-bbab-11e8-b2ba-ac1f6b6435d0,2,2
f5fd654e-bba8-11e8-b2ba-ac1f6b6435d0,23 2,2 23
f5fe5b4a-bbb0-11e8-b2ba-ac1f6b6435d0,21,21
f5fee39c-bbc1-11e8-b2bb-ac1f6b6435d0,1 21,0 21
f5ff171e-bbac-11e8-b2ba-ac1f6b6435d0,7,7
f5ff4106-bba4-11e8-b2ba-ac1f6b6435d0,4,4
f5ffe100-bb9b-11e8-b2b9-ac1f6b6435d0,13 2,2
f605bdfe-bbc4-11e8-b2bc-ac1f6b6435d0,23,23
f606b43a-bbb4-11e8-b2ba-ac1f6b6435d0,21,21
f608ccda-bbae-11e8-b2ba-ac1f6b6435d0,25 21,21
f609c3ee-bbbb-11e8-b2ba-ac1f6b6435d0,23 0,0
f60a1516-bba1-11e8-b2b9-ac1f6b6435d0,1 0,0 1
f60ad1ee-bbac-11e8-b2ba-ac1f6b6435d0,22,25
f60c8456-bbb8-11e8-b2ba-ac1f6b6435d0,11 21,11
f60d8480-bbab-11e8-b2ba-ac1f6b6435d0,21,21 25
f60fe09a-bbc9-11e8-b2bc-ac1f6b6435d0,7,7
f6118d2a-bbbd-11e8-b2ba-ac1f6b6435d0,25 0,0
f6123226-bbc6-11e8-b2bc-ac1f6b6435d0,5,5
f612a65c-bbad-11e8-b2ba-ac1f6b6435d0,0,0
f6145a2e-bba8-11e8-b2ba-ac1f6b6435d0,25 1 21,1 25
f615ee5c-bbad-11e8-b2ba-ac1f6b6435d0,24 0,0
f619c46c-bbaa-11e8-b2ba-ac1f6b6435d0,6,6
f619e538-bbb8-11e8-b2ba-ac1f6b6435d0,23,23
f61e2b24-bbaa-11e8-b2ba-ac1f6b6435d0,25,25
f6208d02-bba9-11e8-b2ba-ac1f6b6435d0,23,23
f62201d2-bbae-11e8-b2ba-ac1f6b6435d0,25,25
f623be3e-bbb1-11e8-b2ba-ac1f6b6435d0,7 14 0,0 7
f624c4ca-bbc3-11e8-b2bc-ac1f6b6435d0,0 21,0 19 21
f6265d48-bbba-11e8-b2ba-ac1f6b6435d0,25 1,1 2 6 25
f627ad0a-bbc5-11e8-b2bc-ac1f6b6435d0,4,4
f62832b8-bbaf-11e8-b2ba-ac1f6b6435d0,0,4
f6285784-bbaf-11e8-b2ba-ac1f6b6435d0,25 11 2 0,0 2 11 25
f6291124-bbc3-11e8-b2bc-ac1f6b6435d0,26 0,0 26
f629be72-bbb3-11e8-b2ba-ac1f6b6435d0,2 0,0
f62e3cc0-bba1-11e8-b2b9-ac1f6b6435d0,3,2 25
f630af46-bbbf-11e8-b2bb-ac1f6b6435d0,25 6,6 25
f630c696-bb99-11e8-b2b9-ac1f6b6435d0,12 7 0,0 7
f633b1e0-bbac-11e8-b2ba-ac1f6b6435d0,3,3
f6374af2-bbbc-11e8-b2ba-ac1f6b6435d0,5,5
f637a6e4-bba0-11e8-b2b9-ac1f6b6435d0,18,18
f63df1ec-bba1-11e8-b2b9-ac1f6b6435d0,5,0 5
f63f12b4-bbb7-11e8-b2ba-ac1f6b6435d0,1 0,0 1
f640b4d4-bb99-11e8-b2b9-ac1f6b6435d0,19,19
f643530c-bba2-11e8-b2b9-ac1f6b6435d0,11 0,0 11
f6448db0-bbbd-11e8-b2ba-ac1f6b6435d0,23,23
f649aec6-bbb8-11e8-b2ba-ac1f6b6435d0,25 7,7
f6542f20-bba6-11e8-b2ba-ac1f6b6435d0,6 2,2 25
f6577b6e-bb9f-11e8-b2b9-ac1f6b6435d0,7,7
f658bf46-bbc3-11e8-b2bc-ac1f6b6435d0,6,6
f659b9b2-bba2-11e8-b2b9-ac1f6b6435d0,2,2
f65bfe6c-bbba-11e8-b2ba-ac1f6b6435d0,25 0,0 25
f65dedea-bba0-11e8-b2b9-ac1f6b6435d0,20 23 0,20
f65fd890-bb9a-11e8-b2b9-ac1f6b6435d0,14,14
f6605930-bba6-11e8-b2ba-ac1f6b6435d0,25,25
f6619b52-bbc3-11e8-b2bc-ac1f6b6435d0,4,4
f6625faa-bbb5-11e8-b2ba-ac1f6b6435d0,14,14
f6627258-bbae-11e8-b2ba-ac1f6b6435d0,25,25
f663fdb4-bba7-11e8-b2ba-ac1f6b6435d0,0,0 25
f6647c50-bba5-11e8-b2ba-ac1f6b6435d0,14 4,0 14
f66629e0-bbb6-11e8-b2ba-ac1f6b6435d0,23 4,4 23
f6667422-bba7-11e8-b2ba-ac1f6b6435d0,24,5
f667c53e-bbc0-11e8-b2bb-ac1f6b6435d0,25 0,25
f668f9ec-bbc8-11e8-b2bc-ac1f6b6435d0,11,11
f66eb58e-bbc9-11e8-b2bc-ac1f6b6435d0,14 2,2 14
f66fae2a-bbc0-11e8-b2bb-ac1f6b6435d0,2,2
f6737566-bbaa-11e8-b2ba-ac1f6b6435d0,3,3 25
f6767ce2-bbab-11e8-b2ba-ac1f6b6435d0,11,25
f678b356-bba9-11e8-b2ba-ac1f6b6435d0,5 2,2
f67cd814-bbb3-11e8-b2ba-ac1f6b6435d0,11,11
f67dd78e-bbbb-11e8-b2ba-ac1f6b6435d0,3,2 3
f67e7ce0-bbb4-11e8-b2ba-ac1f6b6435d0,23,23
f67f532a-bbbb-11e8-b2ba-ac1f6b6435d0,4,4 5 7
f6818aee-bb9a-11e8-b2b9-ac1f6b6435d0,19 0,23
f6823a8e-bba9-11e8-b2ba-ac1f6b6435d0,3 0,1 4
f684a63e-bb9f-11e8-b2b9-ac1f6b6435d0,25,7
f68566b8-bbb4-11e8-b2ba-ac1f6b6435d0,25 7,7
f68654c2-bbb6-11e8-b2ba-ac1f6b6435d0,2 0,0 2
f689729a-bba4-11e8-b2ba-ac1f6b6435d0,19 0,0 19
f68c7988-bba2-11e8-b2b9-ac1f6b6435d0,7,7
f69226f2-bbbc-11e8-b2ba-ac1f6b6435d0,25 4 21,0 21 25
f698c89e-bbae-11e8-b2ba-ac1f6b6435d0,23,23
f69bdc72-bba0-11e8-b2b9-ac1f6b6435d0,22,22
f69ca1ee-bbc7-11e8-b2bc-ac1f6b6435d0,25,23 25
f6a55962-bbb1-11e8-b2ba-ac1f6b6435d0,5,5
f6a8e7dc-bbc3-11e8-b2bc-ac1f6b6435d0,23,23
f6a96e14-bbc8-11e8-b2bc-ac1f6b6435d0,23,7
f6a9ebcc-bbb5-11e8-b2ba-ac1f6b6435d0,14,14
f6ad00c6-bbc1-11e8-b2bb-ac1f6b6435d0,18 0 21,0 21
f6ad2d6c-bba3-11e8-b2b9-ac1f6b6435d0,21,21 25
f6b064be-bbc6-11e8-b2bc-ac1f6b6435d0,19 16 0,0 16
f6b23780-bbbc-11e8-b2ba-ac1f6b6435d0,25 23 0,0 23 25
f6b419fc-bbb6-11e8-b2ba-ac1f6b6435d0,0,0 25
f6b61b26-bbb6-11e8-b2ba-ac1f6b6435d0,25,12 21
f6b8b06a-bb99-11e8-b2b9-ac1f6b6435d0,7 2 0,0 2 7
f6ba9fc6-bbb5-11e8-b2ba-ac1f6b6435d0,5 0,0 5
f6bcf188-bbb3-11e8-b2ba-ac1f6b6435d0,19,19
f6bed276-bbb0-11e8-b2ba-ac1f6b6435d0,2 0,0 2
f6c05dc4-bbc1-11e8-b2bb-ac1f6b6435d0,0 21,0 21
f6c27c72-bbc5-11e8-b2bc-ac1f6b6435d0,4,0 2
f6c54a82-bb9e-11e8-b2b9-ac1f6b6435d0,11,11
f6c65dda-bbbe-11e8-b2ba-ac1f6b6435d0,19,5
f6c67a4e-bbbf-11e8-b2bb-ac1f6b6435d0,1,0 1
f6c79764-bba4-11e8-b2ba-ac1f6b6435d0,19 7 16,7 16
f6cad70a-bba7-11e8-b2ba-ac1f6b6435d0,0 21,12 21
f6cd5eda-bba2-11e8-b2b9-ac1f6b6435d0,1 0,0 1
f6cefc98-bbae-11e8-b2ba-ac1f6b6435d0,21,21 25
f6d23664-bbb9-11e8-b2ba-ac1f6b6435d0,22 19,19 22
f6d88fc4-bbc2-11e8-b2bc-ac1f6b6435d0,18 0,0 18
f6d8fab8-bba4-11e8-b2ba-ac1f6b6435d0,18,18 24
f6dc9104-bbb9-11e8-b2ba-ac1f6b6435d0,23,23
f6dc9f94-bba7-11e8-b2ba-ac1f6b6435d0,2 0,0 2
f6defda6-bbb7-11e8-b2ba-ac1f6b6435d0,4,4 5
f6e17e3e-bba6-11e8-b2ba-ac1f6b6435d0,7,7
f6e1ba12-bb9b-11e8-b2b9-ac1f6b6435d0,25 0,0 21 25
f6e40380-bbaf-11e8-b2ba-ac1f6b6435d0,6,25
f6e49216-bbb7-11e8-b2ba-ac1f6b6435d0,25 21,21 25
f6e5d632-bba1-11e8-b2b9-ac1f6b6435d0,25 0,0
f6e7b42a-bbb0-11e8-b2ba-ac1f6b6435d0,0,0
f6e7f58e-bba6-11e8-b2ba-ac1f6b6435d0,0,0 25
f6e90044-bbc1-11e8-b2bb-ac1f6b6435d0,3 0,0 3 25
f6ec82aa-bba3-11e8-b2b9-ac1f6b6435d0,4,4
f6edbcc2-bbc8-11e8-b2bc-ac1f6b6435d0,25,25
f6ee8848-bbad-11e8-b2ba-ac1f6b6435d0,18,18
f6f2068a-bba3-11e8-b2b9-ac1f6b6435d0,4,4
f6f5ea16-bbc6-11e8-b2bc-ac1f6b6435d0,25 0,0 25
f6f91212-bbbd-11e8-b2ba-ac1f6b6435d0,25 5 0,0 25
f6ff8720-bbb6-11e8-b2ba-ac1f6b6435d0,0 21,0 21
f7014dbe-bbbe-11e8-b2ba-ac1f6b6435d0,0 21,0 21
f7018418-bbba-11e8-b2ba-ac1f6b6435d0,7,7
f702cb66-bbc4-11e8-b2bc-ac1f6b6435d0,25 7 5,7 21 25
f7035070-bbc1-11e8-b2bb-ac1f6b6435d0,25 0 21,0 21 25
f704cef8-bbaf-11e8-b2ba-ac1f6b6435d0,25 0,0 25
f7091a9e-bbb9-11e8-b2ba-ac1f6b6435d0,16 18 17 0,16 17 18
f70cc9c4-bbc7-11e8-b2bc-ac1f6b6435d0,25 21,21
f712bc1a-bbc4-11e8-b2bc-ac1f6b6435d0,25 1 0,0 1 25
f71598e6-bba0-11e8-b2b9-ac1f6b6435d0,5 21,5 21
f71758f4-bbb7-11e8-b2ba-ac1f6b6435d0,25 0,0 25
f7186b9c-bbbf-11e8-b2bb-ac1f6b6435d0,26 2 0,0 2 26
f71b0de4-bbaf-11e8-b2ba-ac1f6b6435d0,5 0,0
f71d948a-bba8-11e8-b2ba-ac1f6b6435d0,19 21,19 21
f71da978-bbb4-11e8-b2ba-ac1f6b6435d0,18,18
f71dc1c8-bb9c-11e8-b2b9-ac1f6b6435d0,25 0,0 25
f71fc0bc-bbc5-11e8-b2bc-ac1f6b6435d0,0,0
f7211944-bbbb-11e8-b2ba-ac1f6b6435d0,25,25
f721d41e-bb9e-11e8-b2b9-ac1f6b6435d0,13,13
f721dfa6-bbb5-11e8-b2ba-ac1f6b6435d0,23,23
f7262674-bba6-11e8-b2ba-ac1f6b6435d0,6,6
f72ccc0a-bbb9-11e8-b2ba-ac1f6b6435d0,25 1,1 21 25
f72cd504-bba7-11e8-b2ba-ac1f6b6435d0,21,21
f7314eb8-bbac-11e8-b2ba-ac1f6b6435d0,23 2,2 23
f733c348-bbb4-11e8-b2ba-ac1f6b6435d0,25 18 0,18 25
f734f00a-bbc9-11e8-b2bc-ac1f6b6435d0,6,25
f73a14e6-bbb9-11e8-b2ba-ac1f6b6435d0,0 21,0 21
f73b2412-bbb9-11e8-b2ba-ac1f6b6435d0,6,25
f73d58d8-bbbc-11e8-b2ba-ac1f6b6435d0,25,0 25
f73f32ac-bbc1-11e8-b2bb-ac1f6b6435d0,0,0
f74068a8-bbb6-11e8-b2ba-ac1f6b6435d0,3 0,0 2
f742cf72-bbbf-11e8-b2bb-ac1f6b6435d0,0 21,0 21
f7453652-bbb7-11e8-b2ba-ac1f6b6435d0,4,4
f7472996-bba6-11e8-b2ba-ac1f6b6435d0,0,0
f7493892-bb9e-11e8-b2b9-ac1f6b6435d0,2 0,0 2
f74a84bc-bbb3-11e8-b2ba-ac1f6b6435d0,11,11
f74ac2b0-bba4-11e8-b2ba-ac1f6b6435d0,25 21,21
f74fd986-bb9e-11e8-b2b9-ac1f6b6435d0,23 0,5 23
f75110d0-bbad-11e8-b2ba-ac1f6b6435d0,25 0,0 25
f7522346-bbc4-11e8-b2bc-ac1f6b6435d0,0,0
f75290a8-bbc2-11e8-b2bc-ac1f6b6435d0,22,22
f752d580-bbc8-11e8-b2bc-ac1f6b6435d0,3,3
f752ee78-bba8-11e8-b2ba-ac1f6b6435d0,1,1
f75479a0-bbc1-11e8-b2bb-ac1f6b6435d0,0,0
f7569b56-bbc9-11e8-b2bc-ac1f6b6435d0,5 3,5
f757fb52-bbc6-11e8-b2bc-ac1f6b6435d0,24 16 0,0 16 24
f75842e0-bbb9-11e8-b2ba-ac1f6b6435d0,2,2
f7596a70-bbab-11e8-b2ba-ac1f6b6435d0,25 7,23
f75eee58-bbb2-11e8-b2ba-ac1f6b6435d0,0,0
f7626c2e-bbba-11e8-b2ba-ac1f6b6435d0,6 0,0 23
f76399d2-bbc9-11e8-b2bc-ac1f6b6435d0,21,21
f764e9b8-bba6-11e8-b2ba-ac1f6b6435d0,2,2
f765a296-bbc3-11e8-b2bc-ac1f6b6435d0,21,21
f76740a2-bb9a-11e8-b2b9-ac1f6b6435d0,21,21
f767ce5a-bbbd-11e8-b2ba-ac1f6b6435d0,7 0,0 4 5
f7682b10-bbc8-11e8-b2bc-ac1f6b6435d0,0,0 3 4
f769c740-bb9b-11e8-b2b9-ac1f6b6435d0,2 0 21,21
f76aa07c-bbb2-11e8-b2ba-ac1f6b6435d0,25 23,25
f76aad68-bbb4-11e8-b2ba-ac1f6b6435d0,2,2
f76d906e-bbc8-11e8-b2bc-ac1f6b6435d0,25 7,7 9
f770f4d4-bbc8-11e8-b2bc-ac1f6b6435d0,0,0
f776df80-bb9f-11e8-b2b9-ac1f6b6435d0,25 0,0 21
f7775a1a-bbb2-11e8-b2ba-ac1f6b6435d0,25,25
f779377a-bbaf-11e8-b2ba-ac1f6b6435d0,2,2
f77ca6e6-bbbc-11e8-b2ba-ac1f6b6435d0,25 0,0 25
f781d8f8-bbb4-11e8-b2ba-ac1f6b6435d0,25 0,0
f78557aa-bbad-11e8-b2ba-ac1f6b6435d0,7 0,0 7
f7873be0-bba5-11e8-b2ba-ac1f6b6435d0,5,5
f78bf7c0-bb9b-11e8-b2b9-ac1f6b6435d0,25,25
f78cbf44-bbb3-11e8-b2ba-ac1f6b6435d0,1 2 0,0 1 2
f78f9a1a-bbbe-11e8-b2ba-ac1f6b6435d0,7 0,0 7
f79044c2-bb9d-11e8-b2b9-ac1f6b6435d0,23,0 23
f790af30-bba6-11e8-b2ba-ac1f6b6435d0,1 0,0 1
f7913530-bbb1-11e8-b2ba-ac1f6b6435d0,24,24
f7981d26-bbb3-11e8-b2ba-ac1f6b6435d0,4,4
f7996026-bbb5-11e8-b2ba-ac1f6b6435d0,25 21,21 25
f79a6a02-bba1-11e8-b2b9-ac1f6b6435d0,25,0 25
f79a7978-bbc1-11e8-b2bb-ac1f6b6435d0,25 0,25
f79f5c7e-bbba-11e8-b2ba-ac1f6b6435d0,5,5
f7a068ec-bbbc-11e8-b2ba-ac1f6b6435d0,23,0
f7a1ccce-bbb1-11e8-b2ba-ac1f6b6435d0,1 0,0 1 25
f7a2ca98-bba2-11e8-b2b9-ac1f6b6435d0,5 0,0
f7a33ea8-bbc8-11e8-b2bc-ac1f6b6435d0,2,2
f7a47d02-bbbb-11e8-b2ba-ac1f6b6435d0,3,3 25
f7a737ce-bbaf-11e8-b2ba-ac1f6b6435d0,19,19
f7a85ae2-bba4-11e8-b2ba-ac1f6b6435d0,0,0
f7ab71f0-bbc7-11e8-b2bc-ac1f6b6435d0,2,2
f7ad101c-bb9c-11e8-b2b9-ac1f6b6435d0,2,2
f7ada648-bba7-11e8-b2ba-ac1f6b6435d0,25 21,21 25
f7af21be-bb9b-11e8-b2b9-ac1f6b6435d0,23,23
f7afc760-bbbc-11e8-b2ba-ac1f6b6435d0,25 2 0,0 2 25
f7b12162-bbbe-11e8-b2ba-ac1f6b6435d0,25 21,0 25
f7ba9786-bbbb-11e8-b2ba-ac1f6b6435d0,25 5 0,5 25
f7bc75c0-bbab-11e8-b2ba-ac1f6b6435d0,3,3
f7be7386-bbae-11e8-b2ba-ac1f6b6435d0,7 4,4 7
f7bf73f0-bb9d-11e8-b2b9-ac1f6b6435d0,22 25,21 25
f7c06f1a-bbc2-11e8-b2bc-ac1f6b6435d0,25 0,0 25
f7c34182-bbb2-11e8-b2ba-ac1f6b6435d0,11 0,0 14
f7c4fab6-bb9b-11e8-b2b9-ac1f6b6435d0,18 0,0 18
f7cba4e8-bbae-11e8-b2ba-ac1f6b6435d0,23,23
f7cc128a-bb99-11e8-b2b9-ac1f6b6435d0,25 0,0 25
f7ccfc14-bbb6-11e8-b2ba-ac1f6b6435d0,19,18 19
f7ceb2b8-bbb9-11e8-b2ba-ac1f6b6435d0,1,0 1
f7d3f7b6-bbad-11e8-b2ba-ac1f6b6435d0,0,0
f7d59ab8-bbbb-11e8-b2ba-ac1f6b6435d0,0,0
f7d61c6e-bbbf-11e8-b2bb-ac1f6b6435d0,16,16
f7dd1356-bb9d-11e8-b2b9-ac1f6b6435d0,18 0 21,0 21
f7dd204a-bbb5-11e8-b2ba-ac1f6b6435d0,25,25
f7e03e82-bba2-11e8-b2b9-ac1f6b6435d0,25 5 21,5 25
f7e13070-bba8-11e8-b2ba-ac1f6b6435d0,5,5
f7e2bf64-bbba-11e8-b2ba-ac1f6b6435d0,12 7 0,0 7 25
f7ea5f80-bbbf-11e8-b2bb-ac1f6b6435d0,22 4 21,21
f7eb2b34-bbc1-11e8-b2bb-ac1f6b6435d0,2 0,0 2
f7ef130c-bba3-11e8-b2b9-ac1f6b6435d0,0 21,0 21
f7ef3f9a-bbb1-11e8-b2ba-ac1f6b6435d0,2,0
f7ef507e-bb9e-11e8-b2b9-ac1f6b6435d0,21,21
f7f1dcf6-bbba-11e8-b2ba-ac1f6b6435d0,0,0
f7f26288-bbb1-11e8-b2ba-ac1f6b6435d0,19 3 0,0
f7f47292-bbbd-11e8-b2ba-ac1f6b6435d0,11,11
f7fd100a-bb9a-11e8-b2b9-ac1f6b6435d0,0 21,0 22
f7fddea0-bbb7-11e8-b2ba-ac1f6b6435d0,12 21,12 21
f7fe3908-bb9f-11e8-b2b9-ac1f6b6435d0,23,2 23
f7ffc85c-bbb0-11e8-b2ba-ac1f6b6435d0,23,23
f803b252-bb9a-11e8-b2b9-ac1f6b6435d0,19 25 0,25
f803cff0-bba7-11e8-b2ba-ac1f6b6435d0,23 2 0,0 23
f805571c-bbb6-11e8-b2ba-ac1f6b6435d0,5 1,0 1 5
f80a101e-bb9c-11e8-b2b9-ac1f6b6435d0,25 0,0 21
f80b5238-bba8-11e8-b2ba-ac1f6b6435d0,7,7
f80e5522-bbc2-11e8-b2bc-ac1f6b6435d0,0,0
f80ffacc-bbc6-11e8-b2bc-ac1f6b6435d0,5 0,0 5
f812a728-bbc5-11e8-b2bc-ac1f6b6435d0,1 2,1 2
f818a6c2-bba3-11e8-b2b9-ac1f6b6435d0,23,7
f8191c3c-bb9a-11e8-b2b9-ac1f6b6435d0,0,0
f819e5e2-bba7-11e8-b2ba-ac1f6b6435d0,23,23
f81ae7fe-bbba-11e8-b2ba-ac1f6b6435d0,0,0 21
f820ab90-bbaf-11e8-b2ba-ac1f6b6435d0,14 0,0 14
f825b58a-bbab-11e8-b2ba-ac1f6b6435d0,5,5
f82803c0-bbc5-11e8-b2bc-ac1f6b6435d0,23,0 23
f8285bc2-bbc5-11e8-b2bc-ac1f6b6435d0,0,0
f828effa-bbb7-11e8-b2ba-ac1f6b6435d0,6 0,25
f82af182-bbc2-11e8-b2bc-ac1f6b6435d0,13 21,13 21 22
f82d1bac-bbc6-11e8-b2bc-ac1f6b6435d0,5,4
f82dda70-bba7-11e8-b2ba-ac1f6b6435d0,18 0,0 19
f82e8ed4-bb9d-11e8-b2b9-ac1f6b6435d0,14,14
f82ebd98-bbc3-11e8-b2bc-ac1f6b6435d0,25 5,3 5 25
f835706c-bbc7-11e8-b2bc-ac1f6b6435d0,25,7 25
f837c010-bba4-11e8-b2ba-ac1f6b6435d0,25 5 0,0 19
f8384ba4-bba2-11e8-b2b9-ac1f6b6435d0,2 0,0 2
f838972e-bba4-11e8-b2ba-ac1f6b6435d0,19,26
f83ab800-bba5-11e8-b2ba-ac1f6b6435d0,18 17,17 18
f83b7a92-bbb9-11e8-b2ba-ac1f6b6435d0,5 0,0 5
f83bb8a6-bbc6-11e8-b2bc-ac1f6b6435d0,21,13
f83c2d66-bb9b-11e8-b2b9-ac1f6b6435d0,2 0,0 2
f83d487c-bbaa-11e8-b2ba-ac1f6b6435d0,14,14
f84139be-bb9b-11e8-b2b9-ac1f6b6435d0,23,23
f845489e-bbb7-11e8-b2ba-ac1f6b6435d0,19 0,0 19
f84778c2-bbac-11e8-b2ba-ac1f6b6435d0,25 5,5
f847bfa8-bbc0-11e8-b2bb-ac1f6b6435d0,23 0,0 23
f848cdd0-bbac-11e8-b2ba-ac1f6b6435d0,25 0,0 21 25
f84a6350-bba9-11e8-b2ba-ac1f6b6435d0,25 5,19
f84ba026-bbb8-11e8-b2ba-ac1f6b6435d0,25 21,18 21 25
f84be312-bbac-11e8-b2ba-ac1f6b6435d0,25 0,0 25
f84d1646-bbbc-11e8-b2ba-ac1f6b6435d0,2 0,0 2
f850bd86-bb9a-11e8-b2b9-ac1f6b6435d0,11 0,0 11
f85522e4-bba5-11e8-b2ba-ac1f6b6435d0,12 13,13
f8555cca-bbbc-11e8-b2ba-ac1f6b6435d0,5,5 25
f855e0f2-bba1-11e8-b2b9-ac1f6b6435d0,7 16 0,7
f8560264-bbc2-11e8-b2bc-ac1f6b6435d0,25 0,0 25
f856a15a-bbbe-11e8-b2ba-ac1f6b6435d0,2 0,0 2
f8580774-bbbf-11e8-b2bb-ac1f6b6435d0,25 11 2,2 25
f859385c-bbb9-11e8-b2ba-ac1f6b6435d0,26,19 26
f85a0328-bbae-11e8-b2ba-ac1f6b6435d0,2,2
f85ccc64-bbb5-11e8-b2ba-ac1f6b6435d0,19,19
f85ea29a-bbb6-11e8-b2ba-ac1f6b6435d0,7,7
f8621d98-bbc6-11e8-b2bc-ac1f6b6435d0,0 21,0
f8672cc4-bbbd-11e8-b2ba-ac1f6b6435d0,7 2,2 7
f867c366-bbbb-11e8-b2ba-ac1f6b6435d0,3 0,2 3
f86b5824-bbab-11e8-b2ba-ac1f6b6435d0,25 0 21,0 21 25
f86dbe42-bbb1-11e8-b2ba-ac1f6b6435d0,25 0,0 3
f86e1b26-bbb6-11e8-b2ba-ac1f6b6435d0,25,25
f870ef7a-bba9-11e8-b2ba-ac1f6b6435d0,25 23,0 23 25
f871cf4e-bba4-11e8-b2ba-ac1f6b6435d0,3 0,0 2 22
f8749f0e-bba3-11e8-b2b9-ac1f6b6435d0,0 21,0 21 25
f877d230-bbc8-11e8-b2bc-ac1f6b6435d0,3,3
f878cec6-bbb2-11e8-b2ba-ac1f6b6435d0,25 5,0 2 25
f87b4438-bbc3-11e8-b2bc-ac1f6b6435d0,23 0,0 23
f87c7a92-bbc8-11e8-b2bc-ac1f6b6435d0,18 0,0
f87d8378-bbc9-11e8-b2bc-ac1f6b6435d0,21,19
f87dcdf2-bb9b-11e8-b2b9-ac1f6b6435d0,16 2,2 16
f8820d46-bbb3-11e8-b2ba-ac1f6b6435d0,16 0,17
f882855a-bba9-11e8-b2ba-ac1f6b6435d0,2 0,0 2
f884d3d2-bbb3-11e8-b2ba-ac1f6b6435d0,25 0,3 25
f88504a0-bbc8-11e8-b2bc-ac1f6b6435d0,14,14
f8868aae-bba6-11e8-b2ba-ac1f6b6435d0,25,18 25
f887c126-bbc4-11e8-b2bc-ac1f6b6435d0,14,11
f88ce9de-bbbb-11e8-b2ba-ac1f6b6435d0,2 0,0 13
f88d7476-bbc0-11e8-b2bb-ac1f6b6435d0,25 7 0,0 7
f88de6fe-bbb1-11e8-b2ba-ac1f6b6435d0,2 0 21,0 2
f88e3a1a-bbab-11e8-b2ba-ac1f6b6435d0,14,14
f896cfce-bbb8-11e8-b2ba-ac1f6b6435d0,0 21,0 21
f8975e2c-bb9e-11e8-b2b9-ac1f6b6435d0,19,0 19
f89ae610-bbbb-11e8-b2ba-ac1f6b6435d0,25 0,25
f89b05e0-bba8-11e8-b2ba-ac1f6b6435d0,2,2
f89c6b5e-bba0-11e8-b2b9-ac1f6b6435d0,5 0,0 5
f89de854-bba4-11e8-b2ba-ac1f6b6435d0,25 2,0 2
f8a1d2d0-bb99-11e8-b2b9-ac1f6b6435d0,3 0,0 3
f8a24348-bbb0-11e8-b2ba-ac1f6b6435d0,25 6,6
f8a2898c-bb9e-11e8-b2b9-ac1f6b6435d0,25 14,14 16 17
f8a6f424-bba6-11e8-b2ba-ac1f6b6435d0,5,16
f8a71d32-bbb5-11e8-b2ba-ac1f6b6435d0,25,25
f8a8abb2-bba5-11e8-b2ba-ac1f6b6435d0,25 0 21,0 25
f8a8fe7a-bbb2-11e8-b2ba-ac1f6b6435d0,25,14
f8ad58ba-bbbe-11e8-b2ba-ac1f6b6435d0,21,21
f8aea62e-bbb5-11e8-b2ba-ac1f6b6435d0,2,2
f8b0a50a-bbc9-11e8-b2bc-ac1f6b6435d0,0 21,0 25
f8b46f38-bba5-11e8-b2ba-ac1f6b6435d0,3 0,0 3
f8b7c0da-bbc7-11e8-b2bc-ac1f6b6435d0,18,19
f8b9ca4c-bbb8-11e8-b2ba-ac1f6b6435d0,7,23
f8bec248-bbc9-11e8-b2bc-ac1f6b6435d0,5 0,5
f8bedad6-bbb4-11e8-b2ba-ac1f6b6435d0,7 14,7 14
f8c0343e-bbc9-11e8-b2bc-ac1f6b6435d0,25 0,0 16 25
f8c55092-bb9a-11e8-b2b9-ac1f6b6435d0,0,25
f8c73716-bbba-11e8-b2ba-ac1f6b6435d0,7 21,21
f8c8310e-bba9-11e8-b2ba-ac1f6b6435d0,22 0,22
f8ce7798-bbb9-11e8-b2ba-ac1f6b6435d0,5 0,0
f8cf7df0-bbb9-11e8-b2ba-ac1f6b6435d0,0 21,0 21
f8d46968-bb9c-11e8-b2b9-ac1f6b6435d0,19 0,0 19
f8d507c0-bbbe-11e8-b2ba-ac1f6b6435d0,23,23
f8d5c440-bb9f-11e8-b2b9-ac1f6b6435d0,4,4
f8d60850-bbbe-11e8-b2ba-ac1f6b6435d0,23,6 23
f8d865cc-bba6-11e8-b2ba-ac1f6b6435d0,25 21,2 21 25
f8d9ce58-bbc4-11e8-b2bc-ac1f6b6435d0,25,25
f8da2628-bbab-11e8-b2ba-ac1f6b6435d0,19 0,0 19
f8dfdae4-bb99-11e8-b2b9-ac1f6b6435d0,26 25,21
f8e3cfcc-bb9a-11e8-b2b9-ac1f6b6435d0,25,25
f8e79568-bbbc-11e8-b2ba-ac1f6b6435d0,25 0 21,0
f8ec26d4-bbb0-11e8-b2ba-ac1f6b6435d0,25 0 21,25
f8ee7232-bbc3-11e8-b2bc-ac1f6b6435d0,6,6
f8efa550-bbb7-11e8-b2ba-ac1f6b6435d0,12 0 21,0 12
f8f599ca-bbbb-11e8-b2ba-ac1f6b6435d0,25 0,0 5 25
f8fbf954-bba3-11e8-b2b9-ac1f6b6435d0,0,0
f8fc69be-bbb9-11e8-b2ba-ac1f6b6435d0,0,0
f8fcf55a-bbc3-11e8-b2bc-ac1f6b6435d0,18 0,0 18
f9017788-bbbe-11e8-b2ba-ac1f6b6435d0,23 5,5 23
f902d052-bb9f-11e8-b2b9-ac1f6b6435d0,1 0,0 1
f9062e70-bbc5-11e8-b2bc-ac1f6b6435d0,14,14
f908d40c-bbbd-11e8-b2ba-ac1f6b6435d0,25,25
f908d9f6-bbb4-11e8-b2ba-ac1f6b6435d0,5,5
f90bbe86-bb9c-11e8-b2b9-ac1f6b6435d0,0 21,0 25
f90c68c2-bbba-11e8-b2ba-ac1f6b6435d0,26,26
f90e7424-bbaa-11e8-b2ba-ac1f6b6435d0,12 25 0 21,0 21
f910a830-bbb8-11e8-b2ba-ac1f6b6435d0,4,4
f9133c9a-bb99-11e8-b2b9-ac1f6b6435d0,25 7 2 0,0 7
f913acee-bba7-11e8-b2ba-ac1f6b6435d0,5 21,18 21
f914666a-bbc6-11e8-b2bc-ac1f6b6435d0,2 0,0 2
f915fcba-bbb6-11e8-b2ba-ac1f6b6435d0,2 0,0 2
f9169c6e-bba3-11e8-b2b9-ac1f6b6435d0,23 0,0 2 23
f91a6dec-bbaf-11e8-b2ba-ac1f6b6435d0,25,6
f91e73b0-bbaa-11e8-b2ba-ac1f6b6435d0,0 21,0 21
f91f3d68-bbaa-11e8-b2ba-ac1f6b6435d0,0,0
f9215b40-bb9e-11e8-b2b9-ac1f6b6435d0,4,4
f9237882-bbc4-11e8-b2bc-ac1f6b6435d0,3 0,0 3
f923ea0e-bba3-11e8-b2b9-ac1f6b6435d0,19,18
f92453d2-bba7-11e8-b2ba-ac1f6b6435d0,23,23
f925bb66-bbc3-11e8-b2bc-ac1f6b6435d0,16 2 0,0 2
f925ec74-bbac-11e8-b2ba-ac1f6b6435d0,2 0,0 2
f92afe32-bbbe-11e8-b2ba-ac1f6b6435d0,6,6
f92bb68a-bb9e-11e8-b2b9-ac1f6b6435d0,1,1
f92bda64-bbaa-11e8-b2ba-ac1f6b6435d0,2,2
f933b922-bba1-11e8-b2b9-ac1f6b6435d0,6 0,0 25
f9394786-bbbd-11e8-b2ba-ac1f6b6435d0,0 21,0 21
f93e8932-bba2-11e8-b2b9-ac1f6b6435d0,21,6
f93f0fa0-bb99-11e8-b2b9-ac1f6b6435d0,4,4
f93f20fc-bba9-11e8-b2ba-ac1f6b6435d0,24 16,24
f94014f8-bb9a-11e8-b2b9-ac1f6b6435d0,7 5,5
f941136c-bb9f-11e8-b2b9-ac1f6b6435d0,25 21,21 25
f94402a2-bbbd-11e8-b2ba-ac1f6b6435d0,25 11 3,11
f9442d1c-bba0-11e8-b2b9-ac1f6b6435d0,0,0
f947c08a-bba5-11e8-b2ba-ac1f6b6435d0,25 7,7 25
f94a5228-bbbe-11e8-b2ba-ac1f6b6435d0,7,7
f94eaad2-bbbc-11e8-b2ba-ac1f6b6435d0,19 0,19
f957d6e6-bbaa-11e8-b2ba-ac1f6b6435d0,0,0
f95980c2-bbb4-11e8-b2ba-ac1f6b6435d0,19,19
f95a0c4a-bb9b-11e8-b2b9-ac1f6b6435d0,18,0 18 25
f95aa642-bbb8-11e8-b2ba-ac1f6b6435d0,11,11
f95b6d80-bbc1-11e8-b2bb-ac1f6b6435d0,22 25,21
f95ee9b4-bbae-11e8-b2ba-ac1f6b6435d0,2 0,0 2
f964b18e-bbac-11e8-b2ba-ac1f6b6435d0,22,18
f9655108-bbab-11e8-b2ba-ac1f6b6435d0,21,21 25
f969fbbc-bbb1-11e8-b2ba-ac1f6b6435d0,5,5
f96b61d8-bba6-11e8-b2ba-ac1f6b6435d0,7 0,0 7
f9715c96-bbc4-11e8-b2bc-ac1f6b6435d0,19 7,19
f9771e2c-bb99-11e8-b2b9-ac1f6b6435d0,23,23
f97b2424-bba1-11e8-b2b9-ac1f6b6435d0,25 5,4 25
f97c7a30-bbac-11e8-b2ba-ac1f6b6435d0,7 0,7
f97df092-bbc8-11e8-b2bc-ac1f6b6435d0,0,0 7
f980a094-bba0-11e8-b2b9-ac1f6b6435d0,23 0,0 7 23
f980c216-bb9d-11e8-b2b9-ac1f6b6435d0,6 7,7
f9818632-bbad-11e8-b2ba-ac1f6b6435d0,5 0,5
f987029a-bbaf-11e8-b2ba-ac1f6b6435d0,4,4
f9897964-bb9e-11e8-b2b9-ac1f6b6435d0,7,7
f98d301c-bbb8-11e8-b2ba-ac1f6b6435d0,25 0,0 25
f98f7d8c-bba3-11e8-b2b9-ac1f6b6435d0,24 23,23 24
f993f9c2-bbab-11e8-b2ba-ac1f6b6435d0,5 0,0 5
f9946a30-bbb8-11e8-b2ba-ac1f6b6435d0,23 0,23
f99b2e04-bba1-11e8-b2b9-ac1f6b6435d0,5,5
f99d5b52-bbbf-11e8-b2bb-ac1f6b6435d0,2 0,0 2
f99e88ec-bbb5-11e8-b2ba-ac1f6b6435d0,7 1,7
f99fffde-bba0-11e8-b2b9-ac1f6b6435d0,25 21,25
f9a07e1c-bbb1-11e8-b2ba-ac1f6b6435d0,22 0,0 5 21 22
f9a31636-bba7-11e8-b2ba-ac1f6b6435d0,23,23
f9a34f4a-bbb4-11e8-b2ba-ac1f6b6435d0,18 0 21,0 18 21 25
f9a5edd2-bbc7-11e8-b2bc-ac1f6b6435d0,23,23
f9a610b2-bbc4-11e8-b2bc-ac1f6b6435d0,19 25 17 0,0 19 25
f9a64202-bbb6-11e8-b2ba-ac1f6b6435d0,25 0,0
f9a71b5e-bbc6-11e8-b2bc-ac1f6b6435d0,22,0 22
f9a76a34-bbb0-11e8-b2ba-ac1f6b6435d0,12,12
f9ac1de4-bbac-11e8-b2ba-ac1f6b6435d0,25 3 0,0 3 25
f9acf21a-bbab-11e8-b2ba-ac1f6b6435d0,0,0
f9ad5006-bbac-11e8-b2ba-ac1f6b6435d0,21,0 21
f9adfe72-bbc3-11e8-b2bc-ac1f6b6435d0,23,0
f9b539ea-bbc2-11e8-b2bc-ac1f6b6435d0,24 5,24
f9b62a86-bb9e-11e8-b2b9-ac1f6b6435d0,19 0,0 19
f9bd0d8c-bb9f-11e8-b2b9-ac1f6b6435d0,21,21
f9c37b78-bbbc-11e8-b2ba-ac1f6b6435d0,25 18 0,3 25
f9c487e6-bbc8-11e8-b2bc-ac1f6b6435d0,7,0 7
f9c5da1e-bbb5-11e8-b2ba-ac1f6b6435d0,16 25 0,0 16
f9c63e66-bbc7-11e8-b2bc-ac1f6b6435d0,0,0 2
f9c647e2-bbbf-11e8-b2bb-ac1f6b6435d0,25,21
f9c6ac04-bbc5-11e8-b2bc-ac1f6b6435d0,3 0,3
f9c6daf2-bbb2-11e8-b2ba-ac1f6b6435d0,25 0,6 25
f9c75976-bbbe-11e8-b2ba-ac1f6b6435d0,2 0,0 3
f9ca6430-bb9c-11e8-b2b9-ac1f6b6435d0,25 7 4,0 7 25
f9d40b9e-bbc8-11e8-b2bc-ac1f6b6435d0,25 5 21,21 25
f9d4cf28-bbc0-11e8-b2bb-ac1f6b6435d0,7 0,0 7
f9d7ccbc-bbc7-11e8-b2bc-ac1f6b6435d0,25 3,3
f9d8df68-bbb7-11e8-b2ba-ac1f6b6435d0,23,23
f9da9a00-bba4-11e8-b2ba-ac1f6b6435d0,25 2 0,0 2 25
f9dacf28-bbc9-11e8-b2bc-ac1f6b6435d0,25 0 21,25
f9e0d4ba-bbc2-11e8-b2bc-ac1f6b6435d0,12 25 2,2
f9e1fd08-bba5-11e8-b2ba-ac1f6b6435d0,25 5,5 25
f9e412e2-bba9-11e8-b2ba-ac1f6b6435d0,25 13,13 25
f9e69860-bbb2-11e8-b2ba-ac1f6b6435d0,3 0,3
f9e8272a-bbc6-11e8-b2bc-ac1f6b6435d0,3 0,0 3
f9ea2268-bbc7-11e8-b2bc-ac1f6b6435d0,7 0,0 7
f9eed764-bbbc-11e8-b2ba-ac1f6b6435d0,25 21,21 25
f9f0d1ae-bbb7-11e8-b2ba-ac1f6b6435d0,25 21,0 21
f9f296a2-bb9d-11e8-b2b9-ac1f6b6435d0,7 21,7 21
f9f2a74e-bb9f-11e8-b2b9-ac1f6b6435d0,0 21,0 21
f9f2bac2-bbc7-11e8-b2bc-ac1f6b6435d0,18,19
f9f693da-bb9b-11e8-b2b9-ac1f6b6435d0,25,25
f9fced36-bbb2-11e8-b2ba-ac1f6b6435d0,25,25
f9fe6d44-bbc3-11e8-b2bc-ac1f6b6435d0,25 0,25
f9ffe5be-bba2-11e8-b2b9-ac1f6b6435d0,12 0,12
fa012944-bbbe-11e8-b2ba-ac1f6b6435d0,19 3 0,0 19
fa030c4a-bbbf-11e8-b2bb-ac1f6b6435d0,3,0
fa08a68a-bba8-11e8-b2ba-ac1f6b6435d0,23 0,0 23
fa08c0ee-bba2-11e8-b2b9-ac1f6b6435d0,25 5 0,5 25
fa11e9ac-bbad-11e8-b2ba-ac1f6b6435d0,22,22
fa131046-bba0-11e8-b2b9-ac1f6b6435d0,0 21,0
fa14a8ec-bbb0-11e8-b2ba-ac1f6b6435d0,25 0,0 25
fa15cc3c-bbb9-11e8-b2ba-ac1f6b6435d0,0,0
fa1c0d68-bbaa-11e8-b2ba-ac1f6b6435d0,21,21
fa26988a-bbbb-11e8-b2ba-ac1f6b6435d0,0,0 5
fa276008-bbb1-11e8-b2ba-ac1f6b6435d0,2 21,3
fa27a992-bbba-11e8-b2ba-ac1f6b6435d0,5,5
fa2e2cc2-bb9c-11e8-b2b9-ac1f6b6435d0,25 3,3 14
fa2eed80-bbb8-11e8-b2ba-ac1f6b6435d0,21,7 21
fa308414-bbc3-11e8-b2bc-ac1f6b6435d0,25 21,21 25
fa30e834-bba8-11e8-b2ba-ac1f6b6435d0,22 21,21
fa32b0fe-bbaa-11e8-b2ba-ac1f6b6435d0,24 2 0,0 2 24
fa3402e2-bbb9-11e8-b2ba-ac1f6b6435d0,5 0,0 26
fa39ca56-bba5-11e8-b2ba-ac1f6b6435d0,0,0
fa3b156c-bbbb-11e8-b2ba-ac1f6b6435d0,21,25
fa3ece2a-bba0-11e8-b2b9-ac1f6b6435d0,21,21 23
fa40d97c-bbaf-11e8-b2ba-ac1f6b6435d0,1 0,0 1
fa41124e-bba4-11e8-b2ba-ac1f6b6435d0,12,21
fa42510a-bbc6-11e8-b2bc-ac1f6b6435d0,25 0,0 25
fa446174-bbc7-11e8-b2bc-ac1f6b6435d0,25,25
fa47253c-bba2-11e8-b2b9-ac1f6b6435d0,2 0,0 2
fa48c870-bbb5-11e8-b2ba-ac1f6b6435d0,25 7 1 0,0 1 25
fa4a933a-bbba-11e8-b2ba-ac1f6b6435d0,22 5,5
fa4ab0d4-bb99-11e8-b2b9-ac1f6b6435d0,25 21,21 25
fa5094a0-bb9d-11e8-b2b9-ac1f6b6435d0,4,4
fa511d10-bbc7-11e8-b2bc-ac1f6b6435d0,5,5
fa5403cc-bbb3-11e8-b2ba-ac1f6b6435d0,5,0 5
fa56d06a-bbaf-11e8-b2ba-ac1f6b6435d0,23,23
fa5ab1c8-bbbc-11e8-b2ba-ac1f6b6435d0,8,8 9 20
fa5bb092-bbb1-11e8-b2ba-ac1f6b6435d0,7,7
fa5c432c-bbc5-11e8-b2bc-ac1f6b6435d0,25,25
fa5cad78-bba5-11e8-b2ba-ac1f6b6435d0,25 0,0 25
fa5d158e-bb9f-11e8-b2b9-ac1f6b6435d0,25 7 0,23
fa6771f8-bbba-11e8-b2ba-ac1f6b6435d0,23,23
fa684894-bbbf-11e8-b2bb-ac1f6b6435d0,11,11
fa68d7aa-bba1-11e8-b2b9-ac1f6b6435d0,7,24 25
fa69d828-bbc2-11e8-b2bc-ac1f6b6435d0,18,18 25
fa6c3740-bba8-11e8-b2ba-ac1f6b6435d0,0,0
fa6cdb92-bbb1-11e8-b2ba-ac1f6b6435d0,25,25
fa6ea0a8-bbc5-11e8-b2bc-ac1f6b6435d0,25,0 25
fa6eb4f2-bba3-11e8-b2b9-ac1f6b6435d0,22 3,0 3 22
fa7057ea-bba7-11e8-b2ba-ac1f6b6435d0,2 0,0 25
fa71d836-bb9d-11e8-b2b9-ac1f6b6435d0,25 5,5 25
fa726372-bbb2-11e8-b2ba-ac1f6b6435d0,25 14,14
fa72b590-bbc4-11e8-b2bc-ac1f6b6435d0,26 25,25 26
fa7302de-bbb0-11e8-b2ba-ac1f6b6435d0,25 0,0 25
fa750eac-bba7-11e8-b2ba-ac1f6b6435d0,25 7,7 25
fa77426e-bbbe-11e8-b2ba-ac1f6b6435d0,25,13
fa77c856-bbaf-11e8-b2ba-ac1f6b6435d0,1,5 25
fa78198c-bbc3-11e8-b2bc-ac1f6b6435d0,22 2 0,0
fa7aab6a-bbba-11e8-b2ba-ac1f6b6435d0,25 21,21
fa7aafaa-bbad-11e8-b2ba-ac1f6b6435d0,4,4
fa7c93b8-bba0-11e8-b2b9-ac1f6b6435d0,19,0 19
fa7e504a-bbc8-11e8-b2bc-ac1f6b6435d0,18 2 0 21,0 21
fa7ef244-bba9-11e8-b2ba-ac1f6b6435d0,21,21
fa7f0e28-bbc2-11e8-b2bc-ac1f6b6435d0,2 0,2
fa7f3aee-bbb6-11e8-b2ba-ac1f6b6435d0,25 7 0,0 7
fa7f62ce-bbb3-11e8-b2ba-ac1f6b6435d0,0 21,0 21
fa80e530-bbbe-11e8-b2ba-ac1f6b6435d0,25 4,21
fa811374-bbb0-11e8-b2ba-ac1f6b6435d0,21,21
fa81dac0-bbc4-11e8-b2bc-ac1f6b6435d0,19 23 0,0 23
fa81dccc-bba7-11e8-b2ba-ac1f6b6435d0,11 0,11
fa844a00-bb9f-11e8-b2b9-ac1f6b6435d0,2 0,0 2
fa869452-bbb5-11e8-b2ba-ac1f6b6435d0,1,0 1
fa889416-bbc7-11e8-b2bc-ac1f6b6435d0,21,21
fa899bd0-bbb9-11e8-b2ba-ac1f6b6435d0,4 0,0 5
fa8b0e78-bbb1-11e8-b2ba-ac1f6b6435d0,1 0,0 1
fa8be8c8-bba4-11e8-b2ba-ac1f6b6435d0,6,6 11
fa8beaf2-bbc8-11e8-b2bc-ac1f6b6435d0,0,0
fa8d8c34-bbac-11e8-b2ba-ac1f6b6435d0,25 0,0 25
fa95b03c-bbaa-11e8-b2ba-ac1f6b6435d0,0,0 7 25
fa9686ae-bbc0-11e8-b2bb-ac1f6b6435d0,22 25 0,0 25
faa972a2-bba5-11e8-b2ba-ac1f6b6435d0,2,3
faaaeb42-bb9a-11e8-b2b9-ac1f6b6435d0,21,25
faabf7dc-bbbb-11e8-b2ba-ac1f6b6435d0,23 0,0 23
faad1472-bb99-11e8-b2b9-ac1f6b6435d0,7,7
faaeca66-bbc0-11e8-b2bb-ac1f6b6435d0,0,0
fab24406-bbbc-11e8-b2ba-ac1f6b6435d0,7,7 25
fab9f4d0-bb9e-11e8-b2b9-ac1f6b6435d0,25,25
fabca6be-bba6-11e8-b2ba-ac1f6b6435d0,25 7 0 21,0 7 25
fabd1bae-bbc8-11e8-b2bc-ac1f6b6435d0,22,21 22
fabdaf2c-bba7-11e8-b2ba-ac1f6b6435d0,25 2,2 25
fac181a0-bbb2-11e8-b2ba-ac1f6b6435d0,18,18 24
fac37b50-bbc5-11e8-b2bc-ac1f6b6435d0,0,0 22
fac913b0-bbc2-11e8-b2bc-ac1f6b6435d0,0,0
fac9a3da-bbb7-11e8-b2ba-ac1f6b6435d0,22 21,21
fac9ccee-bba2-11e8-b2b9-ac1f6b6435d0,25,25
face1b5c-bbc8-11e8-b2bc-ac1f6b6435d0,7 0,0 7
fad1868a-bbc2-11e8-b2bc-ac1f6b6435d0,4,4 25
fad37608-bbad-11e8-b2ba-ac1f6b6435d0,12,12
fadaf4b2-bbaf-11e8-b2ba-ac1f6b6435d0,25 2 0,0 2
fadc3324-bbb2-11e8-b2ba-ac1f6b6435d0,18 17 21,16 17 18
fadce44c-bba6-11e8-b2ba-ac1f6b6435d0,25 0,0 25
fae2617a-bbaa-11e8-b2ba-ac1f6b6435d0,25 4 21,4 21
fae5ad24-bba7-11e8-b2ba-ac1f6b6435d0,14,14
fae5f414-bbb6-11e8-b2ba-ac1f6b6435d0,21,21
fae6b298-bbb9-11e8-b2ba-ac1f6b6435d0,0,1
fae9d35c-bbb3-11e8-b2ba-ac1f6b6435d0,25 3,3 25
faedf6d4-bba5-11e8-b2ba-ac1f6b6435d0,25 0,0 25
faee983c-bba5-11e8-b2ba-ac1f6b6435d0,3 0,0 3
faef5d64-bbb2-11e8-b2ba-ac1f6b6435d0,16,25
faf348ca-bbb7-11e8-b2ba-ac1f6b6435d0,25 0 21,0 21 25
faf42e9c-bbbd-11e8-b2ba-ac1f6b6435d0,16 14,0 14 16
faf53202-bb99-11e8-b2b9-ac1f6b6435d0,2 0,2
faf5a1d2-bbbd-11e8-b2ba-ac1f6b6435d0,7,7
faf6a964-bbb4-11e8-b2ba-ac1f6b6435d0,26,0 25
faf6d894-bba5-11e8-b2ba-ac1f6b6435d0,19 25 2 0,0 2 19 25
faf9dd16-bbc1-11e8-b2bb-ac1f6b6435d0,7,7
fb0068ba-bb9a-11e8-b2b9-ac1f6b6435d0,25 5,0 26
fb011518-bba8-11e8-b2ba-ac1f6b6435d0,23,23
fb06a518-bbb8-11e8-b2ba-ac1f6b6435d0,25 21,21 25
fb09dc8e-bbc6-11e8-b2bc-ac1f6b6435d0,0,0
fb0b8118-bb9b-11e8-b2b9-ac1f6b6435d0,6,25
fb0c6630-bbb6-11e8-b2ba-ac1f6b6435d0,3,3
fb119bf2-bbc8-11e8-b2bc-ac1f6b6435d0,0,0
fb12be06-bbc3-11e8-b2bc-ac1f6b6435d0,25 18 0,14 25
fb12e69a-bb9d-11e8-b2b9-ac1f6b6435d0,25,25
fb1a88b8-bb99-11e8-b2b9-ac1f6b6435d0,25 0,0 25
fb1f3d14-bbc5-11e8-b2bc-ac1f6b6435d0,25 0,0 25
fb2670b0-bbb2-11e8-b2ba-ac1f6b6435d0,25 5 0,5
fb26ce1e-bbbe-11e8-b2ba-ac1f6b6435d0,0,0
fb273d40-bbbe-11e8-b2ba-ac1f6b6435d0,2 0,0
fb2aa040-bbb7-11e8-b2ba-ac1f6b6435d0,7 2,2 7
fb2f26a2-bba7-11e8-b2ba-ac1f6b6435d0,7,7
fb30b49c-bbbe-11e8-b2ba-ac1f6b6435d0,23,6 23
fb316882-bbb0-11e8-b2ba-ac1f6b6435d0,12,12
fb367658-bb9f-11e8-b2b9-ac1f6b6435d0,5,5
fb3b5930-bbbc-11e8-b2ba-ac1f6b6435d0,22,22
fb3bd630-bbad-11e8-b2ba-ac1f6b6435d0,0,0
fb40de8e-bba6-11e8-b2ba-ac1f6b6435d0,3,3
fb49c212-bbc2-11e8-b2bc-ac1f6b6435d0,6,6
fb4afef0-bbab-11e8-b2ba-ac1f6b6435d0,7 16,7
fb4c1fac-bbaa-11e8-b2ba-ac1f6b6435d0,14 3 0,3 14
fb4c31ba-bbc1-11e8-b2bb-ac1f6b6435d0,0 21,0
fb4ca86a-bbae-11e8-b2ba-ac1f6b6435d0,14,6 11
fb4cd978-bba6-11e8-b2ba-ac1f6b6435d0,0,0
fb4d07fa-bbb9-11e8-b2ba-ac1f6b6435d0,25,25
fb4dc19e-bbbf-11e8-b2bb-ac1f6b6435d0,19 0,0 19
fb4e0daa-bba8-11e8-b2ba-ac1f6b6435d0,22 0,0 22
fb4ee010-bba1-11e8-b2b9-ac1f6b6435d0,19 0,0
fb4f0e6a-bbaf-11e8-b2ba-ac1f6b6435d0,0,21
fb513530-bb9d-11e8-b2b9-ac1f6b6435d0,25 0,0 2 25
fb5642a8-bbb8-11e8-b2ba-ac1f6b6435d0,0,0
fb56748a-bbc7-11e8-b2bc-ac1f6b6435d0,19,18 19
fb582d2e-bbc3-11e8-b2bc-ac1f6b6435d0,22 0 21,0 22
fb591ef2-bba3-11e8-b2b9-ac1f6b6435d0,25 7,23 25
fb596770-bba0-11e8-b2b9-ac1f6b6435d0,25 5,5 14 25
fb60a272-bbc0-11e8-b2bb-ac1f6b6435d0,1 2,1 2
fb663840-bba2-11e8-b2b9-ac1f6b6435d0,5 21,5 21
fb671240-bbbd-11e8-b2ba-ac1f6b6435d0,14,14
fb6e35a4-bbb6-11e8-b2ba-ac1f6b6435d0,1 0,0
fb706d38-bbb6-11e8-b2ba-ac1f6b6435d0,12 23 0,0 12
fb71e77a-bbbc-11e8-b2ba-ac1f6b6435d0,25 5,5 25
fb750bcc-bb9d-11e8-b2b9-ac1f6b6435d0,5,0
fb764be4-bbbc-11e8-b2ba-ac1f6b6435d0,5,5
fb7902ec-bbbe-11e8-b2ba-ac1f6b6435d0,0,0
fb79e09a-bbc3-11e8-b2bc-ac1f6b6435d0,3 0,0 3
fb7a59b0-bbc0-11e8-b2bb-ac1f6b6435d0,25 0,0 25
fb7c2b32-bbc5-11e8-b2bc-ac1f6b6435d0,25,25 26
fb7e9bae-bbb3-11e8-b2ba-ac1f6b6435d0,19,19
fb82830c-bbab-11e8-b2ba-ac1f6b6435d0,0,0
fb85e296-bbaf-11e8-b2ba-ac1f6b6435d0,23,23
fb8a72ec-bbb0-11e8-b2ba-ac1f6b6435d0,25 7 2,2 7
fb8b2a22-bbb3-11e8-b2ba-ac1f6b6435d0,25,21 25
fb8c62b6-bba9-11e8-b2ba-ac1f6b6435d0,4,4
fb8e76fc-bbb6-11e8-b2ba-ac1f6b6435d0,14,14
fb8f0c3e-bbac-11e8-b2ba-ac1f6b6435d0,7,7
fb8f1b50-bb9f-11e8-b2b9-ac1f6b6435d0,21,6 21
fb988346-bba1-11e8-b2b9-ac1f6b6435d0,25 5 0,0 5 25
fb9ca6be-bbc5-11e8-b2bc-ac1f6b6435d0,19 25,19 25
fb9e3cce-bbb9-11e8-b2ba-ac1f6b6435d0,25 0,0
fb9e478e-bb99-11e8-b2b9-ac1f6b6435d0,2 21,2 21
fb9f5eca-bb9f-11e8-b2b9-ac1f6b6435d0,6,6
fba0918e-bbac-11e8-b2ba-ac1f6b6435d0,2,2 7
fba14df8-bbb2-11e8-b2ba-ac1f6b6435d0,0,0 25
fba50294-bbc2-11e8-b2bc-ac1f6b6435d0,6 1,1 25
fba60cb6-bbae-11e8-b2ba-ac1f6b6435d0,3,3
fba61074-bbba-11e8-b2ba-ac1f6b6435d0,21,25
fba70e3a-bbb9-11e8-b2ba-ac1f6b6435d0,25 0,0 25
fbaac986-bbb3-11e8-b2ba-ac1f6b6435d0,25 5,5 25
fbaebfa8-bb9c-11e8-b2b9-ac1f6b6435d0,5 0,0
fbb110d4-bb9a-11e8-b2b9-ac1f6b6435d0,7 14,7 14
fbb2be24-bb9b-11e8-b2b9-ac1f6b6435d0,0,0 1
fbb3ce26-bba1-11e8-b2b9-ac1f6b6435d0,25 17,25
fbb44840-bb9e-11e8-b2b9-ac1f6b6435d0,2,2
fbb5849a-bbac-11e8-b2ba-ac1f6b6435d0,2 0,0 2 25
fbb9a078-bbc7-11e8-b2bc-ac1f6b6435d0,25 2,2 25
fbbc924a-bb9c-11e8-b2b9-ac1f6b6435d0,25 0,0 25
fbbee0da-bbc0-11e8-b2bb-ac1f6b6435d0,25 6,0 23
fbc2168e-bbb5-11e8-b2ba-ac1f6b6435d0,2 0,0 2
fbc330e6-bbab-11e8-b2ba-ac1f6b6435d0,25 1 2,1 2
fbc65f5e-bbc5-11e8-b2bc-ac1f6b6435d0,4,4
fbcda364-bbab-11e8-b2ba-ac1f6b6435d0,19,19
fbd1eb62-bb9d-11e8-b2b9-ac1f6b6435d0,25,25
fbd24be2-bbbc-11e8-b2ba-ac1f6b6435d0,25 3,0 3 25
fbd3393c-bbba-11e8-b2ba-ac1f6b6435d0,0,0
fbd587ca-bba4-11e8-b2ba-ac1f6b6435d0,2 0,0 2
fbd6c230-bba3-11e8-b2b9-ac1f6b6435d0,4,4
fbdb06d2-bbbd-11e8-b2ba-ac1f6b6435d0,1 0,0 1
fbdc4214-bbbc-11e8-b2ba-ac1f6b6435d0,23 0,0 23
fbddf740-bbac-11e8-b2ba-ac1f6b6435d0,2 0,0
fbdf5c26-bbb5-11e8-b2ba-ac1f6b6435d0,21,21
fbdfff4a-bbc5-11e8-b2bc-ac1f6b6435d0,3,3
fbe5dc9e-bbb6-11e8-b2ba-ac1f6b6435d0,2 0,0 2
fbeb6eb4-bba4-11e8-b2ba-ac1f6b6435d0,1,1
fbeca024-bb9d-11e8-b2b9-ac1f6b6435d0,25 0 21,0 21
fbece2e0-bbbc-11e8-b2ba-ac1f6b6435d0,24,24
fbed7bba-bbc1-11e8-b2bb-ac1f6b6435d0,4,4
fbef47b6-bbac-11e8-b2ba-ac1f6b6435d0,6,6
fbf0fa8a-bbba-11e8-b2ba-ac1f6b6435d0,3,3
fbf11588-bbbf-11e8-b2bb-ac1f6b6435d0,0,0 25
fbf3543c-bba2-11e8-b2b9-ac1f6b6435d0,14,14
fbf5dce6-bbb3-11e8-b2ba-ac1f6b6435d0,25,25
fbfb2770-bba7-11e8-b2ba-ac1f6b6435d0,2 0,0 2
fbfc32c6-bbbd-11e8-b2ba-ac1f6b6435d0,23,23
fbfccb8c-bbbd-11e8-b2ba-ac1f6b6435d0,6,6
fbfd57d8-bba3-11e8-b2b9-ac1f6b6435d0,23,6
fbff4370-bbc3-11e8-b2bc-ac1f6b6435d0,21,21
fc007746-bba9-11e8-b2ba-ac1f6b6435d0,26,26
fc0260ba-bbb8-11e8-b2ba-ac1f6b6435d0,2,2
fc02bb58-bbc9-11e8-b2bc-ac1f6b6435d0,22,22
fc0324e8-bba2-11e8-b2b9-ac1f6b6435d0,23 0,0 23
fc04f5bc-bbc9-11e8-b2bc-ac1f6b6435d0,14,14
fc05f26a-bbc8-11e8-b2bc-ac1f6b6435d0,25 6,25
fc06a2e2-bbc2-11e8-b2bc-ac1f6b6435d0,26,26
fc0796a0-bba6-11e8-b2ba-ac1f6b6435d0,25 21,21 25
fc0867d8-bba1-11e8-b2b9-ac1f6b6435d0,18 1 0,0 1
fc0ba4c6-bbbe-11e8-b2ba-ac1f6b6435d0,22 4,4 22
fc0f17be-bbaf-11e8-b2ba-ac1f6b6435d0,5 0,0 5
fc0fd4ec-bbb4-11e8-b2ba-ac1f6b6435d0,23 0,0 21
fc1006a8-bbad-11e8-b2ba-ac1f6b6435d0,7 0,7
fc108b18-bba9-11e8-b2ba-ac1f6b6435d0,2,2
fc1134da-bbc9-11e8-b2bc-ac1f6b6435d0,19,19
fc124f02-bbbd-11e8-b2ba-ac1f6b6435d0,21,21
fc12713e-bbaf-11e8-b2ba-ac1f6b6435d0,25 7 0,0 7 25
fc1890b4-bbc3-11e8-b2bc-ac1f6b6435d0,25 5,5 25
fc18e84c-bbc4-11e8-b2bc-ac1f6b6435d0,25,25
fc242774-bb9d-11e8-b2b9-ac1f6b6435d0,5 1,1 5
fc244a4c-bbb6-11e8-b2ba-ac1f6b6435d0,23 21,21 23
fc264e56-bb9c-11e8-b2b9-ac1f6b6435d0,1,1 6
fc26da8c-bba2-11e8-b2b9-ac1f6b6435d0,11,11
fc272c3c-bbaf-11e8-b2ba-ac1f6b6435d0,6,6 25
fc2fdc5c-bba9-11e8-b2ba-ac1f6b6435d0,23 0,0 23
fc31ba00-bbb7-11e8-b2ba-ac1f6b6435d0,21,21 25
fc31de6c-bbb3-11e8-b2ba-ac1f6b6435d0,22 0,0
fc32ae9e-bbab-11e8-b2ba-ac1f6b6435d0,7 4 3,4 25
fc364fc8-bbaa-11e8-b2ba-ac1f6b6435d0,0,0
fc369b44-bbc4-11e8-b2bc-ac1f6b6435d0,25 21,21 25
fc392c68-bbbc-11e8-b2ba-ac1f6b6435d0,22 0,0 22 25
fc3c715e-bb9c-11e8-b2b9-ac1f6b6435d0,0 21,0 21
fc3f863e-bbb8-11e8-b2ba-ac1f6b6435d0,19,19
fc401bd4-bba5-11e8-b2ba-ac1f6b6435d0,21,21
fc410756-bbc3-11e8-b2bc-ac1f6b6435d0,21,21
fc495912-bbb2-11e8-b2ba-ac1f6b6435d0,5,0 3
fc498b4e-bbad-11e8-b2ba-ac1f6b6435d0,25,25
fc4c059a-bb99-11e8-b2b9-ac1f6b6435d0,3 0,0 3
fc4e2532-bba8-11e8-b2ba-ac1f6b6435d0,25 7 0,4 7
fc4f243c-bb99-11e8-b2b9-ac1f6b6435d0,5,3 5
fc5cd1f2-bbb9-11e8-b2ba-ac1f6b6435d0,3,3
fc5defb6-bbc2-11e8-b2bc-ac1f6b6435d0,12 2 0,0 2
fc5e69b0-bba8-11e8-b2ba-ac1f6b6435d0,25,25
fc5f3210-bba7-11e8-b2ba-ac1f6b6435d0,4,4
fc6405e8-bbab-11e8-b2ba-ac1f6b6435d0,7 1 2 0,0 1 2 7
fc655b1a-bbc3-11e8-b2bc-ac1f6b6435d0,25 5,0 25
fc65b678-bba5-11e8-b2ba-ac1f6b6435d0,7,7 23
fc691ad0-bbc7-11e8-b2bc-ac1f6b6435d0,21,21 22
fc70a352-bbba-11e8-b2ba-ac1f6b6435d0,0 21,0 21
fc744490-bbb9-11e8-b2ba-ac1f6b6435d0,1,1 11
fc74c736-bbbd-11e8-b2ba-ac1f6b6435d0,7,7
fc75e910-bbbb-11e8-b2ba-ac1f6b6435d0,0,0
fc76417a-bbbc-11e8-b2ba-ac1f6b6435d0,2 0,0 2
fc76860e-bbac-11e8-b2ba-ac1f6b6435d0,25 5 0,0 5 25
fc776002-bbb0-11e8-b2ba-ac1f6b6435d0,25,25
fc7911e6-bb9b-11e8-b2b9-ac1f6b6435d0,24,19 24
fc7a16aa-bba9-11e8-b2ba-ac1f6b6435d0,26 21,25 26
fc7a47ba-bba4-11e8-b2ba-ac1f6b6435d0,4 0,4
fc7adb84-bbaf-11e8-b2ba-ac1f6b6435d0,18 0,0 18
fc7c95f2-bbb2-11e8-b2ba-ac1f6b6435d0,1 3,1 3
fc822bae-bbb0-11e8-b2ba-ac1f6b6435d0,4,0 7
fc827a1c-bbc1-11e8-b2bb-ac1f6b6435d0,25 5 0,5
fc82e684-bbb0-11e8-b2ba-ac1f6b6435d0,9 10,8 9 20
fc83d824-bb9b-11e8-b2b9-ac1f6b6435d0,25 18,21 25
fc84a97c-bbad-11e8-b2ba-ac1f6b6435d0,4 0,4
fc85c906-bb99-11e8-b2b9-ac1f6b6435d0,21,21
fc88eacc-bbb8-11e8-b2ba-ac1f6b6435d0,25 0,0 7
fc8b475c-bbc4-11e8-b2bc-ac1f6b6435d0,0,0
fc8b645c-bbc0-11e8-b2bb-ac1f6b6435d0,6,25
fc910d10-bbb8-11e8-b2ba-ac1f6b6435d0,7 0,0
fc9114ae-bb9f-11e8-b2b9-ac1f6b6435d0,7 5 0,0 5 7
fc9172ce-bbb7-11e8-b2ba-ac1f6b6435d0,3,3
fc930890-bba9-11e8-b2ba-ac1f6b6435d0,22,0 22
fc93ca30-bbc4-11e8-b2bc-ac1f6b6435d0,25 4,4 25
fc951326-bbac-11e8-b2ba-ac1f6b6435d0,23,23
fc96d05a-bba0-11e8-b2b9-ac1f6b6435d0,4,0 25
fc99fd3a-bbc7-11e8-b2bc-ac1f6b6435d0,0 21,0 7
fc9b9d50-bba6-11e8-b2ba-ac1f6b6435d0,6,6
fc9ba76e-bb9c-11e8-b2b9-ac1f6b6435d0,4 2,3 4 26
fc9bd246-bbc1-11e8-b2bb-ac1f6b6435d0,25 2,2 21 25
fc9d9192-bb9b-11e8-b2b9-ac1f6b6435d0,12 0,0 12
fca003a0-bbaa-11e8-b2ba-ac1f6b6435d0,25 2,2 25
fca772f4-bbb2-11e8-b2ba-ac1f6b6435d0,25 0,0 25
fca8180c-bba9-11e8-b2ba-ac1f6b6435d0,26 25 0,25 26
fca908e8-bba4-11e8-b2ba-ac1f6b6435d0,25 21,18 21 25
fcafee0a-bbbe-11e8-b2ba-ac1f6b6435d0,25 6 2,2 25
fcb023b0-bbb0-11e8-b2ba-ac1f6b6435d0,12 25,12
fcb25464-bbab-11e8-b2ba-ac1f6b6435d0,5,4 5
fcb26b4a-bbb3-11e8-b2ba-ac1f6b6435d0,18 0,0
fcb37d04-bbbe-11e8-b2ba-ac1f6b6435d0,21,21
fcb3b6e8-bba0-11e8-b2b9-ac1f6b6435d0,25,25
fcb70c22-bbc2-11e8-b2bc-ac1f6b6435d0,3,3
fcbd6e02-bba7-11e8-b2ba-ac1f6b6435d0,25 11,11 25
fcbe4fe4-bba6-11e8-b2ba-ac1f6b6435d0,19 11 0,11 19
fcc35f9a-bb9a-11e8-b2b9-ac1f6b6435d0,4,4
fcc5158e-bb9e-11e8-b2b9-ac1f6b6435d0,25 21,21 25
fcc619a4-bba1-11e8-b2b9-ac1f6b6435d0,16 5 0,16
fcc69acc-bb9d-11e8-b2b9-ac1f6b6435d0,2,2
fccaa6a4-bb9c-11e8-b2b9-ac1f6b6435d0,4,4
fccd3fea-bbbf-11e8-b2bb-ac1f6b6435d0,11,11
fccf4c70-bba3-11e8-b2b9-ac1f6b6435d0,1 0,0 1 25
fcd1c60a-bbb0-11e8-b2ba-ac1f6b6435d0,11 21,21
fcd25536-bba9-11e8-b2ba-ac1f6b6435d0,0,0
fcd48338-bbbd-11e8-b2ba-ac1f6b6435d0,25 3 0,0 2
fcd5db3c-bbab-11e8-b2ba-ac1f6b6435d0,25 21,21 25
fcdc8ca6-bbb1-11e8-b2ba-ac1f6b6435d0,23,23
fcde8c06-bbb4-11e8-b2ba-ac1f6b6435d0,14,14
fce257c2-bbb0-11e8-b2ba-ac1f6b6435d0,25 0,0 25
fce562f4-bb9d-11e8-b2b9-ac1f6b6435d0,5,5
fce5e3e2-bba1-11e8-b2b9-ac1f6b6435d0,25 5,0 25
fce6a386-bbb0-11e8-b2ba-ac1f6b6435d0,22 19 0,0 19 22
fce8d102-bbaa-11e8-b2ba-ac1f6b6435d0,0,0
fcea43a2-bba5-11e8-b2ba-ac1f6b6435d0,7 0,0 7 24
fceb6aaa-bba7-11e8-b2ba-ac1f6b6435d0,25 5,4 5 25
fced2810-bba5-11e8-b2ba-ac1f6b6435d0,4,4
fced8fc0-bba1-11e8-b2b9-ac1f6b6435d0,25,25
fcee52f8-bb9b-11e8-b2b9-ac1f6b6435d0,22,22
fcf02f3a-bbad-11e8-b2ba-ac1f6b6435d0,2 0,0 2 25
fcf03c6c-bb9b-11e8-b2b9-ac1f6b6435d0,0 21,0 21
fcf1060a-bbb5-11e8-b2ba-ac1f6b6435d0,25 6,6 25
fcf15b18-bbbb-11e8-b2ba-ac1f6b6435d0,1 21,1 21
fcf3c2ec-bbb4-11e8-b2ba-ac1f6b6435d0,26,25 26
fcf3fec6-bbc6-11e8-b2bc-ac1f6b6435d0,3,2 3
fcf67208-bbb4-11e8-b2ba-ac1f6b6435d0,18,4
fcf8ae96-bbb5-11e8-b2ba-ac1f6b6435d0,5,0
fcfc4f36-bb99-11e8-b2b9-ac1f6b6435d0,25 0,0 25
fcff15d8-bbb5-11e8-b2ba-ac1f6b6435d0,19 0,0
fcff661c-bba3-11e8-b2b9-ac1f6b6435d0,2,2
fcff72fc-bbb1-11e8-b2ba-ac1f6b6435d0,25 2 0,0 2
fd027762-bbb7-11e8-b2ba-ac1f6b6435d0,22,18
fd0287c0-bbbc-11e8-b2ba-ac1f6b6435d0,8,8 20
fd04240c-bbbe-11e8-b2ba-ac1f6b6435d0,2 0,0 2
fd05c9b8-bbc5-11e8-b2bc-ac1f6b6435d0,4,4
fd06c9d4-bba8-11e8-b2ba-ac1f6b6435d0,11 14,14 24 25
fd079da2-bb9c-11e8-b2b9-ac1f6b6435d0,25 0,0 25
fd0e0062-bbaf-11e8-b2ba-ac1f6b6435d0,7,7
fd0e2c28-bba4-11e8-b2ba-ac1f6b6435d0,11,25
fd0e5658-bba4-11e8-b2ba-ac1f6b6435d0,25 0,0 25
fd0ec4c0-bba0-11e8-b2b9-ac1f6b6435d0,1 0,0 1
fd11f2c8-bbc6-11e8-b2bc-ac1f6b6435d0,11,11 25
fd1ac1f6-bbb1-11e8-b2ba-ac1f6b6435d0,22 0,0 22
fd1befa0-bba6-11e8-b2ba-ac1f6b6435d0,7 0,0 7
fd1e163c-bbc3-11e8-b2bc-ac1f6b6435d0,2 0,0 2
fd20e3ac-bbbf-11e8-b2bb-ac1f6b6435d0,11 1,1 11
fd20efce-bb9b-11e8-b2b9-ac1f6b6435d0,22 5,0 22
fd2142a8-bba5-11e8-b2ba-ac1f6b6435d0,5,5 24
fd23f10c-bbb3-11e8-b2ba-ac1f6b6435d0,25 4,4
fd246e66-bb9a-11e8-b2b9-ac1f6b6435d0,20,20
fd248b90-bbbc-11e8-b2ba-ac1f6b6435d0,19 25 0,0 25
fd26f4d0-bbc0-11e8-b2bb-ac1f6b6435d0,23,23
fd2b2de4-bbb0-11e8-b2ba-ac1f6b6435d0,7,7
fd2be810-bbba-11e8-b2ba-ac1f6b6435d0,0 21,0 21
fd2ce5a6-bbb7-11e8-b2ba-ac1f6b6435d0,19 25,19 25
fd2d5ec8-bbad-11e8-b2ba-ac1f6b6435d0,25 0,0 25
fd2ef722-bb9b-11e8-b2b9-ac1f6b6435d0,21,21
fd3178a4-bbae-11e8-b2ba-ac1f6b6435d0,23,23
fd3396e4-bba3-11e8-b2b9-ac1f6b6435d0,25 0,0 25
fd34ea76-bbb2-11e8-b2ba-ac1f6b6435d0,23,23
fd35b5fc-bbb5-11e8-b2ba-ac1f6b6435d0,5,0
fd3bebba-bbbb-11e8-b2ba-ac1f6b6435d0,12 21,12
fd3c66a4-bbb5-11e8-b2ba-ac1f6b6435d0,26,4 26
fd41122e-bba8-11e8-b2ba-ac1f6b6435d0,25 2,2 25
fd425180-bbb6-11e8-b2ba-ac1f6b6435d0,2,0 2 7
fd425f0c-bbb3-11e8-b2ba-ac1f6b6435d0,2 0,0 2 25
fd48f418-bb9d-11e8-b2b9-ac1f6b6435d0,14,14
fd49bf46-bbc1-11e8-b2bb-ac1f6b6435d0,0,0
fd4b22b6-bbc9-11e8-b2bc-ac1f6b6435d0,19 0,0 19
fd4d2fd4-bba6-11e8-b2ba-ac1f6b6435d0,14,14
fd4d69a6-bbb3-11e8-b2ba-ac1f6b6435d0,25 11,25
fd4df8f6-bbc9-11e8-b2bc-ac1f6b6435d0,25,25
fd4ef438-bbc2-11e8-b2bc-ac1f6b6435d0,23,23
fd4fbf38-bbc4-11e8-b2bc-ac1f6b6435d0,12,12
fd56d07c-bb9a-11e8-b2b9-ac1f6b6435d0,16 11 0,24
fd58e796-bbb2-11e8-b2ba-ac1f6b6435d0,3,3
fd593b26-bbbf-11e8-b2bb-ac1f6b6435d0,2,2
fd5affa0-bba7-11e8-b2ba-ac1f6b6435d0,25 0,0 7 25
fd5d26d6-bba7-11e8-b2ba-ac1f6b6435d0,5,5
fd5ec4b6-bbb9-11e8-b2ba-ac1f6b6435d0,25 0,0 25
fd632cac-bbac-11e8-b2ba-ac1f6b6435d0,11,11
fd6a0850-bba8-11e8-b2ba-ac1f6b6435d0,23 2,2 23
fd6a70f0-bbae-11e8-b2ba-ac1f6b6435d0,22 7,7
fd6ab966-bbae-11e8-b2ba-ac1f6b6435d0,2 0,0 2
fd6b7486-bba0-11e8-b2b9-ac1f6b6435d0,7 0,0 13
fd6cd7be-bbb8-11e8-b2ba-ac1f6b6435d0,25 21,12 21
fd6d5b3a-bbbd-11e8-b2ba-ac1f6b6435d0,22 0,0 19 22
fd6e0e74-bba2-11e8-b2b9-ac1f6b6435d0,7,7
fd6ebade-bb9a-11e8-b2b9-ac1f6b6435d0,25 4,4 25
fd738be2-bbbb-11e8-b2ba-ac1f6b6435d0,2,2
fd75786c-bbbb-11e8-b2ba-ac1f6b6435d0,4,4 25
fd7623ca-bbc0-11e8-b2bb-ac1f6b6435d0,23,23
fd76e2c0-bbb5-11e8-b2ba-ac1f6b6435d0,25 23 21,21 25
fd79add2-bbc6-11e8-b2bc-ac1f6b6435d0,23 4,23
fd7a3524-bbc9-11e8-b2bc-ac1f6b6435d0,2 0,0 2
fd7fbcd0-bb9a-11e8-b2b9-ac1f6b6435d0,3,3
fd808b86-bbba-11e8-b2ba-ac1f6b6435d0,23 0,0 23 25
fd8448e8-bbb5-11e8-b2ba-ac1f6b6435d0,19,18 19
fd844b04-bbc4-11e8-b2bc-ac1f6b6435d0,19,18
fd860334-bbb7-11e8-b2ba-ac1f6b6435d0,23,23
fd87c11e-bba9-11e8-b2ba-ac1f6b6435d0,1,1
fd8d9c02-bb99-11e8-b2b9-ac1f6b6435d0,25 0,0 25
fd8da0f8-bbc1-11e8-b2bb-ac1f6b6435d0,25 18,25
fd8f8d34-bb9c-11e8-b2b9-ac1f6b6435d0,23,23
fd911a4c-bbaa-11e8-b2ba-ac1f6b6435d0,22 0 21,0 21 22
fd922b6e-bbc1-11e8-b2bb-ac1f6b6435d0,23,6
fd92a55a-bb9c-11e8-b2b9-ac1f6b6435d0,4,4
fd95694a-bba9-11e8-b2ba-ac1f6b6435d0,25 5 0,5 25
fd96b1e4-bbb6-11e8-b2ba-ac1f6b6435d0,25 11 0,0 26
fd984af6-bbbe-11e8-b2ba-ac1f6b6435d0,25 0,0 25
fd992f02-bba5-11e8-b2ba-ac1f6b6435d0,0 21,0 21
fd9d77da-bbad-11e8-b2ba-ac1f6b6435d0,4,4
fda1aa14-bbc4-11e8-b2bc-ac1f6b6435d0,25,21
fda1f984-bbb9-11e8-b2ba-ac1f6b6435d0,2 0,0 2
fda29628-bbb4-11e8-b2ba-ac1f6b6435d0,25,25 26
fda31764-bbab-11e8-b2ba-ac1f6b6435d0,5 0,4 25
fda4535e-bbbf-11e8-b2bb-ac1f6b6435d0,18,18 25
fda7529c-bbc5-11e8-b2bc-ac1f6b6435d0,23 0,0 23
fdaa6678-bbbe-11e8-b2ba-ac1f6b6435d0,13,13
fdab1f16-bb9e-11e8-b2b9-ac1f6b6435d0,4,4
fdac5e38-bba5-11e8-b2ba-ac1f6b6435d0,4 21,4
fdad1b26-bbb3-11e8-b2ba-ac1f6b6435d0,11,11 21
fdaf5fcc-bbb2-11e8-b2ba-ac1f6b6435d0,0 21,0
fdb28526-bba8-11e8-b2ba-ac1f6b6435d0,25 5,0 5 25
fdb29eb0-bbc8-11e8-b2bc-ac1f6b6435d0,4,4
fdb36bfc-bb9f-11e8-b2b9-ac1f6b6435d0,0,0 25
fdb48cfa-bbc0-11e8-b2bb-ac1f6b6435d0,19,0
fdbcad98-bbc7-11e8-b2bc-ac1f6b6435d0,26,0 25
fdbcb57a-bbba-11e8-b2ba-ac1f6b6435d0,25 13 4,4 13
fdc15996-bba5-11e8-b2ba-ac1f6b6435d0,19 0,0 5
fdc1e952-bbc2-11e8-b2bc-ac1f6b6435d0,25 1 0,0 1 25
fdc28b1c-bbbf-11e8-b2bb-ac1f6b6435d0,5,5
fdc3982c-bbbf-11e8-b2bb-ac1f6b6435d0,14,14
fdc54390-bbc7-11e8-b2bc-ac1f6b6435d0,11,11
fdc656d6-bb9a-11e8-b2b9-ac1f6b6435d0,25 0,0
fdca1850-bbbf-11e8-b2bb-ac1f6b6435d0,7,7
fdcbcbb0-bbb4-11e8-b2ba-ac1f6b6435d0,25 1 0,1 25
fdccccfc-bbc0-11e8-b2bb-ac1f6b6435d0,24 25,21 25
fdcea808-bbaf-11e8-b2ba-ac1f6b6435d0,5,5
fdd07c04-bbab-11e8-b2ba-ac1f6b6435d0,4,4
fdd50142-bbb6-11e8-b2ba-ac1f6b6435d0,7,0
fdd68a64-bbaf-11e8-b2ba-ac1f6b6435d0,25 0 21,0 21
fdd94890-bbc7-11e8-b2bc-ac1f6b6435d0,22,22
fdd96bae-bbb3-11e8-b2ba-ac1f6b6435d0,24 25 11,0 21
fddb9084-bbb1-11e8-b2ba-ac1f6b6435d0,5,5
fdded9c0-bba1-11e8-b2b9-ac1f6b6435d0,11 2,0 2
fde2674a-bbbd-11e8-b2ba-ac1f6b6435d0,0,0
fde2c582-bb9a-11e8-b2b9-ac1f6b6435d0,7 0,0 7 25
fde3764e-bbc7-11e8-b2bc-ac1f6b6435d0,0,0 25
fde3c730-bbc6-11e8-b2bc-ac1f6b6435d0,25 3 0,0 3
fdf03522-bba0-11e8-b2b9-ac1f6b6435d0,7 0,0 7
fdf21ee4-bba2-11e8-b2b9-ac1f6b6435d0,2,2
fdf48032-bbaa-11e8-b2ba-ac1f6b6435d0,25 2,2
fdf6661a-bbc6-11e8-b2bc-ac1f6b6435d0,5 21,5 21
fdf7a584-bba8-11e8-b2ba-ac1f6b6435d0,19 0,0 19
fdf8c4a2-bbbf-11e8-b2bb-ac1f6b6435d0,25 21,13 21 25
fdfa4638-bbc4-11e8-b2bc-ac1f6b6435d0,0 21,0 22
fdfb656c-bbc5-11e8-b2bc-ac1f6b6435d0,25 7,25
fe0067b4-bbb7-11e8-b2ba-ac1f6b6435d0,24,24
fe02ef0a-bbaf-11e8-b2ba-ac1f6b6435d0,4,4
fe04b38e-bbab-11e8-b2ba-ac1f6b6435d0,4,4
fe060cf2-bbc9-11e8-b2bc-ac1f6b6435d0,4,4
fe06accc-bbb8-11e8-b2ba-ac1f6b6435d0,23,23
fe09c0d8-bb9f-11e8-b2b9-ac1f6b6435d0,0 21,0 12 21
fe0cb9be-bbb8-11e8-b2ba-ac1f6b6435d0,25 0,0 25
fe0efd96-bbc2-11e8-b2bc-ac1f6b6435d0,12 25 0,12
fe141570-bbad-11e8-b2ba-ac1f6b6435d0,2,2 16
fe16e5f8-bba2-11e8-b2b9-ac1f6b6435d0,25 7,25
fe182a54-bb9c-11e8-b2b9-ac1f6b6435d0,5 0,5
fe1b8a18-bbc5-11e8-b2bc-ac1f6b6435d0,25 7 0,0 7 25
fe1f4d74-bbbb-11e8-b2ba-ac1f6b6435d0,12 4,12
fe2027c2-bb9c-11e8-b2b9-ac1f6b6435d0,14,14
fe206e68-bb9b-11e8-b2b9-ac1f6b6435d0,23,23
fe20f730-bbb8-11e8-b2ba-ac1f6b6435d0,19 5 0,5
fe22e54c-bbb1-11e8-b2ba-ac1f6b6435d0,1 0,3
fe230d5c-bbab-11e8-b2ba-ac1f6b6435d0,2,3
fe258714-bbb3-11e8-b2ba-ac1f6b6435d0,25 0 21,0 21
fe28deb8-bbb4-11e8-b2ba-ac1f6b6435d0,25 0,0 25
fe2d2d16-bbbd-11e8-b2ba-ac1f6b6435d0,6 21,11
fe2f2110-bbc8-11e8-b2bc-ac1f6b6435d0,25 3,3
fe2f5bd2-bbc1-11e8-b2bb-ac1f6b6435d0,2 0,0 2
fe32a0c6-bbbc-11e8-b2ba-ac1f6b6435d0,20,20
fe33884a-bbc8-11e8-b2bc-ac1f6b6435d0,25,25
fe351f12-bbae-11e8-b2ba-ac1f6b6435d0,25 0,0 25
fe35c15a-bb9b-11e8-b2b9-ac1f6b6435d0,21,21
fe377b38-bbac-11e8-b2ba-ac1f6b6435d0,11,11
fe3955b4-bb9f-11e8-b2b9-ac1f6b6435d0,6,6
fe3cb138-bbc6-11e8-b2bc-ac1f6b6435d0,5,5
fe3dea54-bbb6-11e8-b2ba-ac1f6b6435d0,19,19
fe3e2b08-bba3-11e8-b2b9-ac1f6b6435d0,19 23,19 25
fe4010cc-bb9d-11e8-b2b9-ac1f6b6435d0,26 25,25 26
fe4107a6-bbc1-11e8-b2bb-ac1f6b6435d0,5,5
fe41fd46-bba8-11e8-b2ba-ac1f6b6435d0,16 0,0 16
fe45397e-bb9a-11e8-b2b9-ac1f6b6435d0,7,7
fe48e464-bbb5-11e8-b2ba-ac1f6b6435d0,23,23
fe49707c-bbb6-11e8-b2ba-ac1f6b6435d0,12 0 21,0 12 21
fe4a0636-bbb1-11e8-b2ba-ac1f6b6435d0,7,7
fe4fc596-bb9b-11e8-b2b9-ac1f6b6435d0,7 0,0 7
fe5018fc-bba0-11e8-b2b9-ac1f6b6435d0,3 21,2 21 25
fe50502e-bbaa-11e8-b2ba-ac1f6b6435d0,0,0
fe513258-bbc5-11e8-b2bc-ac1f6b6435d0,4,4
fe513af8-bb9a-11e8-b2b9-ac1f6b6435d0,13,13
fe5311d4-bbb8-11e8-b2ba-ac1f6b6435d0,1,1
fe580720-bba9-11e8-b2ba-ac1f6b6435d0,18,18 25
fe5942fa-bbc4-11e8-b2bc-ac1f6b6435d0,2 0,0 2 21
fe5a2e8e-bbb2-11e8-b2ba-ac1f6b6435d0,0,0
fe5e1ac0-bbc7-11e8-b2bc-ac1f6b6435d0,5,5
fe5f0a62-bbbc-11e8-b2ba-ac1f6b6435d0,1 0,0 1 25
fe5f31a8-bbb3-11e8-b2ba-ac1f6b6435d0,2,2
fe604166-bbc6-11e8-b2bc-ac1f6b6435d0,0,0
fe605162-bba1-11e8-b2b9-ac1f6b6435d0,25,12 25
fe61cf04-bba8-11e8-b2ba-ac1f6b6435d0,7 0,0
fe641ebc-bb99-11e8-b2b9-ac1f6b6435d0,25 0,0
fe684504-bbae-11e8-b2ba-ac1f6b6435d0,4,4
fe6fcc62-bbb7-11e8-b2ba-ac1f6b6435d0,19 25 0,0 19
fe703dc4-bba7-11e8-b2ba-ac1f6b6435d0,0,0
fe705c7e-bbb0-11e8-b2ba-ac1f6b6435d0,0 21,0 21
fe70823c-bbae-11e8-b2ba-ac1f6b6435d0,25 2 0,0 25
fe71356e-bbb4-11e8-b2ba-ac1f6b6435d0,25 4 21,21 25
fe753b64-bbaa-11e8-b2ba-ac1f6b6435d0,7 0,0 7
fe754680-bb9c-11e8-b2b9-ac1f6b6435d0,21,21
fe7bdc5e-bbb3-11e8-b2ba-ac1f6b6435d0,7,0 7
fe7f639e-bba2-11e8-b2b9-ac1f6b6435d0,12 25 0,0 12 21
fe828790-bbb6-11e8-b2ba-ac1f6b6435d0,5,5
fe82c6b6-bbc4-11e8-b2bc-ac1f6b6435d0,0 21,0 25
fe879a1e-bbac-11e8-b2ba-ac1f6b6435d0,25 3 0,0 3
fe89d1bc-bbb1-11e8-b2ba-ac1f6b6435d0,0,0 25
fe8ccdd4-bbc7-11e8-b2bc-ac1f6b6435d0,24 5 0,0 5 24
fe914662-bb9e-11e8-b2b9-ac1f6b6435d0,7 0,0 7
fe92c90a-bbae-11e8-b2ba-ac1f6b6435d0,5,5
fe938ddc-bbad-11e8-b2ba-ac1f6b6435d0,19,18
fe940094-bbc8-11e8-b2bc-ac1f6b6435d0,2 0,0 2
fe949738-bbb5-11e8-b2ba-ac1f6b6435d0,5 0,0
fe984c70-bba1-11e8-b2b9-ac1f6b6435d0,5,5
fe988ea6-bb9c-11e8-b2b9-ac1f6b6435d0,23 0,0 23
fe98a67c-bbc2-11e8-b2bc-ac1f6b6435d0,25 7 0,0 7
fe9906c4-bb9c-11e8-b2b9-ac1f6b6435d0,4,4
fe9abefc-bbb4-11e8-b2ba-ac1f6b6435d0,0 21,0
fe9afe52-bbc9-11e8-b2bc-ac1f6b6435d0,19,19
fe9d974c-bba2-11e8-b2b9-ac1f6b6435d0,19 25,18 25
fe9dd5f4-bbc0-11e8-b2bb-ac1f6b6435d0,19 11 0,11
fe9f8f88-bbbc-11e8-b2ba-ac1f6b6435d0,3 0,0
fea037ce-bbbe-11e8-b2ba-ac1f6b6435d0,23,20 23
fea2b838-bbbd-11e8-b2ba-ac1f6b6435d0,25 3,3 25
fea39586-bbaa-11e8-b2ba-ac1f6b6435d0,16 25,0 25
fea410e6-bbb0-11e8-b2ba-ac1f6b6435d0,24,24
fea4fb58-bba3-11e8-b2b9-ac1f6b6435d0,0,0
fea6e496-bbbb-11e8-b2ba-ac1f6b6435d0,12,12
feaaa0ce-bba5-11e8-b2ba-ac1f6b6435d0,4,4
feacefc0-bbc1-11e8-b2bb-ac1f6b6435d0,25 2,2 6 25
feade830-bbc6-11e8-b2bc-ac1f6b6435d0,3,3
feb34c94-bbbc-11e8-b2ba-ac1f6b6435d0,11 2 0,2
feb36886-bbb8-11e8-b2ba-ac1f6b6435d0,7 2 0,0 7 12
feb5dc76-bbac-11e8-b2ba-ac1f6b6435d0,23,23
feb7d636-bbc3-11e8-b2bc-ac1f6b6435d0,24 18,18 24
feb8e61c-bbc2-11e8-b2bc-ac1f6b6435d0,0 21,0 25
feb909d8-bbab-11e8-b2ba-ac1f6b6435d0,25 3,3 6 25
febb7ed0-bbc8-11e8-b2bc-ac1f6b6435d0,14 2,14 16
febc6112-bbad-11e8-b2ba-ac1f6b6435d0,23,23
febc967e-bbc0-11e8-b2bb-ac1f6b6435d0,1 3 0,0 1 3
febd613a-bb9d-11e8-b2b9-ac1f6b6435d0,23,23
febee7a4-bba6-11e8-b2ba-ac1f6b6435d0,4 21,21 25
febfd234-bbc6-11e8-b2bc-ac1f6b6435d0,26,0
fec05240-bb9e-11e8-b2b9-ac1f6b6435d0,25 0,0 25
fec0d0e2-bbbe-11e8-b2ba-ac1f6b6435d0,12,12 14
fec0d944-bb9f-11e8-b2b9-ac1f6b6435d0,25 0,0 25
fec21aae-bbc5-11e8-b2bc-ac1f6b6435d0,25 0 21,0 21 25
fec21e24-bbb0-11e8-b2ba-ac1f6b6435d0,26,26
fec454d8-bbbe-11e8-b2ba-ac1f6b6435d0,5,5
fec59306-bbc9-11e8-b2bc-ac1f6b6435d0,3,3
fec7ccf8-bbb9-11e8-b2ba-ac1f6b6435d0,23,23
fec7f63c-bba1-11e8-b2b9-ac1f6b6435d0,23 0,23
fecdd160-bbc9-11e8-b2bc-ac1f6b6435d0,16 5,5 16
fece0248-bbc4-11e8-b2bc-ac1f6b6435d0,0,0
fecf31b6-bbb7-11e8-b2ba-ac1f6b6435d0,18 0,0 18
fed0a594-bbaa-11e8-b2ba-ac1f6b6435d0,25,23
fed15356-bbc6-11e8-b2bc-ac1f6b6435d0,0 21,21 25
fed251bc-bbc5-11e8-b2bc-ac1f6b6435d0,22 0,22
fed27984-bba3-11e8-b2b9-ac1f6b6435d0,7,7 23
fed441ce-bb99-11e8-b2b9-ac1f6b6435d0,22 25 7,22
fed6505c-bbc8-11e8-b2bc-ac1f6b6435d0,19,19
fed6f4bc-bbc3-11e8-b2bc-ac1f6b6435d0,25,25
fed9906a-bbb8-11e8-b2ba-ac1f6b6435d0,23,23
feda2ff6-bba5-11e8-b2ba-ac1f6b6435d0,18,7
fedb49d0-bba6-11e8-b2ba-ac1f6b6435d0,5 0,0 19
fedb9b98-bbc3-11e8-b2bc-ac1f6b6435d0,2 0 21,0 21 25
fedf2ecc-bbc6-11e8-b2bc-ac1f6b6435d0,0,0
fedfc8ec-bbc0-11e8-b2bb-ac1f6b6435d0,3,3
fedfdf92-bbae-11e8-b2ba-ac1f6b6435d0,22 0,0 13
fee19c8e-bba3-11e8-b2b9-ac1f6b6435d0,3 0,3
fee2ce34-bbc5-11e8-b2bc-ac1f6b6435d0,21,21
fee4ebfa-bbb7-11e8-b2ba-ac1f6b6435d0,0,0
feeb4828-bba9-11e8-b2ba-ac1f6b6435d0,25 7 0,0 7
fef01a28-bbc3-11e8-b2bc-ac1f6b6435d0,0,0 25
fef0208e-bbac-11e8-b2ba-ac1f6b6435d0,25,25 26
fef0e30a-bbc7-11e8-b2bc-ac1f6b6435d0,25,25
fef4fb24-bbb4-11e8-b2ba-ac1f6b6435d0,25 21,21
fef56028-bbbe-11e8-b2ba-ac1f6b6435d0,19,21
fef66614-bbb2-11e8-b2ba-ac1f6b6435d0,25 0,0 25
fef70f1e-bbb8-11e8-b2ba-ac1f6b6435d0,7 2 0,0 2 7
fef81242-bbb8-11e8-b2ba-ac1f6b6435d0,16 25 0,0 16 17 25
fef96062-bbc1-11e8-b2bb-ac1f6b6435d0,13,21
fef961b4-bbaf-11e8-b2ba-ac1f6b6435d0,0 21,0 21
fef9703e-bb9e-11e8-b2b9-ac1f6b6435d0,21,21
fefa29c4-bb9a-11e8-b2b9-ac1f6b6435d0,25 5,5
fefae2b2-bbbb-11e8-b2ba-ac1f6b6435d0,0 21,0 21
feffc610-bb9d-11e8-b2b9-ac1f6b6435d0,5,5
ff015462-bba2-11e8-b2b9-ac1f6b6435d0,22 0,0 22
ff04f40e-bb9e-11e8-b2b9-ac1f6b6435d0,21,18 25
ff066b6a-bbb5-11e8-b2ba-ac1f6b6435d0,19,18
ff07a62e-bbc9-11e8-b2bc-ac1f6b6435d0,25 11,11 25
ff099d7a-bba7-11e8-b2ba-ac1f6b6435d0,5,0 5 25
ff0a2ba8-bbae-11e8-b2ba-ac1f6b6435d0,25 0,0 25
ff0c262a-bbad-11e8-b2ba-ac1f6b6435d0,25 21,0 21
ff0ca5a6-bba2-11e8-b2b9-ac1f6b6435d0,23 1,1 23
ff0cb6c4-bbc8-11e8-b2bc-ac1f6b6435d0,25 3,3 25
ff0f7b8c-bbb1-11e8-b2ba-ac1f6b6435d0,12,12
ff13ad48-bbc4-11e8-b2bc-ac1f6b6435d0,2 0,0 2
ff15d06a-bba0-11e8-b2b9-ac1f6b6435d0,8,8
ff15e4e6-bbc4-11e8-b2bc-ac1f6b6435d0,3,3
ff161044-bb9f-11e8-b2b9-ac1f6b6435d0,2,2
ff165b16-bbaa-11e8-b2ba-ac1f6b6435d0,2 0,0 2 25
ff1d944c-bbc5-11e8-b2bc-ac1f6b6435d0,0 21,0 21
ff20125c-bbc6-11e8-b2bc-ac1f6b6435d0,25 13 0,0 25
ff23ea8e-bbbd-11e8-b2ba-ac1f6b6435d0,0,0 25
ff23f724-bbb1-11e8-b2ba-ac1f6b6435d0,1,0 1
ff245c80-bb9f-11e8-b2b9-ac1f6b6435d0,5 0,0
ff27fe94-bbb3-11e8-b2ba-ac1f6b6435d0,11 0,0 11 25
ff2943c0-bbbe-11e8-b2ba-ac1f6b6435d0,12 25 0,0 12 25
ff2a8528-bbb4-11e8-b2ba-ac1f6b6435d0,25 18,18 25
ff2d2d6c-bba2-11e8-b2b9-ac1f6b6435d0,25 11 0,25
ff2d8360-bbc1-11e8-b2bb-ac1f6b6435d0,4,4 25
ff2e8908-bbc7-11e8-b2bc-ac1f6b6435d0,25 21,17 21 25
ff326f94-bbb0-11e8-b2ba-ac1f6b6435d0,2,2
ff35ae08-bbb9-11e8-b2ba-ac1f6b6435d0,25 21,21
ff360724-bbb2-11e8-b2ba-ac1f6b6435d0,25 6,25
ff378c38-bbb8-11e8-b2ba-ac1f6b6435d0,0,0
ff3795f0-bbc4-11e8-b2bc-ac1f6b6435d0,25 1 0,1 25
ff3933ce-bbbf-11e8-b2bb-ac1f6b6435d0,3,0 3
ff3a61d4-bb9e-11e8-b2b9-ac1f6b6435d0,25,11 25
ff3e219e-bba7-11e8-b2ba-ac1f6b6435d0,23 2,2 23
ff3fc0e2-bbb3-11e8-b2ba-ac1f6b6435d0,25 0,0 25
ff4043e6-bbae-11e8-b2ba-ac1f6b6435d0,12 4,0 2 12
ff465e6a-bbaa-11e8-b2ba-ac1f6b6435d0,7 0,0 7
ff49340e-bbb0-11e8-b2ba-ac1f6b6435d0,25 7,7 25
ff4e19c4-bbbf-11e8-b2bb-ac1f6b6435d0,23,23
ff4fd566-bbc4-11e8-b2bc-ac1f6b6435d0,25 23,23
ff500aee-bba2-11e8-b2b9-ac1f6b6435d0,15 2 0,0 2
ff509184-bbc6-11e8-b2bc-ac1f6b6435d0,23,0 25
ff50f550-bbaa-11e8-b2ba-ac1f6b6435d0,1 0,0 1
ff512e3c-bba8-11e8-b2ba-ac1f6b6435d0,7,7
ff51f06a-bbad-11e8-b2ba-ac1f6b6435d0,14,14
ff5447e2-bba4-11e8-b2ba-ac1f6b6435d0,0,0
ff5648bc-bbb8-11e8-b2ba-ac1f6b6435d0,25 7 0,0 7 25
ff56d3c0-bba1-11e8-b2b9-ac1f6b6435d0,13 21,0 21 25
ff571e6c-bbaf-11e8-b2ba-ac1f6b6435d0,7,7
ff593c70-bb9a-11e8-b2b9-ac1f6b6435d0,13 4,4 13
ff59f2f0-bb9a-11e8-b2b9-ac1f6b6435d0,0,0 21
ff625c52-bbc6-11e8-b2bc-ac1f6b6435d0,0,0 25
ff640c94-bba0-11e8-b2b9-ac1f6b6435d0,0,0
ff66fdbe-bbaa-11e8-b2ba-ac1f6b6435d0,7,7 20
ff692f96-bb99-11e8-b2b9-ac1f6b6435d0,25 0,25
ff70c14a-bba1-11e8-b2b9-ac1f6b6435d0,25 5,5 25
ff71ef92-bbbb-11e8-b2ba-ac1f6b6435d0,23,23
ff809516-bbba-11e8-b2ba-ac1f6b6435d0,25 2,2 25
ff845e48-bbb1-11e8-b2ba-ac1f6b6435d0,19 0,19
ff84765e-bba6-11e8-b2ba-ac1f6b6435d0,25 0 21,0 21
ff851e82-bbbb-11e8-b2ba-ac1f6b6435d0,0,0
ff882fde-bb9b-11e8-b2b9-ac1f6b6435d0,11 0,0 11
ff8a089a-bbb4-11e8-b2ba-ac1f6b6435d0,11 0,0 11 25
ff8a6ea6-bbba-11e8-b2ba-ac1f6b6435d0,6,0 23
ff8b9096-bb9d-11e8-b2b9-ac1f6b6435d0,0,0 16
ff8dd0d0-bbad-11e8-b2ba-ac1f6b6435d0,19,21
ff8e5cf2-bb9f-11e8-b2b9-ac1f6b6435d0,0,0
ff8ebd3a-bbc4-11e8-b2bc-ac1f6b6435d0,19 0,4
ff917b50-bbac-11e8-b2ba-ac1f6b6435d0,13 0 21,0 21
ff98ee96-bbb4-11e8-b2ba-ac1f6b6435d0,12,0
ff9a7f02-bbbb-11e8-b2ba-ac1f6b6435d0,5,5
ff9aed56-bb9e-11e8-b2b9-ac1f6b6435d0,2,2 4
ff9f759e-bbc4-11e8-b2bc-ac1f6b6435d0,0,0
ffa2ad3a-bba7-11e8-b2ba-ac1f6b6435d0,24,24
ffa65b3c-bba8-11e8-b2ba-ac1f6b6435d0,25 5,0
ffa9f2c2-bbaa-11e8-b2ba-ac1f6b6435d0,0,0 25
ffaa8068-bbad-11e8-b2ba-ac1f6b6435d0,11,11
ffaebd74-bb9c-11e8-b2b9-ac1f6b6435d0,25 5 0,0 5 25
ffb00d58-bba3-11e8-b2b9-ac1f6b6435d0,25 18 0,0 18
ffb49f82-bbab-11e8-b2ba-ac1f6b6435d0,25 2 0,0 2 25
ffb5effa-bbaf-11e8-b2ba-ac1f6b6435d0,0,0
ffb610c6-bbb8-11e8-b2ba-ac1f6b6435d0,11 0,0 11
ffb6fb76-bba9-11e8-b2ba-ac1f6b6435d0,0,0
ffb74ef0-bbae-11e8-b2ba-ac1f6b6435d0,7 0,0 7
ffbebc4e-bb9a-11e8-b2b9-ac1f6b6435d0,4,4
ffc30612-bbbf-11e8-b2bb-ac1f6b6435d0,3 0,0 3
ffc8820a-bbc8-11e8-b2bc-ac1f6b6435d0,25 7,7 25
ffcebbc8-bbc5-11e8-b2bc-ac1f6b6435d0,19 2 0,0 2
ffced1a2-bbad-11e8-b2ba-ac1f6b6435d0,25 7,0 17 18 25
ffcf84d6-bbac-11e8-b2ba-ac1f6b6435d0,0,0 25
ffd23be4-bba3-11e8-b2b9-ac1f6b6435d0,5,5
ffd298f4-bbc7-11e8-b2bc-ac1f6b6435d0,25 0,0 4
ffd2b880-bba8-11e8-b2ba-ac1f6b6435d0,25 3 0,0 3 25
ffd45d0c-bbad-11e8-b2ba-ac1f6b6435d0,25,0 25
ffd96262-bbc0-11e8-b2bb-ac1f6b6435d0,4,0 26
ffdb9014-bba2-11e8-b2b9-ac1f6b6435d0,0,0
ffdbe064-bbbb-11e8-b2ba-ac1f6b6435d0,23,23
ffdcc5e4-bbaa-11e8-b2ba-ac1f6b6435d0,0,2
ffe454e6-bb99-11e8-b2b9-ac1f6b6435d0,16 14,14 16
ffe55eba-bbba-11e8-b2ba-ac1f6b6435d0,5 0,5 25
ffe61798-bbc3-11e8-b2bc-ac1f6b6435d0,19 23,19 23
ffe8cf0c-bba9-11e8-b2ba-ac1f6b6435d0,18,18
ffeae6f0-bbc9-11e8-b2bc-ac1f6b6435d0,25 0,0
ffed4430-bbac-11e8-b2ba-ac1f6b6435d0,21,21
fff0a998-bbae-11e8-b2ba-ac1f6b6435d0,5,5
fff189d8-bbab-11e8-b2ba-ac1f6b6435d0,7,7
fffdf7e0-bbc4-11e8-b2bc-ac1f6b6435d0,25 2 21,2 21 25
fffe0ffe-bbc0-11e8-b2bb-ac1f6b6435d0,2 0,0 2
